tree
version=v4
num_class=1
num_tree_per_iteration=1
label_index=0
max_feature_idx=20
objective=binary sigmoid:1
feature_names=Column_0 Column_1 Column_2 Column_3 Column_4 Column_5 Column_6 Column_7 Column_8 Column_9 Column_10 Column_11 Column_12 Column_13 Column_14 Column_15 Column_16 Column_17 Column_18 Column_19 Column_20
feature_infos=[8.7827390153365457:99.999999973097616] [-8.0059319553465684:2.2718436305895011] [-0.51920782461150128:1.0249486662878882] [0.00050270446786610001:0.0081202155554500992] [0:1] [0:1] [-0.0023958425310257:0.0002322136779936] [-0.0031884514448607998:0.00062269268560870001] [-0.0038274115028317001:0.0014131952102287] [5.5145610009697474e-05:0.00052543797112619998] [-0.0030409091742604:8.3370699546742863e-05] [-1:1] [3.3954347854155549e-05:0.0031150382722874002] [-0.0030409091742604:8.3370699546742863e-05] [-0.0032591841597793001:0.0002162674210785] [-0.0034309728299774002:0.00034326769745440003] [-0.0046443102355551002:0.00065570471899849996] [0:1] [0:1] [0:1] [-1:1]
tree_sizes=1632 1508 1218 1432 1743 1533 1006 789 1220 1632 1003 693 999 897 688 1308 1737 793 1430 786 789 689 1106 1322 1227 1013 1008 884 790 783 1222 893 787 901 891 684 691 1429 1317 997 789 1005 890 1115 1012 1118 1228 799 1765 792 1088 1006 1002 884 785 805 803 1199 1762 787 1097 1533 1009 690 1218 782 802 1099 906 899 893 892 685 796 691 1110 904 1002 1629 1660

Tree=0
num_leaves=14
num_cat=0
split_feature=16 16 20 14 2 6 16 16 0 7 16 9 0
split_gain=29.5205 21.9477 18.361 20.0169 19.3095 17.1154 14.5645 12.7608 15.4157 10.2985 7.89475 5.65392 7.98006
threshold=-0.00051887496139184982 -0.00067673435485984996 1.0000000180025095e-35 0.00016085224488465003 0.7492735391042572 0.00019201988163375003 -0.00011629755526244998 -0.0029599570860859496 15.396957562924884 0.00057832712800570012 -0.00030763079034979996 0.00013779804191230003 39.773205258736255
decision_type=2 2 2 2 2 2 2 2 2 2 2 2 2
left_child=1 7 3 4 -2 10 -5 -1 -9 -7 -4 -3 -13
right_child=2 11 5 6 -6 9 -8 8 -10 -11 -12 12 -14
leaf_value=0.13072698112794962 0.014014263177927823 0.2000000174552799 -0.088086659295881456 -0.085723198475832166 0.20000001745527998 0.065224889990828358 -0.022874541197172086 -0.1049207485856658 0.022569285050877155 0.00072347195337417783 -0.0048370337463331447 0.16533613254285168 0.007781302058312939
leaf_weight=10.177996143698691 39.173038959503174 7.4626639038324383 13.052751198410986 41.127255171537399 6.5099834054708472 68.008016228675842 356.41949877142906 10.0198587924242 177.49298945069313 38.919119372963905 89.49346812069416 6.7799738198518735 6.1133545637130737
leaf_count=56 163 47 39 124 41 323 1332 28 756 156 353 40 25
internal_value=1.92008e-08 0.0318565 -0.0106422 -0.0221725 0.0405179 0.013755 -0.0293764 0.021676 0.0157568 0.0417478 -0.0154336 0.130727 0.0906317
internal_weight=870.75 218.047 652.703 443.23 45.683 209.473 397.547 197.691 187.513 106.927 102.546 20.356 12.8933
internal_count=3483 952 2531 1660 204 871 1456 840 784 479 392 112 65
is_linear=0
shrinkage=1


Tree=1
num_leaves=13
num_cat=0
split_feature=16 0 20 3 9 0 1 3 2 0 3 14
split_gain=24.757 33.9855 23.9241 23.0217 21.1816 16.0154 15.3681 12.1174 20.1475 9.91562 7.5384 0.0139018
threshold=0.00047362204927925005 74.254367956098477 1.0000000180025095e-35 0.0016556019387495003 8.5392464482696485e-05 54.888432907106385 2.2356898092689339 0.004527848188896501 0.70514973787377178 89.635576332024286 0.0021927267003140506 0.00016796360414545003
decision_type=2 2 2 2 2 2 2 2 2 2 2 2
left_child=1 4 7 6 -1 -6 -4 8 -2 11 -5 -3
right_child=2 9 3 10 5 -7 -8 -9 -10 -11 -12 -13
leaf_value=-0.11075385582867724 0.020859138317188261 0.19468439508285137 0.042872667692569616 -0.10610754358099522 0.0099012378449267035 0.083845864580906093 -0.10212126632443518 -0.12963167573367618 -0.041112540648930773 0.043260604232871216 0.0082650356405098192 0.20149922948757412
leaf_weight=13.591826066374777 67.38091704249382 4.7490800023078945 120.81261473894119 17.641338482499126 334.56615707278252 32.100764766335487 7.780866026878356 12.051033735275267 236.92050386965275 5.9986838400363913 8.5586463212966901 8.0969341397285444
leaf_count=37 284 30 548 49 1380 159 22 30 831 27 35 51
internal_value=1.2947e-06 0.0183271 -0.0155223 0.0166921 0.0118309 0.0163749 0.0340995 -0.031285 -0.0273903 0.149411 -0.0687459 0.19898
internal_weight=870.249 399.103 471.146 154.793 380.259 366.667 128.593 316.352 304.301 18.8447 26.2 12.846
internal_count=3483 1684 1799 654 1576 1539 570 1145 1115 108 84 81
is_linear=0
shrinkage=0.1


Tree=2
num_leaves=10
num_cat=0
split_feature=16 9 8 16 14 9 12 9 12
split_gain=22.322 17.966 17.3036 13.3909 14.2507 10.8836 10.005 8.89647 8.31091
threshold=-0.00051887496139184982 0.00013779804191230003 -0.0014402840732450999 -0.00046292693321344994 0.00016085224488465003 0.00019798785440360004 6.261791471834557e-05 0.00015117873703225003 6.2359204040204522e-05
decision_type=2 2 2 2 2 2 2 2 2
left_child=1 -1 5 -4 -5 -2 8 -8 -3
right_child=2 6 3 4 -6 -7 7 -9 -10
leaf_value=0.18106643489350074 -0.030908637684654912 0.013220635508295969 -0.10772921704353622 0.043355258994054381 -0.008784512926906192 -0.16201193427163238 0.194334179423445 0.045145871467194898 -0.097043605098322938
leaf_weight=7.3810648918151847 14.080856040120127 138.28621502220631 12.669423907995222 57.881334394216537 555.59962740540504 11.506438747048376 4.2791130840778342 60.655962988734245 7.1911044269800177
leaf_count=47 51 580 34 263 2159 24 27 277 21
internal_value=1.50522e-06 0.027718 -0.0092606 -0.00596674 -0.00386518 -0.0898649 0.0223386 0.0549771 0.00777015
internal_weight=869.531 217.793 651.738 626.15 613.481 25.5873 210.412 64.9351 145.477
internal_count=3483 952 2531 2456 2422 75 905 304 601
is_linear=0
shrinkage=0.1


Tree=3
num_leaves=12
num_cat=0
split_feature=16 1 16 16 3 16 15 10 7 10 14
split_gain=18.29 21.0712 13.0935 12.7423 13.3117 11.9166 11.5378 7.58138 7.4435 2.15742 1.73781
threshold=-0.00051105196503984989 -2.8144533716772453 -0.00067673435485984996 -0.00046292693321344994 0.0023275849216611005 -0.00080163089678744997 -0.0018072588938873996 5.9669653345586529e-05 -0.0004996820015328499 5.4468341380902443e-05 0.00017821459254040002
decision_type=2 2 2 2 2 2 2 2 2 2 2
left_child=2 10 5 -3 -5 6 -1 9 -7 -4 -2
right_child=1 3 7 4 -6 8 -8 -9 -10 -11 -12
leaf_value=-0.024801910361290286 -0.075119681302685884 -0.11854555055489309 0.0990520797988583 -0.0074783239925700525 0.047685077425426367 -0.081726924350021199 0.041243441292127633 0.032095809312840638 0.011187319558614996 0.18145978135335786 -0.13034471862082475
leaf_weight=33.229089647531509 11.323081508278849 9.7339038550853711 5.5219690650701541 567.99993689358234 47.395408689975739 17.8719572275877 129.66748584806919 10.458545744419096 16.659031137824059 7.4804964363574982 11.470324516296385
leaf_count=126 34 24 30 2217 215 56 588 48 70 48 27
internal_value=2.71428e-06 -0.00846895 0.0248523 -0.00502543 -0.00322985 0.0164594 0.0277709 0.0954796 -0.0369016 0.146462 -0.102911
internal_weight=868.811 647.923 220.889 625.129 615.395 197.428 162.897 23.461 34.531 13.0025 22.7934
internal_count=3483 2517 966 2456 2432 840 714 126 126 78 61
is_linear=0
shrinkage=0.1


Tree=4
num_leaves=15
num_cat=0
split_feature=16 0 20 3 4 3 10 3 3 8 10 0 12 14
split_gain=16.1518 28.746 19.1844 19.3167 15.2818 16.9606 15.3478 13.6307 10.3117 11.8085 10.5919 8.13257 7.93572 0.0212604
threshold=0.00047362204927925005 74.254367956098477 1.0000000180025095e-35 0.0016556019387495003 1.0000000180025095e-35 0.00090905864637820012 5.2612299541852419e-05 0.0014644121383168001 0.0014001936615949501 -0.0014402840732450999 6.4992311239781022e-05 89.635576332024286 5.9111563489494781e-05 0.00016796360414545003
decision_type=2 2 2 2 2 2 2 2 2 2 2 2 2 2
left_child=1 4 8 7 5 -1 -6 -4 10 -10 -2 13 -5 -3
right_child=2 11 3 12 6 -7 -8 -9 9 -11 -12 -13 -14 -15
leaf_value=0.12098026358507348 -0.058705574732536549 0.17584780735343858 0.021201103124457239 -0.10721790113570023 0.057194195499270496 0.012521013185992611 -0.063469011629132419 0.12817963199254601 -0.11600293574580962 -0.0051484655903104477 0.026218860449354061 0.03990296789359838 0.0051761950724575206 0.18433802728803789
leaf_weight=15.139793768525122 115.68002118170261 4.6585959345102337 115.20094771683216 15.63190132379532 13.525896683335302 302.45397551357746 47.773678183555603 13.283712834119795 10.174151271581648 173.0496042817831 16.821816205978394 5.9946056306362143 10.502797037363051 8.0388540476560575
leaf_count=82 376 30 497 42 64 1274 156 73 25 673 71 27 42 51
internal_value=3.02199e-06 0.0148405 -0.0125392 0.0163203 0.0088682 0.0176913 -0.0368444 0.0322613 -0.0266725 -0.0113041 -0.047924 0.135901 -0.0620499 0.181223
internal_weight=867.93 397.585 470.345 154.619 378.893 317.594 61.2996 128.485 315.726 183.224 132.502 18.6921 26.1347 12.6974
internal_count=3483 1684 1799 654 1576 1356 220 570 1145 698 447 108 84 81
is_linear=0
shrinkage=0.1


Tree=5
num_leaves=13
num_cat=0
split_feature=12 20 6 14 7 9 7 6 2 2 14 0
split_gain=14.0723 9.13228 15.2098 19.2544 12.0711 11.6606 20.4583 9.45565 7.73998 5.75644 7.74255 5.09587
threshold=7.3263449524109281e-05 1.0000000180025095e-35 0.00019533619996270002 0.00017357037269610004 0.00039347666835850003 5.9610985840938059e-05 0.00057983326401180003 0.00021911922104155004 0.28072598001736598 0.15099716837663008 -0.0010108847104482999 65.014014924887476
decision_type=2 2 2 2 2 2 2 2 2 2 2 2
left_child=1 2 4 -4 -1 6 -3 -7 9 10 -2 -10
right_child=8 5 3 -5 -6 7 -8 -9 11 -11 -12 -13
leaf_value=-0.0018233531776431335 0.023062298021380101 0.099781840096314356 -0.0923937269697961 -0.015398454702317634 0.11845670888257409 -0.00033692558348357056 -0.096543582176580156 0.10793436408747972 0.19073189461880569 -0.045845663353187641 0.14871476549162096 0.05452835325151234
leaf_weight=392.73479235172272 21.24711374938488 30.121949747204781 43.405491530895233 129.02192614972591 8.5248623192310315 201.55875663459301 6.4431902468204489 8.4023745208978635 5.8479429334402067 7.6730080544948569 6.3753547519445446 5.1800707876682281
leaf_count=1572 94 158 123 480 46 819 19 45 37 27 38 25
internal_value=3.87925e-06 -0.00302462 -0.00994166 -0.0347806 0.000732027 0.0130719 0.0651871 0.00399595 0.0536271 0.0307785 0.0520633 0.126754
internal_weight=866.537 820.213 573.687 172.427 401.26 246.526 36.5651 209.961 46.3235 35.2955 27.6225 11.028
internal_count=3483 3262 2221 603 1618 1041 177 864 221 159 132 62
is_linear=0
shrinkage=0.1


Tree=6
num_leaves=8
num_cat=0
split_feature=1 10 6 20 8 6 8
split_gain=14.7376 12.9815 13.9877 9.52437 16.7218 12.5895 7.42872
threshold=2.2356898092689339 5.1890940538794897e-05 0.00020148929493385003 1.0000000180025095e-35 -0.0019555155981257496 0.00019201988163375003 -0.0019555155981257496
decision_type=2 2 2 2 2 2 2
left_child=1 2 6 4 -3 -5 -1
right_child=-2 3 -4 5 -6 -7 -8
leaf_value=-0.014879512188061184 -0.11999997678041469 0.068150194373527095 -0.089400640294307832 -0.005629154096414196 -0.013931770967252592 0.042202995984621461 0.064133603454828936
leaf_weight=14.492899566888807 10.113974779844282 26.07658189535141 7.9011904597282401 130.90021920204163 514.68201765418053 94.932452887296677 66.487768724560738
leaf_count=57 26 127 23 521 1961 442 326
internal_value=5.39894e-06 0.00142418 0.0376014 -0.00277036 -0.0099736 0.0144779 0.0499928
internal_weight=865.587 855.473 88.8819 766.591 540.759 225.833 80.9807
internal_count=3483 3457 406 3051 2088 963 383
is_linear=0
shrinkage=0.1


Tree=7
num_leaves=6
num_cat=0
split_feature=16 0 14 16 1
split_gain=12.3003 12.1346 13.0903 22.816 11.5321
threshold=-0.0029599570860859496 15.396957562924884 -0.0012811224869555499 -0.0015387980458394497 2.2287891598457468
decision_type=2 2 2 2 2
left_child=-1 -2 3 -3 -4
right_child=1 2 4 -5 -6
leaf_value=0.11001358167886799 -0.10766301804153953 -0.0058539859186881186 -0.00084103251139548696 0.16777392483607811 -0.092982258135017704
leaf_weight=10.046090900897978 10.590606987476347 19.030309572815899 798.58205355703831 12.565748900175093 13.818124443292616
leaf_count=56 29 77 3205 77 39
internal_value=6.15023e-06 -0.00128704 4.77822e-05 0.0631978 -0.00240826
internal_weight=864.633 854.587 843.996 31.5961 812.4
internal_count=3483 3427 3398 154 3244
is_linear=0
shrinkage=0.1


Tree=8
num_leaves=10
num_cat=0
split_feature=16 1 9 3 16 9 16 9 14
split_gain=10.937 15.8439 14.1562 10.0788 10.0221 9.10018 18.5725 14.6595 1.74593
threshold=-0.00051887496139184982 -2.8144533716772453 0.00013779804191230003 0.00072666725618965018 -0.00020719874332169997 0.00022960777823185003 -0.0017196812659505997 0.00023962733325155004 0.00017810446270325004
decision_type=2 2 2 2 2 2 2 2 2
left_child=2 8 -1 -3 -5 6 -4 -7 -2
right_child=1 3 5 4 -6 7 -8 -9 -10
leaf_value=0.15975710126597437 -0.059892168803237555 0.10858460660198087 -0.12916010874318196 -0.044065026125136325 -0.00082188930734520811 0.19188325687612451 0.010529878814192775 0.030237225125701036 -0.11588415880677605
leaf_weight=6.963191255927085 10.617758944630625 7.9161544740200034 10.262069404125212 59.284095913171768 558.47123338282108 6.1740958243608466 131.24913883209229 61.444793343544006 11.711775794625281
leaf_count=47 33 42 27 203 2225 39 562 277 28
internal_value=7.77495e-06 -0.00648905 0.0194899 -0.00353506 -0.0049718 0.0148195 0.00039988 0.0449967 -0.0892598
internal_weight=864.094 648.001 216.093 625.671 617.755 209.13 141.511 67.6189 22.3295
internal_count=3483 2531 952 2470 2428 905 589 316 61
is_linear=0
shrinkage=0.1


Tree=9
num_leaves=14
num_cat=0
split_feature=16 0 9 0 20 3 3 3 3 0 6 3 14
split_gain=10.3832 24.1566 16.2834 13.7032 10.5154 15.0099 12.2426 9.16697 10.059 9.36808 7.67243 5.93892 0.0435092
threshold=0.00047362204927925005 74.254367956098477 8.5392464482696485e-05 54.888432907106385 1.0000000180025095e-35 0.0016556019387495003 0.0014644121383168001 0.0014001936615949501 0.0043144827382392507 58.293643619198455 0.00018212031550110002 0.0021927267003140506 0.00016643552478655003
decision_type=2 2 2 2 2 2 2 2 2 2 2 2 2
left_child=1 2 -1 -4 7 6 -6 9 -9 -2 12 -7 -3
right_child=4 10 3 -5 5 11 -8 8 -10 -11 -12 -13 -14
leaf_value=-0.10124629666335948 0.01903726394153309 0.16386039861198975 0.0044790374119435808 0.073091480918652182 0.014998219453416638 -0.091189351740608715 0.11699235362627976 0.00053776434729047398 -0.090016318357809655 -0.052550055750437002 0.035511842533857509 0.010517616402242164 0.17624140796741217
leaf_weight=13.523908287286757 21.926749601960182 4.6493730992078799 331.33224073052406 31.911707937717438 114.54650999605656 17.50036391615868 13.116060256958006 169.10279929637909 13.226449295878409 109.9152352809906 6.3709186762571326 8.5443308651447278 7.2869211435317993
leaf_count=37 90 31 1380 159 497 49 73 662 36 357 30 35 47
internal_value=9.07658e-06 0.0119462 0.00649545 0.0105068 -0.0100705 0.0113625 0.0254771 -0.0205566 -0.00603117 -0.0406443 0.124123 -0.0578229 0.171419
internal_weight=862.954 395.075 376.768 363.244 467.878 153.707 127.663 314.171 182.329 131.842 18.3072 26.0447 11.9363
internal_count=3483 1684 1576 1539 1799 654 570 1145 698 447 108 84 78
is_linear=0
shrinkage=0.1


Tree=10
num_leaves=8
num_cat=0
split_feature=1 13 16 16 0 6 8
split_gain=11.0503 9.52684 11.0619 8.39337 11.6775 8.56114 6.72311
threshold=2.2356898092689339 5.1890940538794897e-05 0.00059704983131155019 -0.0022153420896608993 15.396957562924884 0.00021911922104155004 -0.0019555155981257496
decision_type=2 2 2 2 2 2 2
left_child=1 2 6 4 -3 -5 -1
right_child=-2 3 -4 5 -6 -7 -8
leaf_value=-0.015786196487302149 -0.10460106779047228 -0.045804550825667742 -0.060433228448768764 -0.0054300499892481089 0.11378940597056708 0.082844991359687328 0.060127498604165379
leaf_weight=14.347383990883825 9.9806183278560621 6.8787894695997265 11.202288225293158 731.31451247632504 13.747839793562887 11.153969213366507 62.427916690707207
leaf_count=57 26 25 36 2891 77 58 313
internal_value=9.78436e-06 0.00123657 0.0323964 -0.00235586 0.0605663 -0.00410391 0.0459411
internal_weight=861.053 851.073 87.9776 763.095 20.6266 742.468 76.7753
internal_count=3483 3457 406 3051 102 2949 370
is_linear=0
shrinkage=0.1


Tree=11
num_leaves=5
num_cat=0
split_feature=16 9 8 15
split_gain=9.10647 7.52466 11.8099 7.47186
threshold=-0.0029599570860859496 0.00031895485620625003 -0.0023820257830141993 0.00032425727654480002
decision_type=2 2 2 2
left_child=-1 2 -2 -4
right_child=1 -3 3 -5
leaf_value=0.095974003949068368 0.14284122041977063 -0.075795587514574117 -0.0019574265618333446 0.083793207146786397
leaf_weight=9.7763509154319745 5.7557486444711676 13.273199900984762 821.04621189832687 10.288752213120459
leaf_count=56 34 41 3300 52
internal_value=1.08978e-05 -0.00109236 9.21621e-05 -0.000896161
internal_weight=860.14 850.364 837.091 831.335
internal_count=3483 3427 3386 3352
is_linear=0
shrinkage=0.1


Tree=12
num_leaves=8
num_cat=0
split_feature=1 13 15 9 0 8 3
split_gain=9.12776 7.66628 10.4464 7.12294 12.9479 7.89542 6.52258
threshold=2.2356898092689339 5.1890940538794897e-05 0.00029708262816585006 5.7855341582220084e-05 99.999999969755891 0.00049782042506995021 0.0011667126716127503
decision_type=2 2 2 2 2 2 2
left_child=1 2 6 4 -3 -5 -1
right_child=-2 3 -4 5 -6 -7 -8
leaf_value=0.1230231469121028 -0.095728466371680601 0.033329257455898528 -0.059902233203008304 -0.006212618269013986 -0.11007735769623091 0.017774715131314952 0.031910096046403824
leaf_weight=8.8991454094648343 9.8440844863653165 10.431979551911356 11.444466724991797 553.72992847859859 15.879807874560354 182.42401474714279 67.09468549489975
leaf_count=53 26 45 38 2186 42 778 315
internal_value=1.16262e-05 0.00112054 0.0291663 -0.00209569 -0.0532201 -0.000268392 0.0425798
internal_weight=859.748 849.904 87.4383 762.466 26.3118 736.154 75.9938
internal_count=3483 3457 406 3051 87 2964 368
is_linear=0
shrinkage=0.1


Tree=13
num_leaves=7
num_cat=0
split_feature=1 7 3 16 16 2
split_gain=7.83427 9.48719 11.3241 7.65501 18.0618 7.25225
threshold=2.2287891598457468 0.00058997699154065013 0.0014314195892699002 0.00047362204927925005 0.00031981608815015005 0.96159677926666765
decision_type=2 2 2 2 2 2
left_child=1 3 -3 4 -1 -5
right_child=-2 2 -4 5 -6 -7
leaf_value=0.0055247960679576024 -0.075722086477228001 -0.00033112405635956211 0.18320333442926273 -0.0070333392655767997 0.11269257518323511 -0.084971785909570524
leaf_weight=376.69038678705692 13.445697382092474 7.29210117459297 6.2372717410326004 426.57210768759251 16.411684297025204 12.28280548751354
leaf_count=1586 39 30 40 1655 98 35
internal_value=1.0283e-05 0.00121465 0.0842814 -0.000136192 0.00999896 -0.0092147
internal_weight=858.932 845.486 13.5294 831.957 393.102 438.855
internal_count=3483 3444 70 3374 1684 1690
is_linear=0
shrinkage=0.1


Tree=14
num_leaves=5
num_cat=0
split_feature=16 3 15 1
split_gain=7.35106 6.99526 6.16343 8.33645
threshold=-0.0029599570860859496 0.00072666725618965018 0.00032425727654480002 2.2356898092689339
decision_type=2 2 2 2
left_child=-1 -2 3 -3
right_child=1 2 -4 -5
leaf_value=0.087252112672553714 0.093245763374468493 -0.0017432325308567817 0.075347282591300885 -0.09822345955577183
leaf_weight=9.5511392652988416 7.8079920560121527 821.26870553940535 10.217827156186102 9.0545412898063642
leaf_count=56 42 3310 52 23
internal_value=1.19758e-05 -0.000970217 -0.00184541 -0.00279533
internal_weight=857.9 848.349 840.541 830.323
internal_count=3483 3427 3385 3333
is_linear=0
shrinkage=0.1


Tree=15
num_leaves=11
num_cat=0
split_feature=0 9 1 0 0 16 9 0 8 16
split_gain=6.9179 16.7809 9.96839 13.2075 12.883 20.4874 17.5293 9.86793 14.2011 6.13997
threshold=24.017977664542979 0.00023962733325155004 -3.0804948514805797 25.737953741956819 26.953640729076422 -0.0014218092072651497 0.00021960701219965004 14.922138654356987 -0.0020602561166463496 -0.00073638712886599992
decision_type=2 2 2 2 2 2 2 2 2 2
left_child=1 -1 3 -2 6 -6 -4 -3 -9 -5
right_child=2 7 4 9 5 -7 -8 8 -10 -11
leaf_value=0.18350297336402735 -0.14240558035354495 -0.067413205928287936 0.16596790310581974 0.053209270618647435 -0.14154866088577697 -0.0010067403547061142 -0.0032645273311350427 0.11585645587720686 0.0037063831072316842 -0.06348853643433218
leaf_weight=6.3848369270563117 11.699244603514673 12.258895546197889 10.800975888967516 8.8887721449136752 10.525644615292547 711.89186246693134 14.124936416745184 14.892947956919668 46.679977715015411 9.1493567526340467
leaf_count=41 27 42 66 43 26 2871 57 87 195 28
internal_value=1.12612e-05 0.0279703 -0.0028749 -0.059654 -0.000615617 -0.00305444 0.0700678 0.0145201 0.0308327 -0.00598256
internal_weight=857.297 80.2167 777.081 29.7374 747.343 722.418 24.9259 73.8318 61.5729 18.0381
internal_count=3483 365 3118 98 3020 2897 123 324 282 71
is_linear=0
shrinkage=0.1


Tree=16
num_leaves=15
num_cat=0
split_feature=16 16 16 0 9 0 16 0 7 15 0 3 15 2
split_gain=6.33637 12.8339 14.4948 23.0309 13.5638 16.952 10.9553 9.94757 15.9094 10.2663 7.54787 6.82349 5.4359 0.68163
threshold=-0.00051105196503984989 -0.00020719874332169997 -1.8763189191299261e-05 55.02397168885539 0.0001319912903352 47.674470347944755 -0.00067673435485984996 36.465509591842427 -0.0004996820015328499 -0.0018072588938873996 40.671462278376104 0.0043144827382392507 0.00028619869469645004 0.26636680843910637
decision_type=2 2 2 2 2 2 2 2 2 2 2 2 2 2
left_child=6 4 3 -3 5 -2 7 9 -9 -1 13 -4 -12 -8
right_child=1 2 11 -5 -6 -7 10 8 -10 -11 12 -13 -14 -15
leaf_value=-0.033434890078905148 0.055744704361115838 0.014727779042412693 -0.0031922451749010977 0.18136308950338478 -0.11928586219749027 -0.071816135981062609 0.17230543927517364 -0.10994894345253103 0.035188002737208797 0.029329422422601725 -0.017165595720536744 -0.07259788974057621 0.11857289318976937 0.11915019263221616
leaf_weight=32.508329808712006 18.204413712024689 36.276833340525627 516.32183333486319 10.752707809209822 18.777882903814316 24.357134222984314 5.1459114253520983 16.943847686052326 13.62662500143051 131.39836257696152 8.3762327730655652 14.564574584364889 4.5544902533292762 4.541552945971489
leaf_count=126 83 152 2049 69 46 76 34 48 62 604 37 42 28 27
internal_value=1.39889e-05 -0.00499884 -0.000382688 0.0528268 -0.0484904 -0.0172558 0.0147747 0.00711375 -0.0452549 0.0168811 0.0806453 -0.00509635 0.0306445 0.147386
internal_weight=856.351 639.255 577.916 47.0295 61.3394 42.5615 217.095 194.477 30.5705 163.907 22.6182 530.886 12.9307 9.68746
internal_count=3483 2517 2312 221 205 159 966 840 110 730 126 2091 65 61
is_linear=0
shrinkage=0.1


Tree=17
num_leaves=6
num_cat=0
split_feature=16 0 8 9 15
split_gain=5.93075 8.37875 9.16564 12.2805 7.10967
threshold=-0.0029599570860859496 15.396957562924884 -0.0020602561166463496 0.00022623883102125002 -0.0018720656913958497
decision_type=2 2 2 2 2
left_child=-1 -2 3 -3 -4
right_child=1 2 4 -5 -6
leaf_value=0.079651056318366539 -0.090006267516712313 -0.02245434291304918 -0.063140353510450095 0.14798432978948281 0.00014430492948003601
leaf_weight=9.2506734281778318 10.412311673164366 7.5777965337038067 18.155222728848457 9.5617574453353864 799.72474482655525
leaf_count=56 29 30 61 60 3247
internal_value=1.58719e-05 -0.000855492 0.000256177 0.0726294 -0.00126048
internal_weight=854.683 845.432 835.02 17.1396 817.88
internal_count=3483 3427 3398 90 3308
is_linear=0
shrinkage=0.1


Tree=18
num_leaves=12
num_cat=0
split_feature=14 15 14 15 9 3 14 2 8 10 3
split_gain=5.90103 21.7694 7.21482 6.28694 12.2409 16.4225 10.902 6.95533 6.76452 5.03217 4.22546
threshold=-0.0012811224869555499 -0.0018720656913958497 -0.0022286213427812492 -0.00055153534499494995 0.00022459820895465 0.0035372418459854505 -0.00051202876235989991 0.39468071871895333 -0.00081195717949669982 5.702936820489609e-05 0.0022107099356696506
decision_type=2 2 2 2 2 2 2 2 2 2 2
left_child=1 2 -1 4 8 -6 -5 -8 -2 10 -3
right_child=3 9 -4 6 5 -7 7 -9 -10 -11 -12
leaf_value=0.01831648446670953 -0.067973413820935344 0.12328363893293336 -0.10916772126986446 0.10248980181654768 0.1791126493294318 -0.011876723403272671 0.021391904593343079 -0.0045536349295371963 -0.011461715005128305 0.16948016600187327 -0.00080037620893408943
leaf_weight=9.5303389430046099 45.383252874016762 6.0739978849887866 8.3102404922246915 10.562103882431982 6.2520066350698498 16.08577036857605 126.0716158747673 572.57435055822134 39.720280699431896 8.5064850151538831 5.0063543915748596
leaf_count=43 151 38 24 58 41 69 557 2266 158 56 22
internal_value=1.71247e-05 0.0388445 -0.0410664 -0.00176235 -0.0243049 0.0415783 0.00165272 0.000128273 -0.0415978 0.111631 0.0672197
internal_weight=854.077 37.4274 17.8406 816.649 107.441 22.3378 709.208 698.646 85.1035 19.5868 11.0804
internal_count=3483 183 67 3300 419 110 2881 2823 309 116 60
is_linear=0
shrinkage=0.1


Tree=19
num_leaves=6
num_cat=0
split_feature=2 9 9 6 1
split_gain=5.52017 5.4886 7.01246 5.50325 5.49977
threshold=0.96159677926666765 5.7855341582220084e-05 5.8309058744903378e-05 0.00019965879823640004 2.2287891598457468
decision_type=2 2 2 2 2
left_child=1 3 -3 -1 -4
right_child=-2 2 4 -5 -6
leaf_value=0.0014063865304529148 -0.065305557944750403 0.081279214123331445 0.0024968165061075762 -0.086431819381756592 -0.063025375000994519
leaf_weight=14.40241961181164 12.741459980607031 11.151895195245741 787.6367075741291 14.130864202976225 13.022359445691107
leaf_count=57 39 55 3253 40 39
internal_value=2.23582e-05 0.00101287 0.00252801 -0.0420947 0.00143113
internal_weight=853.086 840.344 811.811 28.5333 800.659
internal_count=3483 3444 3347 97 3292
is_linear=0
shrinkage=0.1


Tree=20
num_leaves=6
num_cat=0
split_feature=3 2 10 3 12
split_gain=5.38413 5.52852 5.19434 9.28343 5.9466
threshold=0.00072666725618965018 0.96159677926666765 5.2323293168033917e-05 0.0011392607984432501 5.7114759239958246e-05
decision_type=2 2 2 2 2
left_child=-1 2 3 -2 -4
right_child=1 -3 4 -5 -6
leaf_value=0.083433977681664551 0.12001270968573213 -0.067639833938922186 -0.01512454127434815 0.012244373322336168 0.00383849447839835
leaf_weight=7.6682254001498213 8.8033453673124296 12.174221724271773 250.50407673418522 86.86866407841444 486.58414420485497
leaf_count=42 53 36 964 391 1997
internal_value=1.81623e-05 -0.00073888 0.000239153 0.0221608 -0.00260621
internal_weight=852.603 844.934 832.76 95.672 737.088
internal_count=3483 3441 3405 444 2961
is_linear=0
shrinkage=0.1


Tree=21
num_leaves=5
num_cat=0
split_feature=16 0 9 16
split_gain=4.86102 6.88304 7.39332 6.09866
threshold=-0.0029599570860859496 15.396957562924884 0.00029834690268895002 -0.0018340577109763497
decision_type=2 2 2 2
left_child=-1 -2 3 -3
right_child=1 2 -4 -5
leaf_value=0.07313694943393162 -0.082062170218970582 0.045099186792199299 0.095395063179210871 -0.002306568567956782
leaf_weight=8.9960763454437238 10.28660900890827 28.094858437776566 8.0863559842109662 796.51544028520584
leaf_count=56 29 140 45 3213
internal_value=1.76534e-05 -0.000762655 0.000241668 -0.000691432
internal_weight=851.979 842.983 832.697 824.61
internal_count=3483 3427 3398 3353
is_linear=0
shrinkage=0.1


Tree=22
num_leaves=9
num_cat=0
split_feature=15 16 3 20 15 8 6 0
split_gain=4.86988 4.69674 7.61828 10.6139 7.30165 6.76006 13.9337 10.6612
threshold=0.00032425727654480002 0.0006206538784539001 0.0014644121383168001 1.0000000180025095e-35 0.00031255029259800006 0.0012496468847863001 0.00021368131419150001 99.999999971137001
decision_type=2 2 2 2 2 2 2 2
left_child=1 5 4 -4 -3 6 -1 -7
right_child=-2 2 3 -5 -6 7 -8 -9
leaf_value=0.00012752886560890732 0.068909053644462911 -0.12053249454033046 -0.057874890814160279 0.1021638588032904 -0.0067927264706213117 0.009037121598166371 0.08289490267013172 -0.13546876534872693
leaf_weight=759.95008987933397 10.138627141714094 13.13262063264847 8.83943158388138 7.8014390617609015 9.8981170356273633 11.409582003951074 20.899222239851952 9.2401233464479429
leaf_count=3111 52 35 28 43 39 48 106 21
internal_value=1.72214e-05 -0.000813132 -0.0343999 0.0171532 -0.0716496 0.000849304 0.00234278 -0.0556249
internal_weight=851.309 841.171 39.6716 16.6409 23.0307 801.499 780.849 20.6497
internal_count=3483 3431 145 71 74 3286 3217 69
is_linear=0
shrinkage=0.1


Tree=23
num_leaves=11
num_cat=0
split_feature=20 16 6 7 2 9 7 16 6 12
split_gain=4.62916 10.1177 14.5187 13.9459 9.2061 10.7043 13.8627 8.61096 7.11217 1.29209
threshold=1.0000000180025095e-35 0.00062391133605750008 0.00021328093232505003 0.0005523905501617002 0.052254736407313103 6.0381846866738394e-05 0.00057832712800570012 0.00062854593234765003 0.00021692333378630003 0.00070083244910070007
decision_type=2 2 2 2 2 2 2 2 2 2
left_child=1 2 3 -1 9 6 -6 -7 -4 -2
right_child=4 -3 8 -5 5 7 -8 -9 -10 -11
leaf_value=-0.0019769465050542309 0.13169138907702113 -0.086666213424569843 0.17288999019853726 -0.083092374799285607 0.079802157434408771 -0.0085361549112419246 -0.02758294648504447 0.097053615889616057 0.024202778357538715 0.06174263599449125
leaf_weight=545.20495712757111 6.1588444858789426 14.7307903021574 6.7630837559699994 22.052675694227219 38.032613307237625 181.37278851121664 17.577557727694511 8.066903740167616 6.1355557143688202 4.6230413317680359
leaf_count=2204 38 42 40 63 197 736 66 45 26 26
internal_value=1.44586e-05 -0.00482301 -0.00274492 -0.00513039 0.011263 0.00728399 0.0458593 -0.00403983 0.102163 0.101699
internal_weight=850.719 594.887 580.156 567.258 255.832 245.05 55.6102 189.44 12.8986 10.7819
internal_count=3483 2375 2333 2267 1108 1044 263 781 66 64
is_linear=0
shrinkage=0.1


Tree=24
num_leaves=10
num_cat=0
split_feature=10 16 16 12 16 14 8 8 0
split_gain=4.084 7.86757 6.51554 9.11202 6.62773 4.18086 4.32948 11.3965 9.19989
threshold=5.1890940538794897e-05 0.00059704983131155019 -0.00022603748389819997 4.7219847631869726e-05 -0.00082338274678769993 0.00020021065395205002 -0.0019555155981257496 -0.0014263064363277999 15.396957562924884
decision_type=2 2 2 2 2 2 2 2 2
left_child=1 2 4 -4 -1 6 8 -8 -2
right_child=5 -3 3 -5 -6 -7 7 -9 -10
leaf_value=0.043151722372023374 -0.043010855342021953 -0.053782053686606782 -0.032242246390962487 0.10597278513385866 -0.031925959863353379 0.060395608664384738 -0.049989309337082011 -0.0012044853470342773 0.077959217812585108
leaf_weight=27.416904851794239 9.6682338491082209 12.206608176231383 6.2680511474609402 19.955551989376545 20.587661504745487 10.484005913138388 51.550430044531822 673.54594497382641 17.974925577640533
leaf_count=144 35 39 24 117 85 52 179 2704 104
internal_value=1.45613e-05 0.0206162 0.0328508 0.0729362 0.0109532 -0.00231857 -0.00319204 -0.00467282 0.0356498
internal_weight=849.658 86.4348 74.2282 26.2236 48.0046 763.224 752.74 725.096 27.6432
internal_count=3483 409 370 141 229 3074 3022 2883 139
is_linear=0
shrinkage=0.1


Tree=25
num_leaves=8
num_cat=0
split_feature=3 20 9 3 16 14 3
split_gain=4.46465 4.57357 8.53381 15.1054 9.37369 7.61561 8.69765
threshold=0.00072666725618965018 1.0000000180025095e-35 5.9834460841598514e-05 0.0020043625365978005 0.00062391133605750008 -0.0011805844975376998 0.0035795865816074007
decision_type=2 2 2 2 2 2 2
left_child=-1 2 3 -2 -4 -3 -7
right_child=1 5 4 -5 -6 6 -8
leaf_value=0.076559927235200428 -0.039976653607797737 0.10523016460493301 0.002661722031838521 0.12413190364328575 -0.078889482035555639 0.011062147502448138 -0.090887290915654909
leaf_weight=7.5525473356246939 101.77325950562954 8.2303870916366559 467.37869171053171 5.9359349161386481 14.532757788896559 234.39731885492802 8.678021311759947
leaf_count=42 342 51 1933 32 42 1015 26
internal_value=1.69224e-05 -0.000670527 -0.00548516 -0.0309325 0.000202424 0.0106257 0.00742246
internal_weight=848.479 840.926 589.621 107.709 481.911 251.306 243.075
internal_count=3483 3441 2349 374 1975 1092 1041
is_linear=0
shrinkage=0.1


Tree=26
num_leaves=8
num_cat=0
split_feature=6 3 8 8 8 8 8
split_gain=4.03129 3.98174 14.2187 14.6783 10.7665 8.75059 4.35195
threshold=0.00022099554320835003 0.0014644121383168001 0.00050929694149380014 0.00016772804362370002 -0.0011767074392260999 -0.00079428081887469989 0.0010441136234447502
decision_type=2 2 2 2 2 2 2
left_child=1 4 3 -3 -1 -6 -4
right_child=-2 2 6 -5 5 -7 -8
leaf_value=0.10743002877142432 0.074393888213739018 0.010594630429083759 0.17855884119021703 -0.062958545901452098 -0.075219232444582618 -0.0055778598181607172 0.0504844966166485
leaf_weight=8.1799829229712469 7.2248212546110144 302.75699891895056 5.9035875648260099 29.802194744348526 18.763275787234306 469.85166935622692 4.8187277913093567
leaf_count=45 39 1311 39 96 62 1868 23
internal_value=1.51503e-05 -0.000624521 0.00765758 0.00400318 -0.00634739 -0.00825215 0.121001
internal_weight=847.301 840.076 343.282 332.559 496.795 488.615 10.7223
internal_count=3483 3444 1469 1407 1975 1930 62
is_linear=0
shrinkage=0.1


Tree=27
num_leaves=7
num_cat=0
split_feature=0 9 0 0 2 12
split_gain=3.65563 8.94455 6.85251 14.239 12.5629 5.21776
threshold=14.922138654356987 0.00029834690268895002 20.223402975771265 24.017977664542979 0.25542382269630981 5.95907244226098e-05
decision_type=2 2 2 2 2 2
left_child=-1 2 4 -4 -2 -3
right_child=1 5 3 -5 -6 -7
leaf_value=-0.055446497002532603 0.020402623190186986 0.032220641139153794 0.065752669361681768 -0.0019564845768924406 -0.14599913895479238 0.15489801059211383
leaf_weight=11.719648391008375 9.2344009280204791 9.3582836985588056 32.36500072479248 769.62683367729187 8.9193217754363996 5.5073365643620482
leaf_count=42 46 48 168 3118 21 40
internal_value=1.57155e-05 0.000794145 -0.000599266 0.000775971 -0.0613542 0.0776695
internal_weight=846.731 835.011 820.146 801.992 18.1537 14.8656
internal_count=3483 3441 3353 3286 67 88
is_linear=0
shrinkage=0.1


Tree=28
num_leaves=6
num_cat=0
split_feature=3 2 9 0 9
split_gain=3.79234 4.1493 3.55135 15.6472 6.09365
threshold=0.00072666725618965018 0.96159677926666765 5.7855341582220084e-05 99.999999969664159 5.8309058744903378e-05
decision_type=2 2 2 2 2
left_child=-1 2 3 -2 -4
right_child=1 -3 4 -5 -6
leaf_value=0.071023423075279077 0.068521986561424053 -0.059189569951673272 0.075137328392817393 -0.088866417991532207 0.00042198540912187217
leaf_weight=7.4552805647253981 9.6246376335620898 11.921521767973898 11.069284558296202 18.378845885396004 787.51423333585262
leaf_count=42 46 36 55 51 3253
internal_value=1.67181e-05 -0.000614611 0.000230191 -0.0347729 0.00145763
internal_weight=845.964 838.509 826.587 28.0035 798.584
internal_count=3483 3441 3405 97 3308
is_linear=0
shrinkage=0.1


Tree=29
num_leaves=6
num_cat=0
split_feature=1 0 9 0 3
split_gain=4.46934 10.3051 9.09065 7.00205 3.59275
threshold=-5.9813234725097564 15.396957562924884 0.00029834690268895002 20.223402975771265 0.0053803839894637513
decision_type=2 2 2 2 2
left_child=-1 -2 3 -3 -4
right_child=1 2 4 -5 -6
leaf_value=0.076863954658370592 -0.10632679802134522 -0.063585474678734419 0.1483138164096223 0.00066888815223477001 0.030555315818994566
leaf_weight=7.5003347843885413 9.1313559114932996 17.326610267162323 5.5510045513510686 801.02284434437752 4.8584721460938454
leaf_count=42 27 62 42 3285 25
internal_value=1.35018e-05 -0.000674421 0.000489668 -0.000691546 0.0933517
internal_weight=845.391 837.89 828.759 818.349 10.4095
internal_count=3483 3441 3414 3347 67
is_linear=0
shrinkage=0.1


Tree=30
num_leaves=10
num_cat=0
split_feature=15 15 15 15 3 7 2 7 8
split_gain=3.79795 9.82895 7.81412 10.0627 7.09827 8.26348 6.8105 3.98357 2.69799
threshold=-0.0018720656913958497 -0.0011757886878495498 -0.00049024476459844991 -0.00011829488632779997 0.0019273156321810002 -0.0006881135230730499 0.32795842717803353 -0.0015959285799312997 -0.0027039901890519996
decision_type=2 2 2 2 2 2 2 2 2
left_child=7 4 6 -4 -2 -6 -3 8 -1
right_child=1 2 3 -5 5 -7 -8 -9 -10
leaf_value=-0.04254118699398815 0.13197943524109262 -0.018516073431699972 0.050262899834523089 -0.00067203894834129765 0.056320581159608564 -0.073517334011707888 -0.10089909495444122 -0.072500441706573077 0.046674845069306553
leaf_weight=6.6626085489988327 8.4720684736967069 72.361252442002296 41.229781895875931 654.55191116780043 22.276517674326897 6.284788295626643 11.650272503495215 14.537187173962591 6.9001478701829928
leaf_count=28 56 291 205 2648 119 21 31 47 37
internal_value=1.47891e-05 0.00125831 -0.00113223 0.0023462 0.0515947 0.0277503 -0.0299405 -0.0361326 0.0028481
internal_weight=844.927 816.827 779.793 695.782 37.0334 28.5613 84.0115 28.0999 13.5628
internal_count=3483 3371 3175 2853 196 140 322 112 65
is_linear=0
shrinkage=0.1


Tree=31
num_leaves=7
num_cat=0
split_feature=1 7 1 8 0 7
split_gain=3.72318 6.21268 10.5794 4.84938 22.9497 12.9372
threshold=2.2356898092689339 0.00058997699154065013 2.2097048772493513 0.00090688560257620005 99.999999971279109 0.00052870552921615015
decision_type=2 2 2 2 2 2
left_child=1 3 -3 5 -5 -1
right_child=-2 2 -4 4 -6 -7
leaf_value=-0.00048650923238363516 -0.064497976847579463 0.14556052799127372 -0.016340432047347309 -0.050172415828051667 0.097122390589234012 0.074112134967003751
leaf_weight=720.6753321364522 8.8515988141298276 7.8295663744211224 8.3303351849317533 61.566857472062111 12.772402897477148 24.022619180381298
leaf_count=2976 26 49 32 213 70 117
internal_value=1.64979e-05 0.000700236 0.0621015 -0.000511234 -0.0248653 0.00191991
internal_weight=844.049 835.197 16.1599 819.037 74.3393 744.698
internal_count=3483 3457 81 3376 283 3093
is_linear=0
shrinkage=0.1


Tree=32
num_leaves=6
num_cat=0
split_feature=1 0 16 1 14
split_gain=3.68171 8.49134 5.98262 7.02093 6.1041
threshold=-5.9813234725097564 15.396957562924884 -0.0022153420896608993 -3.0804948514805797 0.00017609944345835002
decision_type=2 2 2 2 2
left_child=-1 -2 4 -4 -3
right_child=1 2 3 -5 -6
leaf_value=0.070119415966796633 -0.096872129615538594 0.020103729957273608 -0.036366324957084743 0.001724368441158089 0.15861980006120638
leaf_weight=7.4256072193384162 9.0635886043310148 10.16141816228628 51.678555741906166 760.46735209971666 4.6314897984266272
leaf_count=42 27 57 194 3130 33
internal_value=1.60835e-05 -0.000606594 0.000448516 -0.000699423 0.0634715
internal_weight=843.428 836.002 826.939 812.146 14.7929
internal_count=3483 3441 3414 3324 90
is_linear=0
shrinkage=0.1


Tree=33
num_leaves=7
num_cat=0
split_feature=15 10 15 10 15 9
split_gain=3.59624 3.41302 8.37738 5.04319 4.06232 8.12368
threshold=0.00032425727654480002 5.1890940538794897e-05 0.00029793344283990007 4.7930610183318054e-05 -0.0021548059647684497 0.00022459820895465
decision_type=2 2 2 2 2 2
left_child=1 2 3 -1 -3 -6
right_child=-2 4 -4 -5 5 -7
leaf_value=0.012820855877695977 0.059840260636820124 -0.059771789714560368 -0.062641985867469038 0.069189100181664687 -0.0049801025054740751 0.033919849712823739
leaf_weight=50.546689346432686 9.930020794272421 12.331833243370054 11.107020221650599 23.137605898082256 677.565942466259 58.30482891201973
leaf_count=252 52 44 36 121 2693 285
internal_value=1.61564e-05 -0.000697 0.0183174 0.030521 -0.00285184 -0.00189796
internal_weight=842.924 832.994 84.7913 73.6843 748.203 735.871
internal_count=3483 3431 409 373 3022 2978
is_linear=0
shrinkage=0.1


Tree=34
num_leaves=7
num_cat=0
split_feature=1 7 1 16 0 8
split_gain=3.05082 5.11871 8.90593 4.56146 9.70287 9.40172
threshold=2.2356898092689339 0.00058997699154065013 2.2097048772493513 0.00061971504744965007 99.999999971782742 0.00026302642623915001
decision_type=2 2 2 2 2 2
left_child=1 3 -3 4 -1 -5
right_child=-2 2 -4 5 -6 -7
leaf_value=-0.00075856620843050215 -0.059148733842131908 0.13487579199585215 -0.014783755704953007 0.024917860274024473 0.061965282668913185 -0.06978690436653058
leaf_weight=748.51868989318609 8.6263400018215162 7.6178117096424094 8.317809194326399 17.470009863376617 25.502646282315254 26.207886435091496
leaf_count=3090 26 49 32 73 123 90
internal_value=1.55279e-05 0.000627752 0.056759 -0.000466155 0.00130807 -0.0319075
internal_weight=842.261 833.635 15.9356 817.699 774.021 43.6779
internal_count=3483 3457 81 3376 3213 163
is_linear=0
shrinkage=0.1


Tree=35
num_leaves=5
num_cat=0
split_feature=14 1 0 9
split_gain=3.0496 3.01104 7.02435 7.2855
threshold=0.00020021065395205002 -5.9813234725097564 15.396957562924884 0.00029834690268895002
decision_type=2 2 2 2
left_child=1 -1 -3 -4
right_child=-2 2 3 -5
leaf_value=0.063101076377262769 0.054039417756157421 -0.089286715805812725 -0.0013022098953310881 0.08510113464161051
leaf_weight=7.3421208411455146 10.320819482207297 8.9591154754161817 805.33246666193008 9.8785526975989324
leaf_count=42 52 27 3295 67
internal_value=1.55149e-05 -0.000655036 -0.00122301 -0.000255193
internal_weight=841.833 831.512 824.17 815.211
internal_count=3483 3431 3389 3362
is_linear=0
shrinkage=0.1


Tree=36
num_leaves=5
num_cat=0
split_feature=3 2 12 12
split_gain=3.13547 3.34877 3.03461 9.38233
threshold=0.00072666725618965018 0.96159677926666765 4.7219847631869726e-05 4.896679625814404e-05
decision_type=2 2 2 2
left_child=-1 2 -2 -4
right_child=1 -3 3 -5
leaf_value=0.065131817909422574 -0.051290811002895315 -0.053582223423818826 0.098878950297086099 -0.00026418017019165459
leaf_weight=7.3302274271845809 11.28853454440832 11.742606878280638 9.6602842658758146 801.27992982417345
leaf_count=42 41 36 55 3309
internal_value=1.51604e-05 -0.000557185 0.000200088 0.000916857
internal_weight=841.302 833.971 822.229 810.94
internal_count=3483 3441 3405 3364
is_linear=0
shrinkage=0.1


Tree=37
num_leaves=12
num_cat=0
split_feature=20 9 7 7 7 8 10 16 6 7 6
split_gain=2.74639 7.59153 15.7801 16.3964 11.0429 19.1804 8.51196 6.91348 7.66045 10.0241 5.37873
threshold=1.0000000180025095e-35 5.9610985840938059e-05 0.00057983326401180003 0.0004740205934590501 0.00059149122166460017 0.00090688560257620005 6.4130605418826628e-05 0.0006264994082286001 0.00021328093232505003 0.0005523905501617002 0.00021692333378630003
decision_type=2 2 2 2 2 2 2 2 2 2 2
left_child=7 2 3 -2 5 -3 -6 8 9 -1 -10
right_child=1 4 -4 -5 6 -7 -8 -9 10 -11 -12
leaf_value=-0.0015182929483238854 0.021557054194210341 0.010126149069254195 -0.090592461019694537 0.17402485214627775 0.15603946457516626 -0.070769006258732253 -0.01341093436930688 -0.0891027473912442 0.13031777096437316 -0.07107278242739784 0.006667651993047051
leaf_weight=543.30497385561466 17.68010084331036 168.69949826598167 6.426277056336402 11.734736874699591 7.8921416699886304 35.472856789827347 4.7478383034467697 9.3351418823003751 7.2704123705625516 21.541744694113731 6.816069096326828
leaf_count=2217 82 740 19 76 49 121 21 26 41 63 28
internal_value=1.42713e-05 0.00873451 0.0513682 0.0823825 0.00168676 -0.00392856 0.0923904 -0.00373096 -0.00235436 -0.00417092 0.0704868
internal_weight=840.922 252.653 35.8411 29.4148 216.812 204.172 12.64 588.268 578.933 564.847 14.0865
internal_count=3483 1108 177 158 931 861 70 2375 2349 2280 69
is_linear=0
shrinkage=0.1


Tree=38
num_leaves=11
num_cat=0
split_feature=12 14 2 0 12 14 1 1 3 16
split_gain=2.76556 6.4798 13.5892 14.8017 6.43931 6.04178 5.79264 10.943 12.7582 3.93772
threshold=6.0093284595922446e-05 0.00016085224488465003 0.7492735391042572 71.062446246623693 5.9940996380624809e-05 0.00017609944345835002 -4.7753884900971562 -2.7205237782368381 0.0025832301456760504 -0.00043433360614509995
decision_type=2 2 2 2 2 2 2 2 2 2
left_child=1 2 3 -1 5 -3 -2 9 -9 -8
right_child=6 4 -4 -5 -6 -7 7 8 -10 -11
leaf_value=0.027900123127780192 0.087528117225440655 -0.020064822103774263 0.17250363660701978 -0.13651121974825861 -0.096211933646854486 0.0043811148164466683 -0.024267329355190589 0.0047614338868281108 0.07950577118432775 -0.094062979635229235
leaf_weight=51.030952781438828 8.6294921860098821 200.84051378071308 5.6748387143015853 6.1340060681104651 8.401270315051077 203.5786412358284 24.761651106178761 293.99272149801254 24.759929835796356 12.000936165452002
leaf_count=242 54 765 38 15 24 834 106 1245 128 32
internal_value=1.55676e-05 -0.00500544 0.02491 0.0102582 -0.00955919 -0.0077591 0.00657421 0.0046092 0.0105674 -0.0470517
internal_weight=839.805 475.66 62.8398 57.165 412.82 404.419 364.145 355.515 318.753 36.7626
internal_count=3483 1918 295 257 1623 1599 1565 1511 1373 138
is_linear=0
shrinkage=0.1


Tree=39
num_leaves=8
num_cat=0
split_feature=15 2 0 0 15 0 16
split_gain=2.99146 9.74033 6.76759 22.1557 8.64713 2.78187 7.73701
threshold=-0.0018072588938873996 -0.09552622508285423 24.017977664542979 20.223402975771265 -0.00049024476459844991 24.430408820096989 -0.0021069050169942997
decision_type=2 2 2 2 2 2 2
left_child=5 -2 3 -3 -4 6 -1
right_child=1 2 4 -5 -6 -7 -8
leaf_value=0.0021579637049184775 0.11723343424743937 -0.018618248954015922 -0.030745947047311178 0.11417231780060935 0.0017793265809017229 0.013114129235950357 -0.11985404258290039
leaf_weight=11.94098534435034 7.1687207967042914 31.141069605946541 93.397180147469044 21.063070647418499 654.84623658657074 9.9778644219040853 9.2024506926536578
leaf_count=59 50 140 354 127 2686 43 24
internal_value=1.51538e-05 0.0011875 0.000148202 0.0349594 -0.00228054 -0.0304078 -0.0509464
internal_weight=838.738 807.616 800.448 52.2041 748.243 31.1213 21.1434
internal_count=3483 3357 3307 267 3040 126 83
is_linear=0
shrinkage=0.1


Tree=40
num_leaves=6
num_cat=0
split_feature=15 1 7 1 12
split_gain=2.81296 4.14492 3.33516 7.44742 3.31222
threshold=0.00032425727654480002 2.2356898092689339 0.00058997699154065013 2.2097048772493513 6.261791471834557e-05
decision_type=2 2 2 2 2
left_child=1 2 4 -4 -1
right_child=-2 -3 3 -5 -6
leaf_value=-0.0046303276770387801 0.053348699870802319 -0.072350918559055816 0.12252650303991403 -0.018989153936924422 0.0099071709660998649
leaf_weight=592.12338665872812 9.7749336212873441 7.9762012362480155 6.957991383969782 7.9879898726940155 213.14060010761023
leaf_count=2391 52 23 47 30 940
internal_value=1.8071e-05 -0.000611381 8.62563e-05 0.0468924 -0.000782482
internal_weight=837.961 828.186 820.21 14.946 805.264
internal_count=3483 3431 3408 77 3331
is_linear=0
shrinkage=0.1


Tree=41
num_leaves=8
num_cat=0
split_feature=16 1 0 0 6 16 16
split_gain=2.65185 4.47691 12.9275 18.6305 10.3481 7.11109 9.88755
threshold=-0.0029599570860859496 -3.0804948514805797 26.953640729076422 28.020093214719889 -0.00089202091233649995 -0.00043433360614509995 -0.0016080276196193497
decision_type=2 2 2 2 2 2 2
left_child=-1 5 4 -4 -3 6 -2
right_child=1 2 3 -5 -6 -7 -8
leaf_value=0.057620069807437946 -0.044729582612756065 -0.017926591102267606 -0.13396827594963265 0.00026555951801166276 0.082097016943575504 -0.084162633045980206 0.04129883936978232
leaf_weight=7.9166172742843619 30.996338948607441 14.896568633615969 10.494526773691176 699.96506981551647 33.838513039052486 15.632707372307776 23.4803870767355
leaf_count=56 122 66 26 2871 184 43 115
internal_value=1.75231e-05 -0.000532356 0.00170041 -0.00171727 0.0515234 -0.0247104 -0.00764988
internal_weight=837.221 829.304 759.195 710.46 48.7351 70.1094 54.4767
internal_count=3483 3427 3147 2897 250 280 237
is_linear=0
shrinkage=0.1


Tree=42
num_leaves=7
num_cat=0
split_feature=9 0 9 8 1 7
split_gain=2.46491 12.8038 5.23432 3.42024 5.53732 3.88112
threshold=5.7855341582220084e-05 99.999999969664159 5.8309058744903378e-05 0.0012496468847863001 2.1609669578838298 0.00059408081413405008
decision_type=2 2 2 2 2 2
left_child=1 -1 -2 4 -4 -5
right_child=2 -3 3 5 -6 -7
leaf_value=0.063129586355225184 0.069196319936486048 -0.079556334432678524 0.00010942565950966867 -0.088974026117088184 0.070869111555313946 -0.0012834659563678138
leaf_weight=9.7000028789043444 11.10632564127445 17.883857309818268 765.83851094543934 9.0956147909164446 11.22135481238365 11.339650236070154
leaf_count=47 56 51 3196 27 60 46
internal_value=1.59321e-05 -0.0293801 0.00101872 6.92447e-05 0.00113125 -0.040314
internal_weight=836.185 27.5839 808.601 797.495 777.06 20.4353
internal_count=3483 98 3385 3329 3256 73
is_linear=0
shrinkage=0.1


Tree=43
num_leaves=9
num_cat=0
split_feature=3 3 7 1 8 10 1 3
split_gain=2.52014 2.63355 11.8348 14.3244 11.707 7.60683 8.10952 4.41839
threshold=0.00072666725618965018 0.0014530423642507503 0.00050543830718705008 2.2097048772493513 0.00016772804362370002 4.9866029182526811e-05 -0.50764657088075171 0.0013668036616354504
decision_type=2 2 2 2 2 2 2 2
left_child=-1 5 4 -4 -3 7 -7 -2
right_child=1 2 3 -5 -6 6 -8 -9
leaf_value=0.059031906104886879 0.083439185236246882 0.0087959284406440019 0.16356529535570796 -0.04101710436765902 -0.050252562827155005 -0.045619795154479142 -0.0034553525315153769 -0.0050447783877025001
leaf_weight=7.1728941053152075 14.769632421433927 299.50265971571207 9.8715905025601369 5.2387528568506232 37.815134808421135 51.472757935523987 400.78004194051027 9.1329087764024717
leaf_count=42 89 1322 70 17 128 182 1594 39
internal_value=1.26554e-05 -0.000498263 0.00605476 0.0926366 0.00217628 -0.00534851 -0.00825426 0.0496304
internal_weight=835.756 828.583 352.428 15.1103 337.318 476.155 452.253 23.9025
internal_count=3483 3441 1537 87 1450 1904 1776 128
is_linear=0
shrinkage=0.1


Tree=44
num_leaves=8
num_cat=0
split_feature=14 10 10 12 12 1 10
split_gain=2.50992 3.78053 12.563 9.42876 8.84179 7.5653 4.56385
threshold=0.00020171087569590001 6.6320790347801164e-05 6.486179093689172e-05 6.5346331924705611e-05 6.4117150467582048e-05 -0.49121298126101459 6.4631258827008801e-05
decision_type=2 2 2 2 2 2 2
left_child=1 2 6 -3 -4 -5 -1
right_child=-2 3 4 5 -6 -7 -8
leaf_value=-0.00029556447367602641 0.058301019597809561 -0.10450875718878444 0.13392289997621784 -0.046624127607365673 0.028291726094166331 0.017575180315414895 -0.063043091848029059
leaf_weight=684.67647808045149 7.3237223550677291 11.49333546310663 10.603086508810518 30.062836244702339 31.364261515438557 47.134142801165581 11.79107917845249
leaf_count=2852 39 32 64 111 140 206 39
internal_value=1.70135e-05 -0.000499058 0.00184394 -0.0200069 0.0549795 -0.00742597 -0.00135787
internal_weight=834.449 827.125 738.435 88.6903 41.9673 77.197 696.468
internal_count=3483 3444 3095 349 204 317 2891
is_linear=0
shrinkage=0.1


Tree=45
num_leaves=9
num_cat=0
split_feature=9 3 9 9 16 8 1 14
split_gain=2.47286 2.54992 15.0863 16.9213 12.5018 4.89854 15.0277 14.7018
threshold=5.7070402614348545e-05 0.0030461719098690003 0.00018746980279920003 0.00020455252133470004 -0.0011902138744534498 -0.0014402840732450999 -3.8555701632558335 0.00017468965689995002
decision_type=2 2 2 2 2 2 2 2
left_child=-1 2 4 -4 -2 6 -3 -7
right_child=1 5 3 -5 -6 7 -8 -9
leaf_value=-0.053596811508668511 -0.11567796771089536 0.0046697797984729837 0.13946508555254894 0.011817218218105687 0.00067797652154529334 0.10457489877491968 -0.096448413759414361 -0.020312563976774139
leaf_weight=8.5155070424079877 9.3659187108278257 40.797623232007027 16.511661119759083 27.988260269165039 656.29725391417742 12.404042065143583 22.973089344799519 39.262764878571033
leaf_count=28 28 198 100 133 2700 72 70 154
internal_value=1.56875e-05 0.000568664 0.00280931 0.0591809 -0.000959158 -0.0132156 -0.0317576 0.00967012
internal_weight=834.116 825.601 710.163 44.4999 665.663 115.438 63.7707 51.6668
internal_count=3483 3455 2961 233 2728 494 268 226
is_linear=0
shrinkage=0.1


Tree=46
num_leaves=10
num_cat=0
split_feature=14 15 14 10 12 8 10 14 10
split_gain=2.31156 13.4527 5.53558 6.94097 5.18486 6.29736 4.40992 4.31399 3.29453
threshold=-0.0012811224869555499 -0.0018072588938873996 -0.0010108847104482999 5.7142004036869522e-05 6.870212140852941e-05 -0.00040091411409014997 5.6033788863296521e-05 -0.0022286213427812492 6.8761596762446141e-05
decision_type=2 2 2 2 2 2 2 2 2
left_child=1 7 3 -2 8 -6 -3 -1 -4
right_child=2 6 4 -5 5 -7 -8 -9 -10
leaf_value=0.017384643873492089 0.0071903376955056875 0.042245452062376086 -0.00058234621334344271 -0.10485771832327072 0.087533348514442527 0.0061957600783678884 0.14841070432998679 -0.078831806846731176 -0.044796077178481136
leaf_weight=9.0887108147144335 10.758409142494203 8.064419671893118 717.71492107212543 11.372857563197611 14.608058519661425 27.321400254964828 7.5997905880212775 9.5631054639816266 17.258352123200893
leaf_count=43 50 51 2938 34 87 128 57 32 63
internal_value=1.73171e-05 0.0254313 -0.00107414 -0.0503891 0.000330677 0.0345335 0.0937536 -0.0319472 -0.00162056
internal_weight=833.35 34.316 799.034 22.1313 776.903 41.9295 15.6642 18.6518 734.973
internal_count=3483 183 3300 84 3216 215 108 75 3001
is_linear=0
shrinkage=0.1


Tree=47
num_leaves=6
num_cat=0
split_feature=0 7 20 9 3
split_gain=2.42689 6.63113 2.4063 7.15857 6.17687
threshold=14.922138654356987 -0.0017312864010173999 1.0000000180025095e-35 6.0381846866738394e-05 0.00081690761056195014
decision_type=2 2 2 2 2
left_child=-1 -2 4 -4 -3
right_child=1 2 3 -5 -6
leaf_value=-0.046113764359595792 0.094166124615723601 0.045823273019278771 0.040128393729012481 -0.001022336483073652 -0.0059832844239457216
leaf_weight=11.248460359871386 7.5135663151741019 24.031606048345566 54.231397770345211 191.72443993389606 543.6944612711668
leaf_count=42 53 114 263 831 2180
internal_value=2.06078e-05 0.000652541 -0.000210967 0.00805109 -0.00379033
internal_weight=832.444 821.195 813.682 245.956 567.726
internal_count=3483 3441 3388 1094 2294
is_linear=0
shrinkage=0.1


Tree=48
num_leaves=15
num_cat=0
split_feature=8 8 6 8 7 12 3 8 8 15 15 16 7 3
split_gain=2.36868 11.4811 9.62973 8.88035 12.4773 7.93399 8.75114 8.11246 7.75781 21.0322 12.6696 7.70347 15.9693 7.80404
threshold=0.00021032474439835002 0.00044996512017865005 0.00020005384560600002 -5.5917072852826887e-05 0.00041184850873300004 6.3017076738468631e-05 0.0013917642619509002 0.00036051795132475002 0.00074616618163480012 0.00028192810642375005 0.00031074024127620002 0.00058822784800510004 0.00023680794171180002 0.0014286620907123001
decision_type=2 2 2 2 2 2 2 2 2 2 2 2 2 2
left_child=2 5 11 -4 -5 6 -2 -7 9 -3 -10 12 -1 -13
right_child=1 8 3 4 -6 7 -8 -9 10 -11 -12 13 -14 -15
leaf_value=0.005005824515732709 -0.016467471605625405 0.15071701196761564 -0.0034495663649569117 0.17483932653250864 -0.0060649688831644344 0.079356447617972642 -0.07971907398917473 -0.056625796283541599 0.0073022483515640104 0.0096900008650217598 -0.064750626123009886 -0.058404520964030843 0.16393472047213287 -0.0016766051245398256
leaf_weight=355.12821786850691 46.586859032511711 12.31399145722389 12.374452084302904 10.42894619703293 6.0096001029014579 11.189775973558428 41.234080731868744 7.2166652232408515 113.83633618056774 74.882308416068554 31.063215836882591 39.027596697211266 6.4369847923517218 64.04961221665144
leaf_count=1570 176 76 47 62 23 57 120 25 480 315 118 123 40 251
internal_value=2.03099e-05 -0.00642446 0.00443898 0.0605371 0.108704 -0.033654 -0.0461656 0.0260415 0.00603818 0.029606 -0.00814427 0.000960267 0.00783525 -0.0231552
internal_weight=831.779 338.323 493.455 28.813 16.4385 106.227 87.8209 18.4064 232.096 87.1963 144.9 464.642 361.565 103.077
internal_count=3483 1367 2116 132 85 378 296 82 989 391 598 1984 1610 374
is_linear=0
shrinkage=0.1


Tree=49
num_leaves=6
num_cat=0
split_feature=15 1 16 0 3
split_gain=2.29764 3.13702 3.16081 8.49864 6.46348
threshold=0.00032425727654480002 2.2356898092689339 0.00061971504744965007 99.999999971782742 0.0014644121383168001
decision_type=2 2 2 2 2
left_child=1 2 3 -1 -4
right_child=-2 -3 4 -5 -6
leaf_value=-0.00043948999421537013 0.04856829156933698 -0.064399159257993346 -0.055744485971398576 0.058129755088996163 0.025751429061287343
leaf_weight=745.54248184710741 9.6344265788793546 7.6240010410547248 27.173204079270363 25.626368165016174 15.161935582756994
leaf_count=3121 52 23 90 125 72
internal_value=1.76099e-05 -0.000552043 4.63197e-05 0.0015068 -0.0265575
internal_weight=830.762 821.128 813.504 771.169 42.3351
internal_count=3483 3431 3408 3246 162
is_linear=0
shrinkage=0.1


Tree=50
num_leaves=9
num_cat=0
split_feature=0 0 1 1 12 7 1 3
split_gain=2.27415 9.66677 7.55797 6.12888 4.31153 2.95902 6.37476 5.9587
threshold=99.999999971994413 99.999999971782742 1.8281956045325389 1.5067921848526569 6.2399298616227323e-05 0.00058997699154065013 1.9251868992896564 0.0014320314639576501
decision_type=2 2 2 2 2 2 2 2
left_child=1 5 3 -2 -3 6 -1 -7
right_child=2 4 -4 -5 -6 7 -8 -9
leaf_value=0.0014308466333779817 -0.016785329469931574 0.11968739794467838 0.048007575613796462 -0.12143111344814182 0.010264887660783172 -0.0066794096088998852 -0.031705569169793113 0.12454211365831845
leaf_weight=703.03040471673012 15.018391951918604 9.7712134718894941 9.9246242120861989 8.9214509725570661 5.7024849355220786 8.9299946725368482 63.282659187912941 5.6499735713005057
leaf_count=2962 57 54 54 25 25 38 231 37
internal_value=1.51545e-05 0.00109441 -0.025365 -0.0557828 0.0793622 -0.000456492 -0.00130558 0.0441711
internal_weight=830.231 796.367 33.8645 23.9398 15.4737 780.893 766.313 14.58
internal_count=3483 3347 136 82 79 3268 3193 75
is_linear=0
shrinkage=0.1


Tree=51
num_leaves=8
num_cat=0
split_feature=16 1 9 9 9 14 16
split_gain=2.21159 3.6016 6.13628 13.6068 12.6355 5.88438 6.42189
threshold=-0.0029599570860859496 -3.0804948514805797 0.00018614768136690003 0.00019798785440360004 0.00016489576358290003 0.00018595418912740002 -0.00043433360614509995
decision_type=2 2 2 2 2 2 2
left_child=-1 5 4 -4 -3 6 -2
right_child=1 2 3 -5 -6 -7 -8
leaf_value=0.053699974651145947 -0.015256751225893329 0.0026558373958854055 0.12387690904408699 0.0093941137875846337 -0.0468827846226441 0.051526673824518338 -0.091599134032194274
leaf_weight=7.6030807271599761 45.249922938644886 624.32312953472137 12.542315900325773 60.27041794359684 56.115736603736877 9.3330778032541257 14.565555885434149
leaf_count=56 194 2584 74 281 208 47 39
internal_value=1.4166e-05 -0.000482159 0.0015229 0.0291143 -0.00142961 -0.0223238 -0.0338467
internal_weight=830.003 822.4 753.252 72.8127 680.439 69.1486 59.8155
internal_count=3483 3427 3147 355 2792 280 233
is_linear=0
shrinkage=0.1


Tree=52
num_leaves=8
num_cat=0
split_feature=15 14 10 2 15 0 3
split_gain=2.19138 12.7613 4.21965 5.75302 2.54813 7.23152 2.10547
threshold=-0.0018072588938873996 -0.0013946221584097997 -0.0011583053395357497 0.045266304596729007 -0.0023806146691371494 22.634823850477151 0.0025832301456760504
decision_type=2 2 2 2 2 2 2
left_child=4 6 -3 -4 -1 -6 -2
right_child=1 2 3 -5 5 -7 -8
leaf_value=0.020322342206332483 0.14189955335857446 -0.070086500571632029 0.083042999612142732 -0.000585001984459592 -0.11094780863185201 0.0050766061838010672 0.049512751983219964
leaf_weight=8.4568623751401919 6.9504049941897375 8.6095394641160947 8.3147765323519689 771.03061345219612 9.3479251861572283 12.629935100674627 3.8239188268780708
leaf_count=42 54 35 52 3190 31 53 26
internal_value=1.26125e-05 0.00101613 -0.000461934 0.000307219 -0.0263236 -0.0442725 0.109111
internal_weight=829.164 798.729 787.955 779.345 30.4347 21.9779 10.7743
internal_count=3483 3357 3277 3242 126 84 80
is_linear=0
shrinkage=0.1


Tree=53
num_leaves=7
num_cat=0
split_feature=1 7 3 16 0 3
split_gain=2.07587 3.32033 7.16084 2.79158 5.68067 5.28104
threshold=2.2287891598457468 0.00058997699154065013 0.0014314195892699002 0.00061971504744965007 99.999999971782742 0.0014644121383168001
decision_type=2 2 2 2 2 2
left_child=1 3 -3 4 -1 -5
right_child=-2 2 -4 5 -6 -7
leaf_value=-0.00035013496616184242 -0.041773684028425961 -0.011809048428353508 0.14610144890867058 -0.05190475490090795 0.04804959612307446 0.020471890063493505
leaf_weight=736.81359059363604 11.718399181962011 6.9818244501948339 4.8781773895025253 27.033764742314816 25.075370028614998 16.076802514493465
leaf_count=3089 39 30 40 90 122 73
internal_value=1.63632e-05 0.00061587 0.0531417 -0.000157989 0.0012428 -0.024914
internal_weight=828.578 816.86 11.86 805 761.889 43.1106
internal_count=3483 3444 70 3374 3211 163
is_linear=0
shrinkage=0.1


Tree=54
num_leaves=6
num_cat=0
split_feature=1 0 9 0 12
split_gain=2.39175 5.75067 5.7621 5.82726 3.35114
threshold=-5.9813234725097564 15.396957562924884 0.00029834690268895002 18.658573058033237 5.8130989706833375e-05
decision_type=2 2 2 2 2
left_child=-1 -2 3 -3 -4
right_child=1 2 4 -5 -6
leaf_value=0.058028346409110747 -0.081919156303139395 -0.1014654369008692 0.016271832896651277 0.00019448120123266295 0.13680849081297594
leaf_weight=7.0465016141533843 8.5802805572748166 5.6786708235740653 4.4394369050860387 797.32963483408093 4.8007098808884621
leaf_count=42 27 19 24 3328 43
internal_value=1.67899e-05 -0.000481217 0.000379062 -0.000524432 0.0788965
internal_weight=827.875 820.829 812.248 803.008 9.24015
internal_count=3483 3441 3414 3347 67
is_linear=0
shrinkage=0.1


Tree=55
num_leaves=6
num_cat=0
split_feature=12 12 3 9 12
split_gain=2.16215 8.17003 2.77297 12.5215 5.92588
threshold=4.7219847631869726e-05 4.8663459985188731e-05 0.0014530423642507503 6.1671398353434602e-05 6.870212140852941e-05
decision_type=2 2 2 2 2
left_child=-1 -2 4 -4 -3
right_child=1 2 3 -5 -6
leaf_value=-0.043499902189466026 0.11088397371241875 -0.0080853430822089879 0.063221450093542686 7.6942358579104434e-05 0.039023987630685618
leaf_weight=11.261847965419291 6.6646652445197097 443.01652989536524 35.036029279232025 302.9400648213923 28.414285078644753
leaf_count=42 42 1749 171 1329 150
internal_value=1.73459e-05 0.000617887 -0.000290045 0.00662277 -0.00524595
internal_weight=827.333 816.072 809.407 337.976 471.431
internal_count=3483 3441 3399 1500 1899
is_linear=0
shrinkage=0.1


Tree=56
num_leaves=6
num_cat=0
split_feature=9 14 10 10 12
split_gain=2.11325 1.98208 2.50114 9.43928 7.56949
threshold=5.7070402614348545e-05 0.00020171087569590001 6.6320790347801164e-05 6.486179093689172e-05 6.5346331924705611e-05
decision_type=2 2 2 2 2
left_child=-1 2 3 -2 -4
right_child=1 -3 4 -5 -6
leaf_value=-0.049915808888219677 -0.0008226502289965257 0.05286523340157015 -0.09238482214016111 0.048346824456643428 -0.0045611740065417987
leaf_weight=8.3897704035043699 683.05334445089102 7.1728397235274306 11.280240975320337 41.410442918539047 75.499155133962631
leaf_count=28 2865 39 32 204 315
internal_value=1.70212e-05 0.000528894 6.61473e-05 0.00198788 -0.0159772
internal_weight=826.806 818.416 811.243 724.464 86.7794
internal_count=3483 3455 3416 3069 347
is_linear=0
shrinkage=0.1


Tree=57
num_leaves=10
num_cat=0
split_feature=0 0 7 8 8 12 8 1 2
split_gain=2.12571 7.25986 6.49356 7.2528 5.66415 3.27833 2.55208 13.4233 11.3008
threshold=99.999999971994413 99.999999971782742 0.00051488967581970015 0.00048787110051945004 0.0010561958250101002 6.2399298616227323e-05 0.00090688560257620005 1.6228937622659034 0.89151495134206582
decision_type=2 2 2 2 2 2 2 2 2
left_child=1 6 3 -2 -4 -3 7 -1 -8
right_child=2 5 4 -5 -6 -7 8 -9 -10
leaf_value=-0.0018797288046708193 -0.0017880780972768986 0.10453004612512745 0.09915306094311753 -0.11770359436948861 -0.03917372731927081 0.0083280455213650458 -0.1349461918554139 0.055905807684778833 -0.0052628322163305718
leaf_weight=653.3733001537621 11.274100318551065 9.6846069991588575 6.3526338562369329 10.356324464082716 5.543270967900753 5.5851517468690863 7.3906409442424765 42.835165679454803 74.004921056330204
leaf_count=2743 44 54 40 29 23 25 18 203 304
internal_value=1.47608e-05 0.00105767 -0.0246494 -0.0572867 0.0346953 0.0693427 -0.000283235 0.0016756 -0.017038
internal_weight=826.4 792.874 33.5263 21.6304 11.8959 15.2698 777.604 696.208 81.3956
internal_count=3483 3347 136 73 63 79 3268 2946 322
is_linear=0
shrinkage=0.1


Tree=58
num_leaves=15
num_cat=0
split_feature=16 16 16 9 0 16 0 16 10 7 16 0 9 15
split_gain=1.98064 12.8048 8.04676 9.91885 18.335 8.2871 18.6356 5.22122 6.11555 4.81945 4.79347 3.88121 5.96945 2.16098
threshold=-0.00051887496139184982 -0.00067673435485984996 -0.00020719874332169997 0.00013120133588770001 47.674470347944755 -1.8763189191299261e-05 55.02397168885539 -0.00080163089678744997 6.7003695596702182e-05 -0.00053829930378074991 0.00025241277420650005 41.108869420911752 0.00014029935676960003 -0.00062977833780134983
decision_type=2 2 2 2 2 2 2 2 2 2 2 2 2 2
left_child=1 7 3 4 -2 6 -4 8 -1 -9 -7 12 -3 -5
right_child=2 11 5 13 -6 10 -8 9 -10 -11 -12 -13 -14 -15
leaf_value=0.0043139097867602545 0.082162042860534051 -0.015298755176347659 0.0079506482326806224 -0.053047627124173748 -0.05944777655925803 -0.035734041885684416 0.16260533720349535 -0.076074317263173957 0.10295832283577262 -0.00017784639593349164 0.00023094258712318572 0.15395874758283778 0.12350607644217403 -0.11304955516251761
leaf_weight=143.64042781665921 14.825340732932089 6.0225373730063456 35.387500122189522 10.722377955913545 23.855167865753174 40.19399868696928 9.9912505149841291 15.429688438773153 6.5723476111888877 18.27778197824955 475.09330260381103 6.0217579901218405 6.3810811415314674 13.635373264551161
leaf_count=674 73 27 152 35 76 152 69 49 40 77 1939 43 42 35
internal_value=1.38331e-05 0.00861073 -0.00277522 -0.0366496 -0.00517202 0.00103343 0.0420017 0.000648521 0.00862996 -0.0349197 -0.00257444 0.0880887 0.0561098 -0.0866365
internal_weight=826.05 202.346 623.704 63.0383 38.6805 560.666 45.3788 183.92 150.213 33.7075 515.287 18.4254 12.4036 24.3578
internal_count=3483 952 2531 219 149 2312 221 840 714 126 2091 112 69 70
is_linear=0
shrinkage=0.1


Tree=59
num_leaves=6
num_cat=0
split_feature=1 0 8 16 0
split_gain=1.91123 4.74681 4.5192 7.42909 4.40405
threshold=-5.9813234725097564 15.396957562924884 -0.0020602561166463496 -0.0017832537246216999 20.669162081975362
decision_type=2 2 2 2 2
left_child=-1 -2 3 -3 -4
right_child=1 2 4 -5 -6
leaf_value=0.052170753740123789 -0.075075907021055668 0.13980521805517679 -0.0453516903487148 -0.0009182380625580663 0.00053950441216041322
leaf_weight=6.9676649123430243 8.4301730021834356 6.097651030868291 21.494447700679302 9.7500056102871877 771.56874850392342
leaf_count=42 27 54 88 46 3226
internal_value=1.89143e-05 -0.000425669 0.000352308 0.0532275 -0.000704288
internal_weight=824.309 817.341 808.911 15.8477 793.063
internal_count=3483 3441 3414 100 3314
is_linear=0
shrinkage=0.1


Tree=60
num_leaves=9
num_cat=0
split_feature=15 14 0 0 9 15 0 3
split_gain=1.96951 10.9141 4.19517 17.964 7.69028 2.1497 6.11542 1.86366
threshold=-0.0018072588938873996 -0.0013946221584097997 24.017977664542979 20.223402975771265 0.00016489576358290003 -0.0023806146691371494 22.634823850477151 0.0025832301456760504
decision_type=2 2 2 2 2 2 2 2
left_child=5 7 3 -3 -4 -1 -7 -2
right_child=1 2 4 -5 -6 6 -8 -9
leaf_value=0.018458811814203484 0.13608910623926079 -0.022859237545165573 0.001958150458513224 0.10082665781866454 -0.027128064587289336 -0.10400980552824227 0.0035202294001113279 0.047063030028241484
leaf_weight=8.197673976421358 6.4930178150534612 28.484125424176455 628.92148521915078 19.978868499398232 106.25884412229061 9.1191926077008265 12.591945387423037 3.686496689915657
leaf_count=42 54 128 2612 126 411 31 53 26
internal_value=2.00191e-05 0.000969146 -0.000367255 0.0281303 -0.00224581 -0.0251712 -0.0416449 0.103848
internal_weight=823.732 793.823 783.643 48.463 735.18 29.9088 21.7111 10.1795
internal_count=3483 3357 3277 254 3023 126 84 80
is_linear=0
shrinkage=0.1


Tree=61
num_leaves=13
num_cat=0
split_feature=8 14 8 0 15 5 8 4 2 0 2 8
split_gain=1.96244 12.2746 9.81145 10.0366 7.93714 7.72743 10.6531 9.48683 7.27284 7.21488 7.16966 5.18734
threshold=0.00021032474439835002 0.00016085224488465003 0.00049782042506995021 48.55157915309875 0.00017030047736130003 1.0000000180025095e-35 -7.6835487078172221e-05 1.0000000180025095e-35 0.76647858384447587 47.674470347944755 0.96159677926666765 0.00074616618163480012
decision_type=2 2 2 2 2 2 2 2 2 2 2 2
left_child=5 4 3 -3 -2 7 8 10 -7 -9 -1 -4
right_child=1 2 11 -5 -6 6 -8 9 -10 -11 -12 -13
leaf_value=0.037886894432156523 0.02247172238947091 0.031692211413574103 0.026393338363951982 -0.046690928145682847 0.16934676027577844 -0.0032129230512107643 0.10960615778509637 0.019350129871257456 -0.060388373807319019 -0.092347656454885699 -0.063217658358140236 -0.0077782128399848174
leaf_weight=127.85894133150578 9.1299990490078908 19.690949894487858 65.211241669952869 95.874401152133942 6.1629448533058158 296.89985394850373 7.9611605256795874 11.471344843506815 24.049811165779829 11.66152138262987 7.4209477603435507 139.3593477383256
leaf_count=595 44 85 294 323 42 1281 43 59 79 36 23 579
internal_value=2.43696e-05 -0.00586234 -0.0100434 -0.0333354 0.0816613 0.00407624 -0.00466282 0.0222211 -0.00749727 -0.0369579 0.0323407 0.0031147
internal_weight=822.752 335.429 320.136 115.565 15.2929 487.324 328.911 158.413 320.95 23.1329 135.28 204.571
internal_count=3483 1367 1281 408 86 2116 1403 713 1360 95 618 873
is_linear=0
shrinkage=0.1


Tree=62
num_leaves=8
num_cat=0
split_feature=9 3 15 9 9 14 9
split_gain=1.97524 4.18675 4.78613 3.93039 2.79111 14.2041 4.10233
threshold=5.7855341582220084e-05 0.0013821047503928502 0.00029288405167305004 5.8309058744903378e-05 5.8712966498971102e-05 0.00017583490872120002 5.9335976630895974e-05
decision_type=2 2 2 2 2 2 2
left_child=1 2 -1 -2 5 -5 -6
right_child=3 -3 -4 4 6 -7 -8
leaf_value=0.047262673300099922 0.060422081938290878 -0.086694120210897924 -0.05364442608578273 0.056993880541560217 0.03331803624316311 -0.10266542217555397 -0.00054833301836831145
leaf_weight=9.8785317763686233 10.950302153825758 8.1067158132791501 8.9673940241336805 9.7335340604186076 37.628838814795017 13.03356224298477 723.24294641241431
leaf_count=46 56 24 28 48 168 36 3077
internal_value=2.24788e-05 -0.0266011 -0.000751615 0.000925556 9.41719e-05 -0.0344069 0.00112652
internal_weight=821.542 26.9526 18.8459 794.589 783.639 22.7671 760.872
internal_count=3483 98 74 3385 3329 84 3245
is_linear=0
shrinkage=0.1


Tree=63
num_leaves=5
num_cat=0
split_feature=16 9 0 16
split_gain=2.04245 2.81539 4.51143 3.65637
threshold=-0.0029599570860859496 0.00031895485620625003 17.21302776725862 -0.0018340577109763497
decision_type=2 2 2 2
left_child=-1 2 -2 -4
right_child=1 -3 3 -5
leaf_value=0.052976238214866633 0.095788696884453628 -0.049877430640874784 0.036682205682072568 -0.0015775971081129878
leaf_weight=7.2187536843121043 4.9122397154569617 11.363529086112974 25.813754886388779 771.8599426522851
leaf_count=56 32 41 140 3214
internal_value=1.87505e-05 -0.000450919 0.000248894 -0.00033946
internal_weight=821.168 813.949 802.586 797.674
internal_count=3483 3427 3386 3354
is_linear=0
shrinkage=0.1


Tree=64
num_leaves=10
num_cat=0
split_feature=15 14 14 2 10 7 9 8 16
split_gain=1.93214 9.19932 3.71206 8.08516 3.87794 1.81532 3.96782 3.32737 1.80845
threshold=-0.0018072588938873996 -0.0013946221584097997 -0.00097109393924974983 0.097670511065473767 5.8838830467292307e-05 -0.0015959285799312997 0.00032132758505790002 -0.0014402840732450999 -0.0014218092072651497
decision_type=2 2 2 2 2 2 2 2 2
left_child=5 8 4 -4 -3 6 -1 -7 -2
right_child=1 2 3 -5 -6 7 -8 -9 -10
leaf_value=0.058190574239496674 0.04400028506226189 -0.0070823218638703242 0.094297991979348336 -6.9060504968559432e-05 -0.084385705075605832 -0.085318260080352246 -0.055345820931489098 0.0027597051842882369 0.13293732906836664
leaf_weight=6.483186177909376 3.7505087703466415 17.203623317182068 9.1912945583462697 744.52720195427537 10.41987308859825 9.5802725404500979 5.8605797365307808 7.765935853123664 5.8565153479576093
leaf_count=41 27 81 58 3101 37 29 24 32 53
internal_value=1.7922e-05 0.000958022 -0.00023783 0.00108171 -0.036242 -0.0250266 0.0042857 -0.0458856 0.098217
internal_weight=820.639 790.949 781.342 753.718 27.6235 29.69 12.3438 17.3462 9.60702
internal_count=3483 3357 3277 3159 118 126 65 61 80
is_linear=0
shrinkage=0.1


Tree=65
num_leaves=6
num_cat=0
split_feature=1 0 9 0 2
split_gain=1.96647 3.46531 4.50191 4.77092 3.29322
threshold=-5.9813234725097564 15.396957562924884 0.00029834690268895002 18.658573058033237 0.27381794289937367
decision_type=2 2 2 2 2
left_child=-1 -2 3 -3 -4
right_child=1 2 4 -5 -6
leaf_value=0.053410969492147603 -0.065670224367722782 -0.093133509104150566 0.12892726008822394 9.541708617749671e-05 0.0045290821590776515
leaf_weight=6.8410231992602339 8.0606035217642766 5.5274598821997634 4.6726115792989713 790.75240745767951 3.9079377800226212
leaf_count=42 27 19 48 3328 19
internal_value=2.05303e-05 -0.000428769 0.000224618 -0.000551741 0.0722712
internal_weight=819.762 812.921 804.86 796.28 8.58055
internal_count=3483 3441 3414 3347 67
is_linear=0
shrinkage=0.1


Tree=66
num_leaves=6
num_cat=0
split_feature=12 12 15 0 15
split_gain=1.9032 6.43176 2.60993 6.49925 5.19822
threshold=4.7219847631869726e-05 4.896679625814404e-05 -0.00055153534499494995 36.465509591842427 -0.00011829488632779997
decision_type=2 2 2 2 2
left_child=-1 -2 3 -3 -4
right_child=1 2 4 -5 -6
leaf_value=-0.040958702605561413 0.084214418697899696 0.0045225725464308631 0.034671402332658842 -0.041392284156511777 -0.00023672902820321497
leaf_weight=11.178595371544359 9.0933535322546941 79.206549614667892 45.791290603578091 50.474500246345997 623.44821900129318
leaf_count=42 56 402 229 178 2576
internal_value=2.0695e-05 0.000587631 -0.000364213 -0.0133484 0.00215179
internal_weight=819.193 808.014 798.921 129.681 669.24
internal_count=3483 3441 3385 580 2805
is_linear=0
shrinkage=0.1


Tree=67
num_leaves=9
num_cat=0
split_feature=9 3 9 0 16 9 0 8
split_gain=1.88366 1.82628 9.36046 15.7606 11.1096 4.27744 10.7992 9.19275
threshold=5.7070402614348545e-05 0.0030461719098690003 0.00018746980279920003 28.359683638968921 -0.0011902138744534498 0.00022459820895465 28.572430963795636 -0.0011177860228416998
decision_type=2 2 2 2 2 2 2 2
left_child=-1 2 4 -4 -2 6 -3 -7
right_child=1 5 3 -5 -6 7 -8 -9
leaf_value=-0.047469936554674415 -0.10949189790903924 -0.09649853793362323 0.01682118970785847 0.16765609366729162 0.0010138798598908012 -0.014088799618131635 0.0058372815841224827 0.078157630251197846
leaf_weight=8.2680950909852964 9.2271167784929258 17.529227793216705 33.458387166261673 8.736173287034033 648.13434227183461 54.817207474261522 25.044807396829128 13.45460633933544
leaf_count=28 28 51 172 61 2700 263 106 74
internal_value=1.92418e-05 0.000503748 0.0023934 0.0480508 -0.000537245 -0.011422 -0.036298 0.00409058
internal_weight=818.67 810.402 699.556 42.1946 657.361 110.846 42.574 68.2718
internal_count=3483 3455 2961 233 2728 494 157 337
is_linear=0
shrinkage=0.1


Tree=68
num_leaves=7
num_cat=0
split_feature=3 20 3 0 16 16
split_gain=1.80278 2.20146 8.40087 21.7433 5.70925 8.30463
threshold=0.00072666725618965018 1.0000000180025095e-35 0.0032666390303539004 29.713358134639872 0.00062391133605750008 0.00061252133179405012
decision_type=2 2 2 2 2 2
left_child=-1 4 3 -3 5 -2
right_child=1 2 -4 -5 -6 -7
leaf_value=0.050963309333501884 -0.0054699244397817069 0.15396899108837669 -0.067333037079045144 0.0054812939828278581 -0.067555683957726029 0.043998494739428864
leaf_weight=6.8882782943546763 519.01940991356969 10.329752825200556 14.098298005759714 217.55329100415111 13.711209155619143 36.310466937720776
leaf_count=42 2144 76 53 963 42 163
internal_value=2.08363e-05 -0.000411835 0.00757767 0.0122121 -0.00380932 -0.00223541
internal_weight=817.911 811.022 241.981 227.883 569.041 555.33
internal_count=3483 3441 1092 1039 2349 2307
is_linear=0
shrinkage=0.1


Tree=69
num_leaves=7
num_cat=0
split_feature=6 14 6 6 15 1
split_gain=1.85754 3.68264 3.42537 2.85942 8.35441 3.23886
threshold=0.00021911922104155004 0.00019472566643760004 0.00021733710396060004 0.00021368131419150001 0.00031124177215020003 1.9540185297596513
decision_type=2 2 2 2 2 2
left_child=2 -2 3 5 -5 -1
right_child=1 -3 -4 4 -6 -7
leaf_value=0.0011675315241999032 -0.018014140051719779 0.095468521697126579 -0.056466789791757371 0.098914882143635974 -0.028228386790895638 -0.022412133889271352
leaf_weight=710.65093044191599 5.5909732133150083 5.8533070683479309 10.806437179446219 10.597057409584524 10.087782382965086 63.45432074368
leaf_count=3033 26 39 39 63 41 242
internal_value=2.31208e-05 0.0400279 -0.000545185 0.000215158 0.0369084 -0.000765321
internal_weight=817.041 11.4443 805.597 794.79 20.6848 774.105
internal_count=3483 65 3418 3379 104 3275
is_linear=0
shrinkage=0.1


Tree=70
num_leaves=7
num_cat=0
split_feature=16 16 16 0 0 14
split_gain=1.84514 2.2226 17.5093 13.5133 17.9633 7.23355
threshold=-0.0029599570860859496 -0.0014218092072651497 -0.0013049562442071997 26.953640729076422 25.27105446711489 -0.0012811224869555499
decision_type=2 2 2 2 2 2
left_child=-1 3 -3 4 -2 -4
right_child=1 2 5 -5 -6 -7
leaf_value=0.051420767381291282 -0.022072509533125634 0.1478052841130377 0.10190929485373737 -0.12353038198509639 0.13886893234491476 -0.00142337826718977
leaf_weight=6.9252009689807883 47.513220243155956 8.0519053936004621 6.8380370549857608 10.250329621136187 8.1202867627143842 728.88337213173509
leaf_count=56 215 56 58 26 53 3019
internal_value=2.23964e-05 -0.000417227 0.00114214 -0.0180212 0.00141856 -0.00046297
internal_weight=816.582 809.657 743.773 65.8838 55.6335 735.721
internal_count=3483 3427 3133 294 268 3077
is_linear=0
shrinkage=0.1


Tree=71
num_leaves=7
num_cat=0
split_feature=1 7 1 16 9 0
split_gain=1.62695 2.38573 5.33532 2.15018 5.46025 4.35112
threshold=2.2356898092689339 0.00058997699154065013 2.2097048772493513 0.00061971504744965007 6.3319138357162351e-05 99.999999971782742
decision_type=2 2 2 2 2 2
left_child=1 3 -3 5 -5 -1
right_child=-2 2 -4 4 -6 -7
leaf_value=-0.00043530853845916476 -0.045401029327398361 0.10980913452917035 -0.0131853073442205 -0.044962710963897173 0.034266987257698778 0.042111299694310211
leaf_weight=726.04460751265287 7.8083335906267157 6.297580834478139 8.016281917691229 30.226797789335251 12.212811529636381 24.859513632953167
leaf_count=3090 26 49 32 108 55 123
internal_value=2.64375e-05 0.000465625 0.0409278 -0.000264412 -0.0221628 0.000973244
internal_weight=815.466 807.658 14.3139 793.344 42.4396 750.904
internal_count=3483 3457 81 3376 163 3213
is_linear=0
shrinkage=0.1


Tree=72
num_leaves=5
num_cat=0
split_feature=7 1 1 8
split_gain=1.72394 4.84127 4.18832 3.48139
threshold=0.00060118911348645018 2.2097048772493513 2.1609669578838298 0.0010695121652814501
decision_type=2 2 2 2
left_child=1 2 3 -1
right_child=-2 -3 -4 -5
leaf_value=0.00088820484110862141 0.046954936259602793 -0.067684656650168845 0.064994870780638078 -0.036132989001527838
leaf_weight=760.28723134472966 7.7530721426010123 10.561789840459822 9.9330991581082326 26.279022641479969
leaf_count=3257 39 34 57 96
internal_value=2.51905e-05 -0.000425642 0.00046623 -0.000348666
internal_weight=814.814 807.061 796.499 786.566
internal_count=3483 3444 3410 3353
is_linear=0
shrinkage=0.1


Tree=73
num_leaves=6
num_cat=0
split_feature=1 9 16 16 8
split_gain=1.82006 2.39013 4.22295 12.9896 5.58866
threshold=-5.9813234725097564 0.00031895485620625003 -0.0018340577109763497 -0.0017196812659505997 -0.0013281493826150998
decision_type=2 2 2 2 2
left_child=-1 2 4 -4 -2
right_child=1 -3 3 -5 -6
leaf_value=0.051820478011244155 0.014476225404346794 -0.047294530621639852 -0.11190476513103109 0.00039484556269818059 0.1239082916059827
leaf_weight=6.7274625822901717 20.401364352554086 10.728577386587856 10.441555224359034 760.20094441622496 6.0509337708353987
leaf_count=42 115 48 28 3210 40
internal_value=2.21166e-05 -0.000409254 0.000221803 -0.00112672 0.0395087
internal_weight=814.551 807.823 797.095 770.642 26.4523
internal_count=3483 3441 3393 3238 155
is_linear=0
shrinkage=0.1


Tree=74
num_leaves=5
num_cat=0
split_feature=15 1 6 16
split_gain=1.69283 2.32769 2.45108 3.11934
threshold=0.00032425727654480002 2.2356898092689339 0.00021842246306080004 0.0006206538784539001
decision_type=2 2 2 2
left_child=1 2 3 -1
right_child=-2 -3 -4 -5
leaf_value=0.00069707419862449131 0.042442539854049915 -0.05721099318075662 0.051867676741307225 -0.032204207312554321
leaf_weight=758.61471423134208 9.2991655096411687 7.165389046072959 9.0218865387141687 29.954069510102272
leaf_count=3247 52 23 53 108
internal_value=2.06978e-05 -0.000469498 4.02562e-05 -0.000552693
internal_weight=814.055 804.756 797.591 788.569
internal_count=3483 3431 3408 3355
is_linear=0
shrinkage=0.1


Tree=75
num_leaves=9
num_cat=0
split_feature=0 0 1 8 12 12 9 8
split_gain=1.63981 5.79265 5.77446 5.87009 2.66893 2.34211 6.62933 5.17935
threshold=99.999999971994413 99.999999971782742 1.7793685659471523 0.00048787110051945004 6.2399298616227323e-05 6.0093284595922446e-05 6.9614112747379115e-05 0.00015687390391985002
decision_type=2 2 2 2 2 2 2 2
left_child=1 5 3 -2 -3 7 -7 -1
right_child=2 4 -4 -5 -6 6 -8 -9
leaf_value=0.0047546985856311763 0.0017961696690582828 0.095094175742227338 0.041139913913265769 -0.10025336167222945 0.0071120069639438004 0.027470763117831826 -0.0034683628706548581 -0.016955164969704579
leaf_weight=245.37821910530329 11.096697688102724 9.3963489830493909 10.036491937935351 11.455691978335379 5.4462600275874129 100.89981092512608 220.82383841648698 199.02063406258821
leaf_count=1060 44 54 58 34 25 455 985 768
internal_value=1.81938e-05 0.000935306 -0.0219596 -0.0500408 0.0628105 -0.000263444 0.00623485 -0.0049679
internal_weight=813.554 780.965 32.5889 22.5524 14.8426 766.123 321.724 444.399
internal_count=3483 3347 136 78 79 3268 1440 1828
is_linear=0
shrinkage=0.1


Tree=76
num_leaves=7
num_cat=0
split_feature=16 13 9 16 16 14
split_gain=1.57004 6.36254 3.46896 3.72451 10.6681 8.1703
threshold=-0.0027232387546095495 5.7192443381580031e-05 0.00031895485620625003 -0.0018340577109763497 -0.0017196812659505997 0.00017804300191285002
decision_type=2 2 2 2 2 2
left_child=1 -1 3 5 -5 -2
right_child=2 -3 -4 4 -6 -7
leaf_value=-0.035320493349067235 0.0095001286090847497 0.12772787840371833 -0.061919538212708861 -0.10202742235379843 0.00038310474041089015 0.15266011015638839
leaf_weight=5.169668857008217 19.709825418889526 4.4563981294631958 9.0812563300132734 10.309875100851057 759.50134020298719 4.997282311320304
leaf_count=26 104 44 33 28 3211 37
internal_value=1.66177e-05 0.0401629 -0.000464282 0.000238144 -0.000988452 0.0384558
internal_weight=813.226 9.62607 803.6 794.518 769.811 24.7071
internal_count=3483 70 3413 3380 3239 141
is_linear=0
shrinkage=0.1


Tree=77
num_leaves=8
num_cat=0
split_feature=2 16 15 6 2 1 6
split_gain=1.55675 1.90677 9.89798 10.8362 8.98269 7.1886 4.12023
threshold=0.96159677926666765 0.00060557738383910009 0.00029848967923255007 0.00019886954960290004 0.91250472722899423 2.1878048824687544 0.00021269916489775003
decision_type=2 2 2 2 2 2 2
left_child=1 5 3 -3 -4 6 -1
right_child=-2 2 4 -5 -6 -7 -8
leaf_value=-0.00110944822199052 -0.036349479024513486 -0.0059034487706449206 -0.0076688193628611529 0.14764643937607785 0.088591856258636179 -0.078980630384087924 0.077633114094474681
leaf_weight=642.17956575751305 11.60250850021839 8.3038645982742327 110.91963631659746 10.292670652270315 10.622503489255903 11.821995645761488 6.7145994156599036
leaf_count=2760 39 32 456 61 58 39 38
internal_value=1.77928e-05 0.000544669 0.0111397 0.0790822 0.000744142 -0.00170254 -0.000294639
internal_weight=812.457 800.855 140.139 18.5965 121.542 660.716 648.894
internal_count=3483 3444 607 93 514 2837 2798
is_linear=0
shrinkage=0.1


Tree=78
num_leaves=14
num_cat=0
split_feature=16 0 1 0 16 6 0 0 1 0 3 15 14
split_gain=1.59351 18.3186 12.7203 12.5486 11.4574 6.68828 4.50961 12.3216 12.256 7.83636 6.69465 11.5295 0.0339469
threshold=0.00047362204927925005 74.254367956098477 0.40189907384728946 54.129691755387292 0.00010363550737980001 0.00018212031550110002 36.622249726752408 50.430199687985031 -0.49121298126101459 94.809109711442758 0.0021429132504687501 0.00030561207458415003 0.00016643552478655003
decision_type=2 2 2 2 2 2 2 2 2 2 2 2 2
left_child=1 2 3 -1 -4 12 10 8 -8 -9 -2 -12 -3
right_child=6 5 4 -5 -6 -7 7 9 -10 -11 11 -13 -14
leaf_value=0.0018352893130108407 -0.085766720196468832 0.14621533631150216 -0.01916931835531072 0.076625494157196161 -0.1286121258721373 0.022783634346273486 -0.011767664771658541 -0.03779158044535736 0.13504942365874739 0.0014545617726098173 -0.042713441801885743 0.094535509958062758 0.15777270781767733
leaf_weight=271.95465924590826 16.014246836304665 4.057877756655218 39.896774470806122 24.450900416821241 12.582242101430891 6.1274476125836363 10.158988893032076 60.678780525922775 12.913255035877226 314.95345901697874 23.0826550424099 8.329126872122286 6.8007762879133224
leaf_count=1243 45 31 169 132 32 30 38 212 71 1308 83 42 47
internal_value=1.58655e-05 0.00490764 -2.96518e-05 0.00800484 -0.0454091 0.106317 -0.00399587 -0.00052833 0.0704041 -0.00488517 -0.033147 -0.0063206 0.153454
internal_weight=812.001 365.871 348.885 296.406 52.479 16.9861 446.131 398.704 23.0722 375.632 47.426 31.4118 10.8587
internal_count=3483 1684 1576 1375 201 108 1799 1629 109 1520 170 125 78
is_linear=0
shrinkage=0.1


Tree=79
num_leaves=14
num_cat=0
split_feature=16 16 14 16 9 9 8 1 16 1 6 1 15
split_gain=1.47033 9.45943 7.70041 6.61382 10.3812 9.41621 6.51905 11.5345 6.25333 15.1423 5.97508 4.95094 4.31447
threshold=-0.00051105196503984989 -0.00067673435485984996 0.00017821459254040002 -0.00020719874332169997 0.0001319912903352 0.00012786946016000002 -0.00029432814385584998 -1.3899148966302162 -1.8763189191299261e-05 -1.1587272530018706 5.3804876019079652e-05 -2.3730985608990518 0.00025359225770980003
decision_type=2 2 2 2 2 2 2 2 2 2 2 2 2
left_child=1 2 12 4 5 -2 7 -3 9 -5 -4 -10 -1
right_child=3 6 10 8 -6 -7 -8 -9 11 -11 -12 -13 -14
leaf_value=-0.0026302355307814222 -0.03473977703934885 0.12954131203531272 0.043855869639431999 0.12901247594401216 -0.099895050350200951 0.075321278497421165 0.15963744236792865 -0.044800169567356107 -0.050890557354531178 -4.7621531024525361e-05 -0.045323636640182796 -0.00016735608410857749 -0.044882021623506047
leaf_weight=85.989888411015272 31.236736595630646 7.0784062147140512 48.524706717580557 12.743384286761282 17.107789896428585 10.348660886287687 5.9286368414759627 8.1807305961847305 20.031109750270844 31.718121722340584 8.889329254627226 489.14174950495362 33.615645796060562
leaf_count=430 109 49 248 80 46 50 42 35 65 141 32 2026 130
internal_value=1.70116e-05 0.00750308 -5.48827e-05 -0.00240619 -0.0343254 -0.00735073 0.0706483 0.0360733 0.000977703 0.0369431 0.0300483 -0.00216283 -0.0145053
internal_weight=810.535 198.207 177.02 612.328 58.6932 41.5854 21.1878 15.2591 553.634 44.4615 57.414 509.173 119.606
internal_count=3483 966 840 2517 205 159 126 84 2312 221 280 2091 560
is_linear=0
shrinkage=0.1


end of trees

feature_importances:
Column_16=85
Column_0=80
Column_9=60
Column_1=53
Column_3=51
Column_8=46
Column_15=40
Column_14=37
Column_7=30
Column_12=28
Column_2=24
Column_6=24
Column_10=23
Column_20=12
Column_13=3
Column_4=2
Column_5=1

parameters:
[boosting: gbdt]
[objective: binary]
[metric: binary_logloss]
[tree_learner: serial]
[device_type: cpu]
[data_sample_strategy: bagging]
[data: ]
[valid: ]
[num_iterations: 80]
[learning_rate: 0.1]
[num_leaves: 15]
[num_threads: 1]
[seed: 42]
[deterministic: 0]
[force_col_wise: 0]
[force_row_wise: 0]
[histogram_pool_size: -1]
[max_depth: 4]
[min_data_in_leaf: 30]
[min_sum_hessian_in_leaf: 0.001]
[bagging_fraction: 0.8]
[pos_bagging_fraction: 1]
[neg_bagging_fraction: 1]
[bagging_freq: 0]
[bagging_seed: 400]
[bagging_by_query: 0]
[feature_fraction: 0.8]
[feature_fraction_bynode: 1]
[feature_fraction_seed: 30056]
[extra_trees: 0]
[extra_seed: 12879]
[early_stopping_round: 0]
[early_stopping_min_delta: 0]
[first_metric_only: 0]
[max_delta_step: 0]
[lambda_l1: 0]
[lambda_l2: 0]
[linear_lambda: 0]
[min_gain_to_split: 0]
[drop_rate: 0.1]
[max_drop: 50]
[skip_drop: 0.5]
[xgboost_dart_mode: 0]
[uniform_drop: 0]
[drop_seed: 17869]
[top_rate: 0.2]
[other_rate: 0.1]
[min_data_per_group: 100]
[max_cat_threshold: 32]
[cat_l2: 10]
[cat_smooth: 10]
[max_cat_to_onehot: 4]
[top_k: 20]
[monotone_constraints: ]
[monotone_constraints_method: basic]
[monotone_penalty: 0]
[feature_contri: ]
[forcedsplits_filename: ]
[refit_decay_rate: 0.9]
[cegb_tradeoff: 1]
[cegb_penalty_split: 0]
[cegb_penalty_feature_lazy: ]
[cegb_penalty_feature_coupled: ]
[path_smooth: 0]
[interaction_constraints: ]
[verbosity: -1]
[saved_feature_importance_type: 0]
[use_quantized_grad: 0]
[num_grad_quant_bins: 4]
[quant_train_renew_leaf: 0]
[stochastic_rounding: 1]
[linear_tree: 0]
[max_bin: 255]
[max_bin_by_feature: ]
[min_data_in_bin: 3]
[bin_construct_sample_cnt: 200000]
[data_random_seed: 175]
[is_enable_sparse: 1]
[enable_bundle: 1]
[use_missing: 1]
[zero_as_missing: 0]
[feature_pre_filter: 1]
[pre_partition: 0]
[two_round: 0]
[header: 0]
[label_column: ]
[weight_column: ]
[group_column: ]
[ignore_column: ]
[categorical_feature: ]
[forcedbins_filename: ]
[precise_float_parser: 0]
[parser_config_file: ]
[objective_seed: 16083]
[num_class: 1]
[is_unbalance: 0]
[scale_pos_weight: 1]
[sigmoid: 1]
[boost_from_average: 1]
[reg_sqrt: 0]
[alpha: 0.9]
[fair_c: 1]
[poisson_max_delta_step: 0.7]
[tweedie_variance_power: 1.5]
[lambdarank_truncation_level: 30]
[lambdarank_norm: 1]
[label_gain: ]
[lambdarank_position_bias_regularization: 0]
[eval_at: ]
[multi_error_top_k: 1]
[auc_mu_weights: ]
[num_machines: 1]
[local_listen_port: 12400]
[time_out: 120]
[machine_list_filename: ]
[machines: ]
[gpu_platform_id: -1]
[gpu_device_id: -1]
[gpu_use_dp: 0]
[num_gpu: 1]

end of parameters

pandas_categorical:null
