tree
version=v4
num_class=1
num_tree_per_iteration=1
label_index=0
max_feature_idx=20
objective=binary sigmoid:1
feature_names=Column_0 Column_1 Column_2 Column_3 Column_4 Column_5 Column_6 Column_7 Column_8 Column_9 Column_10 Column_11 Column_12 Column_13 Column_14 Column_15 Column_16 Column_17 Column_18 Column_19 Column_20
feature_infos=[17.690716631190654:99.999999976271184] [-4.6899094368322949:2.5239412123978582] [0.00090439618033529999:0.0083246485619378995] [0.0001111622939966:0.00055737343531640001] [-0.0052316902236548002:0.00067232453306709998] [-0.004642418300276:0.0013161205529782] [1.4529929497734563e-05:0.0011059924857989001] [-0.95710479527064996:-0.79071476511626604] [-0.0042077715360980998:0.0015601368462569] [0.41364728831837011:0.59729476375844315] [0.5:0.5846935779089576] [-3:-1.7860191138941544] [1.4132970955617621:10] [0.67713544372442247:1] [-0.0031726280585422:0.0004062788550323] [-8.5805445721560066e-05:3.3900330290164682e-05] [0.053758932147828301:0.62867087603936478] [0.40904620791456392:0.90000000000000002] [0.0033333333333333002:0.25] [0.002583756795487:0.0028445252229536001] [0.035672677794517195:0.9847498816797664]
tree_sizes=1688 1731 1732 1627 1627 1724 1624 1643 1415 1523 1414 1410 1299 1513 1415 1407 1632 1524 1624 1304 888 1418 1306 1417 890 893 889 990 992 796 888 997 690 890 681 1318 896 690 1299 681 1303 794 894 890 894 797 1100 990 1295 676

Tree=0
num_leaves=15
num_cat=0
split_feature=20 15 14 2 20 17 2 5 5 5 15 19 9 15
split_gain=75.6465 61.7621 16.637 14.4912 11.7434 14.228 10.25 9.42797 7.83797 9.02639 6.84304 6.82542 5.05062 4.57173
threshold=0.49090754796096708 -2.8845568693725094e-06 0.00032428437054670003 0.0027791496686714007 0.26026941873573561 0.61018263111071669 0.0024364033478453504 0.0011597772676772502 -0.0020911633514706994 -0.0023607082681944996 2.3735019649036249e-05 0.0026042947335981506 0.51362014757903818 9.528575121167076e-06
decision_type=2 2 2 2 2 2 2 2 2 2 2 2 2 2
left_child=3 2 11 4 5 -1 13 -6 9 -5 -10 -2 -8 -3
right_child=1 6 -4 8 7 -7 12 -9 10 -11 -12 -13 -14 -15
leaf_value=0.58185926515023212 0.57784431189140451 0.66316206864149319 0.79967047944163527 0.75832418193966911 0.69728917134152868 0.70833029280330484 0.54286403162386798 0.79048241333008717 0.77990029580851117 0.61271330812839719 0.67425337701900467 0.71435272269154648 0.47000266735929219 0.55600296616338163
leaf_weight=11.386006951332094 4.6883558034896868 4.6883558034896833 8.7069464921951276 5.8046309947967529 34.38127589225769 11.386006951332091 13.395302295684816 8.7069464921951276 32.371980547904968 5.1348658800125104 4.4651007652282706 4.6883558034896851 11.162751913070677 5.5813759565353394
leaf_count=51 21 21 39 26 154 51 60 39 145 23 20 21 50 25
internal_value=0.679105 0.600092 0.720041 0.715895 0.691563 0.645095 0.537811 0.716121 0.749437 0.689976 0.767095 0.646099 0.509745 0.604923
internal_weight=166.548 52.9114 18.0837 113.637 65.8602 22.772 34.8278 43.0882 47.7766 10.9395 36.8371 9.37671 24.5581 10.2697
internal_count=746 237 81 509 295 102 156 193 214 49 165 42 110 46
is_linear=0
shrinkage=1


Tree=1
num_leaves=15
num_cat=0
split_feature=20 15 14 2 6 5 15 2 6 5 19 2 15 2
split_gain=63.1494 49.5152 14.7635 12.8143 11.3557 13.1801 9.95251 7.73472 7.28769 6.20709 5.5965 4.62524 3.61668 1.45816
threshold=0.49090754796096708 -2.8845568693725094e-06 0.00032428437054670003 0.0027791496686714007 0.00025583249345620005 -0.00059706871155634984 1.3147504053577228e-06 0.0024364033478453504 0.00053587355368205005 -0.0020911633514706994 0.0026042947335981506 0.0029801097341609502 9.528575121167076e-06 0.0028536806757787502
decision_type=2 2 2 2 2 2 2 2 2 2 2 2 2 2
left_child=3 2 10 4 6 -6 -1 12 13 -10 -2 -9 -3 -5
right_child=1 7 -4 8 5 -7 -8 11 9 -11 -12 -13 -14 -15
leaf_value=0.011057527549816277 -0.090208184690685492 -0.01458858942734032 0.1159581679614327 0.066061155134210237 -0.044332134323429834 0.051090354254836018 -0.1249025918357332 -0.1679071146869692 -0.014914037773909141 0.066309083366773769 0.032829795942837095 -0.090189733375288808 -0.10897515839920084 0.11725689649605542
leaf_weight=7.3343707025051099 4.8350344151258486 4.7125993072986585 8.3435226380825025 4.7416791915893581 12.090326175093649 39.627968430519104 6.4992262274026871 19.200676590204242 8.8820807039737719 18.697205662727356 4.6333346217870712 6.5806136429309836 5.7908095419406891 14.293880879878996
leaf_count=33 21 21 39 22 54 179 29 82 40 86 21 28 25 66
internal_value=0.000125003 -0.0708693 0.0383705 0.0343646 0.0115625 0.0287832 -0.0528185 -0.124494 0.06643 0.0401507 -0.0299997 -0.14807 -0.0666264 0.104504
internal_weight=166.263 54.0966 17.8119 112.167 65.5519 51.7183 13.8336 36.2847 46.6148 27.5793 9.46837 25.7813 10.5034 19.0356
internal_count=746 237 81 509 295 233 62 156 214 126 42 110 46 88
is_linear=0
shrinkage=0.08


Tree=2
num_leaves=15
num_cat=0
split_feature=20 15 14 2 6 5 4 6 2 5 15 9 4 2
split_gain=53.1413 40.3971 13.1688 11.3414 9.57256 11.3022 8.49908 6.72456 6.10307 5.73254 4.75758 3.82958 3.28468 1.38852
threshold=0.49090754796096708 -2.8845568693725094e-06 0.00032428437054670003 0.0027791496686714007 0.00025583249345620005 -0.00059706871155634984 0.00047968724381715003 0.00053587355368205005 0.0024364033478453504 -0.0011541503270629998 -2.5512798418706555e-05 0.51362014757903818 0.0005748826617113001 0.0028536806757787502
decision_type=2 2 2 2 2 2 2 2 2 2 2 2 2 2
left_child=3 2 10 4 6 -6 -1 13 12 -9 -2 -10 -3 -5
right_child=1 8 -4 7 5 -7 -8 9 11 -11 -12 -13 -14 -15
leaf_value=0.031426503727901171 0.026724242940055511 -0.10267963348235215 0.11202119307084923 0.062411255207398701 -0.040201047027226398 0.047882886840673614 -0.096660471827730313 0.000750665903063649 -0.10393417970214626 0.074251875508710277 -0.086432278839351187 -0.16485794919732491 -0.013873508668998853 0.11313837227341873
leaf_weight=5.3625796288251868 4.9744561910629281 5.5728277415037137 7.9614416956901541 4.6224687099456814 12.258631706237791 38.929458603262901 8.6849929690361005 13.564816623926164 14.443123519420626 13.599524706602095 4.5558199286460885 12.164936095476149 5.1094642877578735 13.655194163322447
leaf_count=24 22 24 39 22 54 179 38 62 60 64 20 50 22 66
internal_value=0.000211327 -0.0642309 0.0360753 0.0321083 0.0107346 0.0267884 -0.047764 0.062792 -0.111281 0.0375482 -0.0273687 -0.131788 -0.0602026 0.100309
internal_weight=165.46 54.7821 17.4917 110.678 65.2357 51.1881 14.0476 45.442 37.2904 27.1643 9.53028 26.6081 10.6823 18.2777
internal_count=746 237 81 509 295 233 62 214 156 126 42 110 46 88
is_linear=0
shrinkage=0.08


Tree=3
num_leaves=14
num_cat=0
split_feature=20 15 14 2 5 8 9 9 16 0 15 15 14
split_gain=45.1799 35.8148 14.2481 9.84808 9.21376 8.52547 8.38441 11.2876 10.1512 8.19691 7.09984 5.47638 0.00289444
threshold=0.49686198472275162 -1.8689306424742978e-06 0.00012898790609185002 0.0024364033478453504 -0.0011541503270629998 0.0013038556067634501 0.51158627111408073 0.52654630220861909 0.29486291315462093 29.694226038731994 1.650276572063524e-05 2.2568861007681833e-05 0.00036133130952440009
decision_type=2 2 2 2 2 2 2 2 2 2 2 2 2
left_child=3 2 -2 6 9 10 8 -8 -1 -5 -3 -6 -4
right_child=1 5 12 4 11 -7 7 -9 -10 -11 -12 -13 -14
leaf_value=0.077285575429072287 -0.035728445282094248 -0.056953750093649405 0.11162447659630834 0.053718213843118222 0.086127234325322682 -0.17049279508696244 -0.082900343877529203 0.025249200305908218 -0.019971016520019397 -0.048089264806262653 -0.15065141774317836 -0.0067679242081837513 0.10862776666447854
leaf_weight=15.491391971707346 8.9225575774908084 19.021574079990391 3.9906801879405958 11.379696026444437 33.63390988111496 9.6336383968591672 12.593868315219881 12.120577976107596 12.339466616511343 9.1159373968839628 7.1104631572961798 4.6193239837884894 4.2699064314365387
leaf_count=71 39 79 20 53 162 39 57 56 55 42 29 22 22
internal_value=0.000272526 -0.0605588 0.034365 0.0292134 0.0517193 -0.106164 0.00405038 -0.0298611 0.0341646 0.00843683 -0.0824487 0.0749095 0.110075
internal_weight=164.243 52.9488 17.1831 111.294 58.7489 35.7657 52.5453 24.7144 27.8309 20.4956 26.132 38.2532 8.26059
internal_count=746 228 81 518 279 147 239 113 126 95 108 184 42
is_linear=0
shrinkage=0.08


Tree=4
num_leaves=14
num_cat=0
split_feature=20 15 14 2 20 17 9 19 5 5 19 15 1
split_gain=38.5332 27.676 10.5623 9.96452 8.45084 9.81259 9.54269 6.16672 6.1261 7.60364 4.50403 4.08753 3.58552
threshold=0.48865063832791383 -2.8845568693725094e-06 0.00032428437054670003 0.0027791496686714007 0.28566954457253263 0.61725911305240633 0.52053394274148113 0.0026025826629471507 -0.0020911633514706994 -0.0023557883488008495 0.0026042947335981506 2.3301654432483468e-05 -0.11237136410386479
decision_type=2 2 2 2 2 2 2 2 2 2 2 2 2
left_child=3 2 10 4 5 -1 -6 12 9 -5 -2 -10 -3
right_child=1 7 -4 8 6 -7 -8 -9 11 -11 -12 -13 -14
leaf_value=-0.062084550243259991 -0.075105662635954279 -0.1500698191599063 0.10564747309738644 0.063430797467134564 0.0650842398269946 0.035626773604020369 -0.019916087619609963 -0.01309662541888113 0.086669434352085239 -0.073497635632603128 0.034145280663458108 0.0024778948820333413 -0.088884521074244813
leaf_weight=17.199441432952884 5.0138265490531939 8.0994740128517133 7.1693599820137015 6.1436474919319153 22.999445602297783 10.651053622364996 13.365019470453261 5.6095714420080176 28.032262876629829 4.4940124452114087 4.6594567447900772 4.2502310425043097 25.204227671027184
leaf_count=76 21 33 39 29 107 49 62 23 143 20 21 20 103
internal_value=0.000322746 -0.0536134 0.0320589 0.0283925 0.00844609 -0.0247161 0.0338441 -0.0906945 0.0582353 0.00558367 -0.0224813 0.075585 -0.103765
internal_weight=162.891 55.7559 16.8426 107.135 64.215 27.8505 36.3645 38.9133 42.9202 10.6377 9.67328 32.2825 33.3037
internal_count=746 240 81 506 294 125 169 159 212 49 42 163 136
is_linear=0
shrinkage=0.08


Tree=5
num_leaves=15
num_cat=0
split_feature=20 15 14 5 7 6 8 15 16 20 20 4 20 17
split_gain=33.0476 25.3137 11.6955 8.87713 9.64682 9.0889 7.30902 6.48447 6.0144 3.94572 5.72622 0.679803 0.490254 0.0040842
threshold=0.49686198472275162 -1.8689306424742978e-06 0.00012898790609185002 0.0011660450244856001 -0.932651764150914 0.00043168178444550004 0.0012978911663436002 1.650276572063524e-05 0.15866109169923423 0.30712418057105484 0.20828891022769572 0.00061403476557385015 0.60837783286408254 0.60205290875524009
decision_type=2 2 2 2 2 2 2 2 2 2 2 2 2 2
left_child=3 2 -2 4 5 -1 7 -3 -6 10 -5 -11 -8 -4
right_child=1 6 13 9 8 -7 12 -9 -10 11 -12 -13 -14 -15
leaf_value=-0.063667194324235399 -0.030506288740521834 -0.039716134116937869 0.10308109826850989 0.092161178043434488 -0.0069365681195340647 0.050175014716789583 -0.15876165519854371 -0.12935130670773867 0.045990169288598538 0.11136150061824399 -0.038375516693053724 0.071506930223290716 -0.1248097765149347 0.1068278367474081
leaf_weight=15.840320423245432 9.0253557860851306 18.167298108339313 3.8230548202991477 4.4826221317052859 19.795106112957001 6.2629158645868293 5.9876285344362241 7.2173598259687415 44.930249497294426 9.0787216722965223 4.1343131065368652 3.9225451648235312 4.990567684173584 3.6299630850553513
leaf_count=71 39 74 22 23 92 30 24 29 216 46 20 20 20 20
internal_value=0.000363932 -0.0515138 0.0307394 0.0256416 0.0142208 -0.0314102 -0.0887881 -0.0652012 0.0298035 0.0715127 0.0295311 0.0993372 -0.143328 0.104906
internal_weight=161.288 52.8412 16.4784 108.447 86.8286 22.1032 36.3629 25.3847 64.7254 21.6182 8.61694 13.0013 10.9782 7.45302
internal_count=746 228 81 518 409 101 147 103 308 109 43 66 44 42
is_linear=0
shrinkage=0.08


Tree=6
num_leaves=14
num_cat=0
split_feature=20 15 14 5 7 3 8 6 15 20 20 4 4
split_gain=28.2397 21.4887 9.57393 7.94932 8.2124 8.19076 6.59121 5.4165 5.22006 3.66231 5.05702 0.662318 0.00157282
threshold=0.49686198472275162 -2.8845568693725094e-06 0.00012898790609185002 0.0011660450244856001 -0.932651764150914 0.00016080379427805004 0.0013038556067634501 0.00049437913505595012 1.650276572063524e-05 0.30712418057105484 0.20828891022769572 0.00061403476557385015 0.00058551566473040017
decision_type=2 2 2 2 2 2 2 2 2 2 2 2 2
left_child=3 2 -2 4 5 -1 8 -6 -3 10 -5 -11 -4
right_child=1 6 12 9 7 -7 -8 -9 -10 11 -12 -13 -14
leaf_value=-0.0027919834805794821 -0.024155004920996613 -0.03985341723216812 0.10321874100602534 0.088754513706697166 0.05249987717451006 -0.11971706842646279 -0.13789687846598225 0.0058514064784906871 -0.11932236311948428 0.10813765129529394 -0.034773578204666679 0.068039701950519879 0.10078895245280871
leaf_weight=17.349918723106388 8.8420329540967924 19.954195335507396 3.3823444843292227 4.2902550697326678 30.055155247449875 4.9221053570508948 9.6494218707084638 33.896785154938698 7.1984453797340384 8.6201959252357465 4.1948667168617249 3.7978574037551871 3.4380686283111572
leaf_count=79 38 81 20 23 143 22 39 165 29 46 20 20 21
internal_value=0.000383947 -0.0477035 0.0307782 0.0239343 0.0132044 -0.0286324 -0.0811042 0.0277745 -0.0609215 0.0681945 0.0276848 0.0958744 0.101994
internal_weight=159.592 52.4645 15.6624 107.127 86.224 22.272 36.8021 63.9519 27.1526 20.9032 8.48512 12.4181 6.82041
internal_count=746 228 79 518 409 101 149 308 110 109 43 66 41
is_linear=0
shrinkage=0.08


Tree=7
num_leaves=14
num_cat=0
split_feature=20 15 2 14 20 17 9 5 5 19 15 15 1
split_gain=24.4116 16.7714 8.09206 7.84581 7.29583 8.55169 7.42914 5.59291 6.80558 5.46006 4.05688 3.62566 3.00589
threshold=0.48865063832791383 -2.8845568693725094e-06 0.0027791496686714007 0.00032428437054670003 0.26026941873573561 0.61018263111071669 0.50047645973130583 -0.0020911633514706994 -0.0023607082681944996 0.0026025826629471507 -2.5512798418706555e-05 2.3301654432483468e-05 -0.11237136410386479
decision_type=2 2 2 2 2 2 2 2 2 2 2 2 2
left_child=2 3 4 10 5 -1 -6 8 -4 12 -2 -9 -3
right_child=1 9 7 -5 6 -7 -8 11 -10 -11 -12 -13 -14
leaf_value=-0.077498680684800078 0.032260782024247293 -0.12573548535947804 0.065038330657069682 0.098768512434843053 0.07096007121125239 0.020643983998380282 -0.00040435557335748179 0.080127110059624126 -0.064680823921790906 0.0017874234452221833 -0.070902228424321229 -0.00010190899154606157 -0.069704470958107695
leaf_weight=11.935051068663599 5.0641420930623999 8.0971132218837685 5.2146328091621399 6.0026757121086112 14.791953697800635 10.845822364091871 25.310408651828766 25.697978854179386 5.1396371871232969 5.6400513797998419 4.7073975652456275 4.1932232826948157 25.193195015192035
leaf_count=51 22 33 26 39 72 51 120 143 23 23 20 20 103
internal_value=0.000393696 -0.0428046 0.0233082 0.0267832 0.00538067 -0.0307736 0.0259188 0.0513199 0.000648529 -0.0710009 -0.0174376 0.0688724 -0.0833327
internal_weight=157.833 54.7046 103.129 15.7742 62.8832 22.7809 40.1024 40.2455 10.3543 38.9304 9.77154 29.8912 33.2903
internal_count=746 240 506 81 294 102 192 212 49 159 42 163 136
is_linear=0
shrinkage=0.08


Tree=8
num_leaves=12
num_cat=0
split_feature=20 15 14 2 5 9 5 14 17 17 17
split_gain=20.9417 15.6786 8.92132 7.31918 6.09496 7.25562 6.01495 6.84917 5.18229 0.679742 0.00655014
threshold=0.49686198472275162 -1.8689306424742978e-06 0.00012898790609185002 0.0015780285551008002 0.0012095773564640003 0.51013105716941431 0.0012183748189262002 0.00035327047568470006 0.5873537204481617 0.65041703584508492 0.60462899236742318
decision_type=2 2 2 2 2 2 2 2 2 2 2
left_child=3 2 -2 8 5 -5 7 -3 -1 -6 -4
right_child=1 6 10 4 9 -7 -8 -9 -10 -11 -12
leaf_value=0.0058835168372155236 -0.024387419790434999 -0.083729654383750282 0.097027315500816849 0.039803458525004824 0.10742267734659659 -0.0083608759703822054 -0.13703266248108736 -0.0029751302754783744 -0.10750397171321111 0.062685156414515081 0.10221640501382324
leaf_weight=6.0903506278991681 9.1482428163290006 18.431976675987247 3.4726231694221488 52.349177211523056 5.6091036349534971 32.410180374979973 6.9724554717540732 10.580157339572905 4.4753609299659729 3.548819974064827 2.8220370262861252
leaf_count=28 39 75 24 265 31 154 29 43 20 20 18
internal_value=0.000413564 -0.0413775 0.0260505 0.0209835 0.0280854 0.0213864 -0.0703144 -0.0542801 -0.0421445 0.0900863 0.0993537
internal_weight=155.91 51.4275 15.4429 104.483 93.9173 84.7594 35.9846 29.0121 10.5657 9.15792 6.29466
internal_count=746 228 81 518 470 419 147 118 48 51 42
is_linear=0
shrinkage=0.08


Tree=9
num_leaves=13
num_cat=0
split_feature=20 15 2 20 6 5 17 19 6 5 2 2
split_gain=18.0918 12.2248 6.87083 6.85268 6.33875 9.64978 6.90941 5.97875 5.07163 5.42047 3.48467 1.85221
threshold=0.48865063832791383 -5.9731383488108818e-06 0.0027791496686714007 0.73272688831291155 0.00025583249345620005 -0.00059706871155634984 0.58586337150191936 0.0026025826629471507 0.00053587355368205005 -0.0011541503270629998 0.0024364033478453504 0.0028536806757787502
decision_type=2 2 2 2 2 2 2 2 2 2 2 2
left_child=2 3 4 -2 6 -6 -1 10 11 -10 -3 -4
right_child=1 7 8 -5 5 -7 -8 -9 9 -11 -12 -13
leaf_value=0.021265244695479159 -0.020129105420512872 -0.034972261502385603 0.035399439411908637 0.093701618818342283 -0.044388924450001525 0.038393664689691361 -0.092205665276621343 0.012575818786842776 -0.011348492661492024 0.064515390004429532 -0.090600419091350415 0.10155400960826444
leaf_weight=6.0265233516693097 8.1172462254762632 10.50312104821205 3.6308994889259329 5.8054590225219718 12.007574468851088 36.12349645793438 7.9848038554191589 6.167267143726348 12.706654176115988 11.467419609427454 22.964724227786064 10.663655504584311
leaf_count=27 37 43 22 37 54 178 35 27 62 63 96 65
internal_value=0.000409478 -0.0371521 0.0204045 0.0273358 0.00395578 0.0177413 -0.0433998 -0.0598049 0.0469757 0.0246389 -0.0731428 0.0847504
internal_weight=154.169 53.5578 100.611 13.9227 62.1424 48.1311 14.0113 39.6351 38.4686 24.1741 33.4678 14.2946
internal_count=746 240 506 74 294 232 62 166 212 125 139 87
is_linear=0
shrinkage=0.08


Tree=10
num_leaves=12
num_cat=0
split_feature=20 15 14 16 6 5 15 8 15 3 1
split_gain=15.6073 11.6943 6.92441 6.23423 7.47461 7.43658 6.18772 5.56532 5.04613 1.11921 0.00219845
threshold=0.49686198472275162 -2.8845568693725094e-06 0.00012898790609185002 0.49378962904207141 0.00025583249345620005 0.0011597772676772502 3.2922094493453589e-06 0.0013038556067634501 1.650276572063524e-05 0.00012137807606955001 0.37643505132405158
decision_type=2 2 2 2 2 2 2 2 2 2 2
left_child=3 2 -2 4 6 -6 -1 8 -3 -5 -4
right_child=1 7 10 9 5 -7 -8 -9 -10 -11 -12
leaf_value=-0.0025269034471275954 -0.018553512333657731 -0.022071865662189646 0.09733428321572847 0.052073967025922346 0.012800892250744236 0.083686346225515129 -0.11016369944643413 -0.11538943646197133 -0.10147137942539888 0.11386355122406557 0.094114470606238163
leaf_weight=10.309624597430227 8.9444110691547376 19.965835154056553 2.9033147543668738 3.2567153573036185 68.022333741188049 11.004260286688803 5.113507777452468 8.916054815053938 6.890748754143714 4.4256293177604675 2.548466220498085
leaf_count=50 38 81 21 20 340 63 22 39 29 23 20
internal_value=0.000417334 -0.0361226 0.0247628 0.0183663 0.0127293 0.0226715 -0.0382137 -0.060625 -0.0424439 0.0876696 0.0958292
internal_weight=152.301 50.1688 14.3962 102.132 94.4497 79.0266 15.4231 35.7726 26.8566 7.68234 5.45178
internal_count=746 228 79 518 475 403 72 149 110 43 41
is_linear=0
shrinkage=0.08


Tree=11
num_leaves=12
num_cat=0
split_feature=20 19 2 20 9 9 9 15 20 2 5
split_gain=13.4559 10.0688 12.4085 7.33415 6.05636 9.53314 8.625 5.48727 5.03741 3.39881 0.0140488
threshold=0.48865063832791383 0.0026031382675125005 0.0035036859653425003 0.88485487159846021 0.50047645973130583 0.50622870336718395 0.51013105716941431 1.031078980841788e-05 0.26026941873573561 0.0024364033478453504 0.00050246156618700012
decision_type=2 2 2 2 2 2 2 2 2 2 2
left_child=4 3 -3 9 7 -6 -7 8 -1 -2 -9
right_child=1 2 -4 -5 5 6 -8 10 -10 -11 -12
leaf_value=-0.0036314465275111515 -0.032044509778100597 0.10743692051100251 -0.059515927412555743 0.047480660901176426 -0.092986719898653231 0.098765851879814195 -0.0012441192993460756 0.10015929082009926 0.055578776022643772 -0.082300182103542396 0.10721498794294815
leaf_weight=17.579460099339485 14.040615648031233 6.4330443888902646 5.1141206324100494 4.3121146559715262 6.2525995820760718 6.3646157830953589 41.533479079604149 3.8066494315862647 19.282819911837578 22.278504654765129 3.4366018325090408
leaf_count=88 58 34 22 29 32 33 206 24 104 97 19
internal_value=0.000406793 -0.0324259 0.0334952 -0.0511603 0.0178424 -8.26329e-05 0.012045 0.0398499 0.0273417 -0.0628718 0.103507
internal_weight=150.435 52.1784 11.5472 40.6312 98.2562 54.1507 47.8981 44.1055 36.8623 36.3191 7.24325
internal_count=746 240 56 184 506 271 239 235 192 155 43
is_linear=0
shrinkage=0.08


Tree=12
num_leaves=11
num_cat=0
split_feature=20 19 2 20 16 6 5 15 2 3
split_gain=11.6832 9.96087 9.4381 6.82094 5.6122 6.21122 6.69447 5.35211 4.32258 1.18817
threshold=0.49686198472275162 0.0026031382675125005 0.0035036859653425003 0.88485487159846021 0.49378962904207141 0.00025583249345620005 0.0011597772676772502 1.3147504053577228e-06 0.0028616298073447003 0.00012127313342000001
decision_type=2 2 2 2 2 2 2 2 2 2
left_child=4 3 -3 8 5 7 -7 -1 -2 -6
right_child=1 2 -4 -5 9 6 -8 -9 -10 -11
leaf_value=0.012975431593579667 -0.04596720649618647 0.10316770151398079 -0.046658159503024405 0.04464183740995991 0.044218860504070083 0.010747687163249628 0.079922040445886466 -0.081258619926669107 -0.11098460437439719 0.11023097304901182
leaf_weight=7.4850973635911924 24.637597545981407 5.9777796044945699 4.8937529176473618 4.2232033237814894 2.9138787984848014 67.119427129626274 10.332076236605642 7.9588349461555481 8.9113695174455625 4.3505145460367203
leaf_count=36 104 33 21 29 19 340 63 36 41 24
internal_value=0.00041204 -0.031754 0.0357245 -0.0511756 0.0160338 0.0107383 0.0199756 -0.0355869 -0.0632373 0.0837523
internal_weight=148.804 48.6437 10.8715 37.7722 100.16 92.8954 77.4515 15.4439 33.549 7.26439
internal_count=746 228 54 174 518 475 403 72 145 43
is_linear=0
shrinkage=0.08


Tree=13
num_leaves=13
num_cat=0
split_feature=20 19 2 2 20 2 6 5 9 9 14 17
split_gain=10.0505 8.6103 7.3986 6.41434 5.72995 5.4414 8.55682 5.05798 7.49554 4.56862 0.189344 0.0428138
threshold=0.49686198472275162 0.0026041058904449506 0.0035036859653425003 0.0028616298073447003 0.60837783286408254 0.0028536806757787502 0.00053587355368205005 -0.0010438100944094497 0.51158627111408073 0.51452083885671807 0.00036382101025545004 0.57156085494710152
decision_type=2 2 2 2 2 2 2 2 2 2 2 2
left_child=5 3 -3 4 -2 7 11 -1 -9 -8 -5 -7
right_child=1 2 -4 10 -6 6 9 8 -10 -11 -12 -13
leaf_value=-0.072564819388412305 -0.068199762452844606 0.098524721756802575 -0.038531987067520507 -0.11823970986090958 0.00334828752448409 0.10854847769292253 -0.010378833986435803 0.034910496521427595 -0.021794144925894165 0.065151939845898066 -0.094720240627764005 0.097583513006704245
leaf_weight=5.4209376126527777 13.116415709257128 5.4973146766424161 4.6554654389619827 4.6499082148075086 15.784577824175356 3.3549730628728849 15.833003744482996 31.594162806868553 28.267561882734299 7.5784907341003409 4.1420993357896805 7.1063826605677605
leaf_count=25 56 32 20 22 78 20 83 164 135 42 20 49
internal_value=0.000401404 -0.029712 0.0356786 -0.0473252 -0.0291231 0.0149321 0.0409493 0.00143271 0.00813375 0.0140711 -0.107159 0.1011
internal_weight=147.001 47.8458 10.1528 37.693 28.901 99.1555 33.8729 65.2827 59.8617 23.4115 8.79201 10.4614
internal_count=746 228 52 176 134 518 194 324 299 125 42 69
is_linear=0
shrinkage=0.08


Tree=14
num_leaves=12
num_cat=0
split_feature=20 19 2 2 9 15 5 4 9 15 6
split_gain=8.75121 6.465 7.78723 6.67391 9.40048 6.32255 5.40915 7.90594 11.4109 10.3545 0.684964
threshold=0.48865063832791383 0.0026050527528812006 0.0035036859653425003 0.0024364033478453504 0.49565719566521887 3.1125203783819008e-06 0.0012095773564640003 0.0005734541756812001 0.53267455818509835 2.474651620004297e-06 0.00024044788601765003
decision_type=2 2 2 2 2 2 2 2 2 2 2
left_child=6 3 -3 5 -5 -2 7 9 -9 -1 -8
right_child=1 2 -4 4 -6 -7 10 8 -10 -11 -12
leaf_value=0.0025556890165830239 0.04457365761989452 0.10654746212548802 -0.039894815737471265 -0.0081769105985804551 -0.11056878213259332 -0.053285141990323311 0.049876464195131122 -0.0029646701199118781 -0.13852299333263626 0.075114183622116512 0.099856181878011402
leaf_weight=37.171426735818386 8.835379935801031 4.6531186774373037 4.6427631974220276 9.8171681463718432 13.812365643680094 8.0984693467617017 2.875557377934455 27.242116354405884 4.6529740244150153 19.031991824507713 4.5032089874148369
leaf_count=182 46 29 20 47 65 33 20 147 22 106 29
internal_value=0.000397158 -0.0267681 0.0334079 -0.0405586 -0.0680289 -0.00222648 0.0145831 0.00907238 -0.0227404 0.027126 0.0803787
internal_weight=145.337 49.8593 9.29588 40.5634 23.6295 16.9338 95.4773 88.0985 31.8951 56.2034 7.37877
internal_count=746 240 49 191 112 79 506 457 169 288 49
is_linear=0
shrinkage=0.08


Tree=15
num_leaves=12
num_cat=0
split_feature=20 19 2 20 16 6 5 15 3 19 7
split_gain=7.5514 6.73368 7.84204 5.11823 5.01946 5.20896 5.92454 4.68666 3.45021 1.18675 1.07714
threshold=0.49686198472275162 0.0025988053847980004 0.0035036859653425003 0.88485487159846021 0.49378962904207141 0.00025583249345620005 0.0011597772676772502 4.6033735239708061e-06 0.00012070577115215002 0.0026050527528812006 -0.95303044823152516
decision_type=2 2 2 2 2 2 2 2 2 2 2
left_child=4 3 9 8 5 7 -7 -1 -2 -3 -6
right_child=1 2 -4 -5 10 6 -8 -9 -10 -11 -12
leaf_value=-0.004871018374254384 -0.01145420199868155 0.039723390742540048 -0.048575051016855657 0.039608602798007778 0.042773962115820172 0.0081863403106189232 0.07566309219758352 -0.10057197034954703 -0.073756398899388675 0.10404888232221454 0.10726938337981425
leaf_weight=10.613428547978399 7.7582451999187496 3.2482786998152715 5.6919620484113693 3.9784290865063658 2.9082315564155579 65.762359648942947 9.5352081656455976 4.7365650236606589 21.326588928699493 4.2206594794988632 3.852861873805522
leaf_count=52 35 15 25 28 20 340 63 20 97 28 23
internal_value=0.000396055 -0.0262321 0.0221642 -0.0454963 0.0130321 0.0080725 0.0167312 -0.0344016 -0.0571376 0.0760734 0.0795272
internal_weight=143.633 46.2242 13.1609 33.0633 97.4087 90.6476 75.2976 15.35 29.0848 7.46894 6.76109
internal_count=746 228 68 160 518 475 403 72 132 43 43
is_linear=0
shrinkage=0.08


Tree=16
num_leaves=14
num_cat=0
split_feature=20 2 19 14 4 4 2 6 5 9 6 17 19
split_gain=6.5382 5.23062 7.46953 7.13653 8.63068 6.71054 5.1596 5.89719 5.22396 6.74613 4.37961 0.622027 0.00636982
threshold=0.48865063832791383 0.0026590942563642504 0.0025988053847980004 0.00034430425064565004 0.00061648005651160017 0.00026222662759465008 0.0028536806757787502 0.00053587355368205005 -0.0010438100944094497 0.51158627111408073 0.00058100551138535008 0.58695340833761478 0.0026125728232733506
decision_type=2 2 2 2 2 2 2 2 2 2 2 2 2
left_child=6 2 5 11 -5 -2 8 12 -1 -10 -9 -3 -8
right_child=1 3 -4 4 -6 -7 7 10 9 -11 -12 -13 -14
leaf_value=-0.076721241332209478 -0.09438217878874125 -0.12142133157593786 0.083568124956202694 0.033306460857284691 -0.096419155348254154 0.012343586983590588 0.093865925606621062 -0.061002536626185141 0.03314380658380342 -0.021560406931407494 0.033807533993402882 -0.082216459975422901 0.098283856573650005
leaf_weight=5.2605503350496283 5.5669054836034837 4.2706485837698001 5.6952385157346717 9.4351000264286977 5.0332022607326499 11.684443734586237 5.0778399109840411 3.7570734769105938 29.679703868925571 28.075153857469559 18.33795840293169 6.5817481651902199 3.5481123551726341
leaf_count=24 23 20 32 47 27 59 41 21 160 135 101 32 24
internal_value=0.000386945 -0.023535 0.00412923 -0.0486054 -0.0118222 -0.0220962 0.012705 0.0395862 -0.00040005 0.0065516 0.0176859 -0.0976444 0.0956832
internal_weight=142.004 48.2673 22.9466 25.3207 14.4683 17.2513 93.7364 30.721 63.0154 57.7549 22.095 10.8524 8.62595
internal_count=746 240 114 126 74 82 506 187 319 295 122 52 65
is_linear=0
shrinkage=0.08


Tree=17
num_leaves=13
num_cat=0
split_feature=7 6 16 3 6 15 16 2 17 15 5 14
split_gain=5.99097 7.8901 7.17605 6.11776 8.84431 6.55262 5.92575 5.80483 6.43536 4.71046 4.60711 2.23355
threshold=-0.932651764150914 0.00049437913505595012 0.15866109169923423 0.00015884198989680003 0.00046546655792660004 3.2922094493453589e-06 0.30206304662140743 0.0028472787691723005 0.62464230768639861 -1.103821659664234e-05 -0.0011623441839820998 -0.00082716842269054986
decision_type=2 2 2 2 2 2 2 2 2 2 2 2
left_child=3 2 9 4 5 -1 -5 8 -3 -2 -9 -4
right_child=1 7 11 6 -6 -7 -8 10 -10 -11 -12 -13
leaf_value=0.0022138194535358015 -0.073516402328263661 -0.079103792385860863 0.040286147116011729 -0.15029394668109905 0.080296877260797234 -0.063811173448639152 -0.019366485461979218 -0.015891789435833775 0.033332841115719485 0.026984055225986819 0.045392841237009249 0.094516695226920563
leaf_weight=26.562577605247498 3.9916086420416841 11.357744812965391 7.9622432515025148 4.159005403518675 6.2588245198130599 15.08240522444248 4.726842112839222 17.016488194465637 4.5682746022939673 11.832722820341584 14.574833296239378 12.47752457857132
leaf_count=145 19 54 40 18 36 76 24 85 24 60 89 76
internal_value=0.000379021 0.0139763 0.0420788 -0.0196809 -0.00837214 -0.0216982 -0.0806469 -0.00747088 -0.0468521 0.00163332 0.0123822 0.0733914
internal_weight=140.571 83.7814 36.2641 56.7897 47.9038 41.645 8.88585 47.5173 15.926 15.8243 31.5913 20.4398
internal_count=746 447 195 299 257 221 42 252 78 79 174 116
is_linear=0
shrinkage=0.08


Tree=18
num_leaves=14
num_cat=0
split_feature=20 19 15 8 20 14 5 4 9 9 14 4 16
split_gain=5.38365 6.03827 8.28653 7.66604 5.05764 6.40306 4.72136 5.57416 8.23678 7.87834 4.2785 0.888155 0.601668
threshold=0.49686198472275162 0.0025865471700260005 8.873370862329229e-06 -0.0015709366212364997 0.65178739699369037 0.00034346319843465007 0.0012095773564640003 0.0005734541756812001 0.53021456767716124 0.51013105716941431 0.00035805578706780007 0.00061450467036900009 0.49093352928046469
decision_type=2 2 2 2 2 2 2 2 2 2 2 2 2
left_child=6 4 3 -3 12 -6 7 8 -1 -9 -4 -8 -2
right_child=1 2 10 -5 5 -7 11 9 -10 -11 -12 -13 -14
leaf_value=0.0083361405843536077 -0.077779384243669342 -0.090241442933121183 -0.087792584517066993 0.068478798736396396 -0.079240774414883863 0.068062178363661352 0.098031114948942621 0.015466916147707331 0.094507628728899853 -0.064414131424949242 0.0027539186139578561 0.042440384113987178 -0.11811423153919356
leaf_weight=47.321248345077038 4.5341263860464114 2.3235438317060462 7.0167206674814206 12.03500732034445 4.0914846658706656 3.5078199058771133 4.00569874793291 17.4621831253171 8.3522257655858976 14.432833448052405 6.3736052364110947 3.401055134832859 4.9517862498760223
leaf_count=251 23 10 33 70 20 20 30 104 43 68 28 22 24
internal_value=0.00038808 -0.0224606 0.000576573 0.0427942 -0.0598764 -0.0112461 0.0111741 0.00598655 0.0212637 -0.0206801 -0.0446937 0.0725048 -0.0988348
internal_weight=139.809 44.8341 27.7489 14.3586 17.0852 7.5993 94.9752 87.5685 55.6735 31.895 13.3903 7.40675 9.48591
internal_count=746 228 141 80 87 40 518 466 294 172 61 52 47
is_linear=0
shrinkage=0.08


Tree=19
num_leaves=11
num_cat=0
split_feature=7 6 16 15 7 20 17 12 15 14
split_gain=4.90143 6.70037 6.29627 5.43263 9.73172 7.7498 5.25441 6.70849 4.28782 2.18538
threshold=-0.932651764150914 0.00049437913505595012 0.15866109169923423 -1.103821659664234e-05 -0.93783824066587818 0.50358697560853705 0.51527264005950801 9.9644471412624878 -1.103821659664234e-05 -0.00082716842269054986
decision_type=2 2 2 2 2 2 2 2 2 2
left_child=3 2 8 -1 5 -5 -3 -8 -2 -4
right_child=1 6 9 4 -6 -7 7 -9 -10 -11
leaf_value=0.084858663080866106 -0.069729852848124343 -0.091859404835039724 0.036455343194190262 0.014226379568696062 -0.13174131559059801 -0.05091695227425163 -0.03112663405502292 0.032279972693368464 0.025981461012884472 0.09113203247787198
leaf_weight=3.111172027885913 4.0276550650596628 4.2457257136702529 7.7505366653203973 27.963238909840584 4.8648043796420088 20.0809336155653 20.783983960747719 21.965154767036438 11.691171929240223 11.803198583424091
leaf_count=22 19 22 40 158 21 98 110 120 60 76
internal_value=0.000373591 0.0128021 0.0391552 -0.017878 -0.0239192 -0.0130015 -0.00697759 0.00145264 0.00145723 0.0694598
internal_weight=138.288 82.2674 35.2726 56.0201 52.909 48.0442 46.9949 42.7491 15.7188 19.5537
internal_count=746 447 195 299 277 256 252 230 79 116
is_linear=0
shrinkage=0.08


Tree=20
num_leaves=7
num_cat=0
split_feature=5 5 0 0 12 20
split_gain=4.32652 4.74915 7.23975 7.10196 5.87239 3.72689
threshold=-0.0033817925386842493 -0.0021001690129966496 38.652014417410264 40.766126783753812 9.9845549113513954 0.45380230033014202
decision_type=2 2 2 2 2 2
left_child=-1 4 5 -4 -2 -3
right_child=1 2 3 -5 -6 -7
leaf_value=0.094921228631799651 -0.12024869611749138 0.064401103220793718 -0.096299240397670613 -0.0017011960733799361 0.00097247772517790613 -0.0041826754666107815
leaf_weight=3.0291139632463446 4.6723892539739591 15.985365107655527 5.3660366609692565 95.013105615973473 5.6508857235312462 7.4268333166837683
leaf_count=15 21 100 27 513 30 40
internal_value=0.000373359 -0.0017621 0.00258524 -0.00675819 -0.0538931 0.0426449
internal_weight=137.144 134.115 123.791 100.379 10.3233 23.4122
internal_count=746 731 680 540 51 140
is_linear=0
shrinkage=0.08


Tree=21
num_leaves=12
num_cat=0
split_feature=7 6 1 5 16 3 6 15 4 16 20
split_gain=4.13191 5.90492 6.17021 7.25663 5.51974 4.77229 7.21418 5.88036 3.54887 3.4432 2.98984
threshold=-0.932651764150914 0.00049437913505595012 -3.8348240810237253 -0.0021001690129966496 0.15866109169923423 0.00015884198989680003 0.00046546655792660004 3.2922094493453589e-06 -0.00044496926428274996 0.29748904295207151 0.61681667568979581
decision_type=2 2 2 2 2 2 2 2 2 2 2
left_child=5 4 -3 -4 8 6 7 -1 -2 -7 -6
right_child=1 2 3 -5 10 9 -8 -9 -10 -11 -12
leaf_value=0.00504570498643563 -0.051159303406144704 0.09623916662064623 -0.078621674253882237 0.0019458553778452404 0.080652906139458316 -0.12460425608290682 0.07656372044294768 -0.058067803647985639 0.029196585020459055 -0.024975449425788065 -0.0038009757222035355
leaf_weight=25.699849285185337 5.3290701806545266 3.453537479043006 9.0425567030906659 34.271259479224682 15.603007286787035 4.0433688312768918 5.8922356218099585 14.94055902212858 10.347426578402516 4.9233923852443695 3.2398712262511244
leaf_count=145 24 17 42 193 100 17 36 76 55 25 16
internal_value=0.000366687 0.0118556 -0.00666894 -0.0148741 0.0369529 -0.0164604 -0.00616256 -0.0181566 0.00188039 -0.0699009 0.0661318
internal_weight=136.786 81.2867 46.7674 43.3138 34.5194 55.4994 46.5326 40.6404 15.6765 8.96676 18.8429
internal_count=746 447 252 235 195 299 257 221 79 42 116
is_linear=0
shrinkage=0.08


Tree=22
num_leaves=11
num_cat=0
split_feature=20 5 14 2 18 5 4 20 15 17
split_gain=3.94547 5.43466 6.5854 4.3969 6.21699 4.45712 4.52115 3.8193 3.64683 0.619637
threshold=0.49686198472275162 0.0012183748189262002 0.00035327047568470006 0.0015780285551008002 0.008333333333333302 0.0012095773564640003 0.00056300845901420006 0.62182476891860117 8.873370862329229e-06 0.65665329456205701
decision_type=2 2 2 2 2 2 2 2 2 2
left_child=3 2 8 4 -1 6 -5 -4 -2 -7
right_child=1 -3 7 5 -6 9 -8 -9 -10 -11
leaf_value=-0.11528335941866708 -0.01466812737791981 -0.097182367712392387 -0.014591448976782176 0.026001069555542503 0.012372450335719388 0.097672055536428881 -0.013973420229863039 0.074837553806229404 -0.083507095590289918 0.048015244876122271
leaf_weight=4.1500978618860227 19.062804840505127 5.0915774703025809 5.1876173764467222 45.941105611622334 5.9310098439455032 4.0876475870609275 29.888073608279228 7.4395006075501442 6.6410735398530951 2.6514957547187805
leaf_count=19 94 31 26 252 29 32 167 45 32 19
internal_value=0.000370683 -0.0195277 -0.00921273 0.0096966 -0.0401797 0.0157862 0.0102451 0.0380973 -0.032454 0.0781347
internal_weight=136.072 43.4226 38.331 92.6494 10.0811 82.5683 75.8292 12.6271 25.7039 6.73914
internal_count=746 228 197 518 48 470 419 71 126 51
is_linear=0
shrinkage=0.08


Tree=23
num_leaves=12
num_cat=0
split_feature=7 6 2 17 16 15 7 20 5 15 20
split_gain=3.44996 5.27546 4.89215 6.25793 4.82792 4.73237 7.38679 6.21388 3.70785 3.45672 2.60457
threshold=-0.932651764150914 0.00049437913505595012 0.0024784319098555504 0.61503585053919019 0.15866109169923423 -1.103821659664234e-05 -0.93783824066587818 0.50358697560853705 -0.0011541503270629998 1.031078980841788e-05 0.61681667568979581
decision_type=2 2 2 2 2 2 2 2 2 2 2
left_child=5 4 3 -3 9 -1 7 -7 -4 -2 -6
right_child=1 2 8 -5 10 6 -8 -9 -10 -11 -12
leaf_value=0.083339708473590193 0.026614089800002422 -0.096253111878079362 -0.014517215202768163 0.026784158390984941 0.077341968705808034 0.013493653078962742 -0.11388483612278311 -0.045618481496699996 0.038037980894147054 -0.056222308136210888 -0.0019103664816483596
leaf_weight=2.9561578258872023 11.041350945830343 7.3354073241353017 19.766894549131393 4.1382217556238174 14.846827119588854 27.534177966415882 4.9295031800866118 19.400350227952003 15.196667589247225 4.5537209659814826 3.2316165529191485
leaf_count=22 56 34 100 22 100 158 21 98 96 23 16
internal_value=0.000350618 0.0109326 -0.00654921 -0.051877 0.0350407 -0.0151132 -0.0207248 -0.0109403 0.00832553 0.00242607 0.0631752
internal_weight=134.931 80.1107 46.4372 11.4736 33.6735 54.8202 51.864 46.9345 34.9636 15.5951 18.0784
internal_count=746 447 252 56 195 299 277 256 196 79 116
is_linear=0
shrinkage=0.08


Tree=24
num_leaves=7
num_cat=0
split_feature=1 5 3 1 7 14
split_gain=4.36438 4.87016 6.19977 4.07912 3.81004 3.37691
threshold=-3.8348240810237253 -0.0021001690129966496 0.00031167160668710004 -2.5391467400265806 -0.84372433979001948 -0.0010135149071601997
decision_type=2 2 2 2 2 2
left_child=-1 3 5 -2 -4 -3
right_child=1 2 4 -5 -6 -7
leaf_value=0.090529537470012245 -0.10589920697771192 0.043843619441652139 0.072541030115300414 -0.0044960639379842821 -0.02752729156303995 -0.0084919754996198998
leaf_weight=3.3484952300786963 5.0746780037879944 8.5895585566759092 11.515962168574331 5.0808884352445585 3.0880901515483847 96.953861501067877
leaf_count=17 23 44 75 27 17 543
internal_value=0.000348143 -0.00196932 0.00252723 -0.0551666 0.0513811 -0.00423269
internal_weight=133.652 130.303 120.147 10.1556 14.6041 105.543
internal_count=746 729 679 50 92 587
is_linear=0
shrinkage=0.08


Tree=25
num_leaves=7
num_cat=0
split_feature=1 5 3 3 1 14
split_gain=3.79441 4.08367 5.54093 4.75614 3.36584 3.00939
threshold=-3.8348240810237253 -0.0021001690129966496 0.00032551446198610004 0.00041054879707075006 -2.5391467400265806 -0.0010135149071601997
decision_type=2 2 2 2 2 2
left_child=-1 4 5 -4 -2 -3
right_child=1 2 3 -5 -6 -7
leaf_value=0.085525635133973529 -0.095845037087643664 0.040069933664886412 0.085417764498940479 -0.032429473507082862 -0.0041293950887901446 -0.0073634901673151777
leaf_weight=3.2643768638372412 5.1547632813453674 9.3712205588817579 8.5399209558963758 2.9485071003437033 5.0891234874725324 98.925599526613951
leaf_count=17 23 49 58 16 27 556
internal_value=0.000337776 -0.00180086 0.0023451 0.0551722 -0.0502811 -0.00325895
internal_weight=133.294 130.029 119.785 11.4884 10.2439 108.297
internal_count=746 729 679 74 50 605
is_linear=0
shrinkage=0.08


Tree=26
num_leaves=7
num_cat=0
split_feature=1 5 3 7 14 20
split_gain=3.9822 3.27329 4.87016 4.33447 2.58213 2.41789
threshold=-3.9883422073669403 -0.0021001690129966496 0.00032551446198610004 -0.8495540531031992 -0.0010135149071601997 0.36412968406143947
decision_type=2 2 2 2 2 2
left_child=-1 5 4 -4 -3 -2
right_child=1 2 3 -5 -6 -7
leaf_value=0.097591240565742199 -0.0091593615325053605 0.037502741532123775 0.091013938013965068 -0.012425769697085714 -0.0067635694147668637 -0.085003834180050808
leaf_weight=2.6405501514673224 5.9028966724872571 9.2182155698537809 6.9859311655163765 4.1226424574851972 99.077550321817398 4.9425401911139488
leaf_count=14 29 49 50 24 556 24
internal_value=0.000328643 -0.00164316 0.00217899 0.0526251 -0.00299559 -0.0437236
internal_weight=132.89 130.25 119.404 11.1086 108.296 10.8454
internal_count=746 732 679 74 605 53
is_linear=0
shrinkage=0.08


Tree=27
num_leaves=8
num_cat=0
split_feature=1 20 15 19 16 5 2
split_gain=3.4942 3.04275 5.27634 7.43412 4.46853 3.87645 2.00128
threshold=-3.9883422073669403 0.49686198472275162 1.650276572063524e-05 0.0025865471700260005 0.48994075481022509 0.0011660450244856001 0.0028406093600724003
decision_type=2 2 2 2 2 2 2
left_child=-1 4 3 -3 5 -2 -6
right_child=1 2 -4 -5 6 -7 -8
leaf_value=0.093014636707030474 -0.0053972462496589355 -0.050160091427966576 -0.096732661498205627 0.023218406553302377 0.10307703787586374 0.045062305815015156 0.015935112473470271
leaf_weight=2.5524997711181632 70.744349643588066 15.70167814940214 4.9803784042596808 20.20949625223875 4.198004573583602 11.300190404057501 2.8195072934031487
leaf_count=14 380 87 26 110 27 80 22
internal_value=0.000319414 -0.00150127 -0.0195671 -0.00886536 0.00679341 0.00155267 0.068065
internal_weight=132.506 129.954 40.8916 35.9112 89.0621 82.0445 7.01751
internal_count=746 732 223 197 509 460 49
is_linear=0
shrinkage=0.08


Tree=28
num_leaves=8
num_cat=0
split_feature=5 16 16 20 1 8 6
split_gain=2.79235 2.59872 3.9174 3.95003 3.82877 5.07161 3.56631
threshold=-0.0033817925386842493 0.36490657107960844 0.15866109169923423 0.10576200214689853 -2.5391467400265806 -0.0011404294357511998 0.0004255642287453501
decision_type=2 2 2 2 2 2 2
left_child=-1 2 6 -4 -3 -6 -2
right_child=1 4 3 -5 5 -7 -8
leaf_value=0.082429017407403174 0.023048350933777814 -0.093895059445659831 -0.070400604822536433 0.030481272768697575 0.051367492247256452 -0.018530683187165824 -0.036019573128670157
leaf_weight=2.5972018837928763 10.361045576632025 3.5911174267530432 2.648405320942401 40.018175963312387 7.7415539398789397 46.835936352610588 17.746738459914923
leaf_count=15 51 17 17 232 45 273 96
internal_value=0.00030097 -0.00135327 0.00894294 0.0242193 -0.0138808 -0.00861596 -0.0142461
internal_weight=131.54 128.943 70.7744 42.6666 58.1686 54.5775 28.1078
internal_count=746 731 396 249 335 318 147
is_linear=0
shrinkage=0.08


Tree=29
num_leaves=6
num_cat=0
split_feature=14 14 14 5 14
split_gain=2.73585 7.80047 4.31437 5.67274 4.67299
threshold=-0.0019323735712463497 -0.0013830340403690998 -0.00082716842269054986 -0.00052790060690514993 0.00011108804842690001
decision_type=2 2 2 2 2
left_child=-1 -2 3 -3 -4
right_child=1 2 4 -5 -6
leaf_value=-0.062207716913608956 0.10114612470195607 -0.077101857086041503 0.042774518848643285 0.037557452799117368 -0.0033187564431366701
leaf_weight=4.3342286124825469 4.9239608123898497 9.626270227134226 16.627543441951275 3.8724911585450164 91.756248947232962
leaf_count=22 27 48 88 21 540
internal_value=0.000292611 0.00242886 -0.00155924 -0.0442087 0.00375258
internal_weight=131.141 126.807 121.883 13.4988 108.384
internal_count=746 724 697 69 628
is_linear=0
shrinkage=0.08


Tree=30
num_leaves=7
num_cat=0
split_feature=5 5 0 0 8 12
split_gain=2.72864 2.93322 3.78916 8.02588 3.22388 3.07867
threshold=-0.0032837843109744997 -0.0021001690129966496 38.652014417410264 40.272763445402795 -0.00074351759732324996 9.9845549113513954
decision_type=2 2 2 2 2 2
left_child=-1 5 4 -4 -3 -2
right_child=1 2 3 -5 -6 -7
leaf_value=0.070691697962823222 -0.094741542748389765 0.012239507347413661 -0.1297704161901789 -0.00058588645412232133 0.080769435442334669 -0.0034656819650946019
leaf_weight=3.4307352304458609 4.2713598459959012 14.749651182442905 3.1822339966893187 93.858276464045048 6.2571427896618834 5.2990000247955322
leaf_count=21 18 93 15 525 47 27
internal_value=0.000285764 -0.00160695 0.00184641 -0.00482221 0.032652 -0.0442031
internal_weight=131.048 127.618 118.047 97.0405 21.0068 9.57036
internal_count=746 725 680 540 140 45
is_linear=0
shrinkage=0.08


Tree=31
num_leaves=8
num_cat=0
split_feature=15 2 20 14 5 17 17
split_gain=2.47476 3.14908 3.54638 10.9139 3.59936 3.29746 5.34823
threshold=2.4763333009918692e-05 0.0029453962971083005 0.37174964814700956 0.00032750018740810004 -0.0013807090216044998 0.76234209260290042 0.65766339327668677
decision_type=2 2 2 2 2 2 2
left_child=1 5 4 -4 -3 6 -1
right_child=-2 2 3 -5 -6 -7 -8
leaf_value=-0.0084762074885823858 -0.056042128947871223 0.018739942698066985 -0.099108174432868276 0.060426836759621579 0.094113764750838755 -0.062554221242712177 0.046778589413455481
leaf_weight=78.978230647742748 4.8094099313020697 10.001340202987196 4.850821338593958 6.3200687766075134 6.8195276558399227 5.8540214300155631 13.065876759588717
leaf_count=436 24 59 26 38 60 31 72
internal_value=0.000278699 0.00243034 0.0260927 -0.00884928 0.049298 -0.00433539 -0.00063266
internal_weight=130.699 125.89 27.9918 11.1709 16.8209 97.8981 92.0441
internal_count=746 722 183 64 119 539 508
is_linear=0
shrinkage=0.08


Tree=32
num_leaves=5
num_cat=0
split_feature=5 14 14 14
split_gain=2.39546 2.65847 7.80157 3.95025
threshold=-0.0032837843109744997 -0.0018579773560394497 -0.0013830340403690998 -0.00082716842269054986
decision_type=2 2 2 2
left_child=-1 -2 -3 -4
right_child=1 2 3 -5
leaf_value=0.067763642500654808 -0.065870969022486556 0.10854212806843698 -0.045370627535261956 0.0018920053924122565
leaf_weight=3.2812166959047309 3.9736847132444373 4.1418733894824973 12.670023217797278 106.05934022367001
leaf_count=21 20 23 63 619
internal_value=0.00027652 -0.00146923 0.000613534 -0.00315155
internal_weight=130.126 126.845 122.871 118.729
internal_count=746 725 705 682
is_linear=0
shrinkage=0.08


Tree=33
num_leaves=7
num_cat=0
split_feature=4 14 18 0 12 14
split_gain=2.17498 4.34058 2.74765 7.24219 2.5326 1.61102
threshold=0.00062177005246445011 0.00038000407774525005 0.088333333333333305 99.999999973782749 8.2180394775123187 0.00037807270371750004
decision_type=2 2 2 2 2 2
left_child=1 2 4 -4 -1 -2
right_child=5 -3 3 -5 -6 -7
leaf_value=-0.015342069293413845 -0.079074575903397074 0.07400574151135389 -0.089587808160958571 0.040417964691363599 0.011960544112934061 -0.0095245099206518781
leaf_weight=30.856446489691734 3.6202979087829572 5.2783641889691344 6.8366295918822271 4.5792049244046211 73.628531835973263 5.1831522434949875
leaf_count=173 22 31 33 30 422 35
internal_value=0.000267942 0.00305719 -0.00017395 -0.0374389 0.00389755 -0.038126
internal_weight=129.983 121.179 115.901 11.4158 104.485 8.80345
internal_count=746 689 658 63 595 57
is_linear=0
shrinkage=0.08


Tree=34
num_leaves=5
num_cat=0
split_feature=6 15 1 1
split_gain=2.11802 2.19824 2.82806 3.06458
threshold=5.1728372957716288e-05 2.4763333009918692e-05 -3.8348240810237253 -2.5391467400265806
decision_type=2 2 2 2
left_child=-1 2 -2 -4
right_child=1 -3 3 -5
leaf_value=-0.054033131476113189 0.088062167056231863 -0.050521170502404331 -0.053132135920597325 0.0055058629442056133
leaf_weight=4.4424935430288306 2.5261370390653601 4.8689500838518134 6.0109351500868788 111.77530220896006
leaf_count=29 16 24 30 647
internal_value=0.000250539 0.00217698 0.00430964 0.00251341
internal_weight=129.624 125.181 120.312 117.786
internal_count=746 717 693 677
is_linear=0
shrinkage=0.08


Tree=35
num_leaves=11
num_cat=0
split_feature=20 15 19 4 5 5 4 15 9 6
split_gain=2.09873 4.02095 5.0277 4.35125 3.98606 3.86216 4.33554 7.69493 6.07875 0.601824
threshold=0.48865063832791383 1.650276572063524e-05 0.0025980709342263001 0.00026222662759465008 -0.0018326940972583498 0.0012095773564640003 0.0005734541756812001 2.474651620004297e-06 0.53267455818509835 0.00024354341727135002
decision_type=2 2 2 2 2 2 2 2 2 2
left_child=5 2 3 -2 -4 6 7 -1 -8 -7
right_child=1 -3 4 -5 -6 9 8 -9 -10 -11
leaf_value=-0.0038793275261098038 -0.086230207026473313 -0.077103072790866756 -0.038541765682085553 -0.0064446379296913062 0.077241736704555808 0.041242526828772268 -0.0050031238028506861 0.063846450675874508 -0.10177688050428202 0.093815244769098374
leaf_weight=33.900176279246807 5.3927596956491497 5.6340367794036856 2.6214999407529831 23.1723408177495 6.9427257142961007 2.4440619498491278 25.485765978693966 15.713669423013924 4.9630892574787131 3.2422617450356483
leaf_count=182 23 30 13 130 44 21 147 106 22 28
internal_value=0.000235978 -0.0140192 -0.00469783 -0.0215072 0.0455061 0.00751133 0.00298661 0.0175707 -0.020777 0.0712188
internal_weight=129.512 43.7634 38.1293 28.5651 9.56423 85.749 80.0627 49.6138 30.4489 5.68632
internal_count=746 240 210 153 57 506 457 288 169 49
is_linear=0
shrinkage=0.08


Tree=36
num_leaves=7
num_cat=0
split_feature=4 14 2 2 20 4
split_gain=1.99573 3.96886 2.59774 5.53911 4.34731 1.98856
threshold=0.00062388471891355012 0.0003788638068775001 0.0028108493975686506 0.0026828698351949506 0.46141181662332315 0.00063032103118930004
decision_type=2 2 2 2 2 2
left_child=1 2 3 -1 -4 -2
right_child=5 -3 4 -5 -6 -7
leaf_value=-0.0012571272406921145 -0.088551888652778271 0.065087082013224218 0.036674700429334343 -0.06787755085089299 -0.019212797476936234 -0.0054049226750797329
leaf_weight=67.047155816107988 3.1202255040407172 6.1996276266872874 24.451308611780405 9.0676272027194482 14.012799419462679 4.489764966070652
leaf_count=353 18 37 174 49 82 33
internal_value=0.000239049 0.00274271 -0.00063062 -0.00919368 0.0163144 -0.0394966
internal_weight=128.389 120.779 114.579 76.1148 38.4641 7.60999
internal_count=746 695 658 402 256 51
is_linear=0
shrinkage=0.08


Tree=37
num_leaves=5
num_cat=0
split_feature=5 14 14 14
split_gain=1.96829 2.60389 6.63257 3.22632
threshold=-0.0032837843109744997 -0.0019323735712463497 -0.0013830340403690998 -0.00082716842269054986
decision_type=2 2 2 2
left_child=-1 -2 -3 -4
right_child=1 2 3 -5
leaf_value=0.063929052953821744 -0.068749937423067939 0.097243993225374525 -0.040921840110730003 0.0016930211689244277
leaf_weight=3.0310093536972991 3.5602733939886084 4.3861369863152495 12.764141045510767 104.10804072022438
leaf_count=21 17 26 63 619
internal_value=0.00023036 -0.00131646 0.000663463 -0.00296114
internal_weight=127.85 124.819 121.258 116.872
internal_count=746 725 708 682
is_linear=0
shrinkage=0.08


Tree=38
num_leaves=11
num_cat=0
split_feature=9 1 9 14 20 8 20 14 20 18
split_gain=1.80935 4.07701 3.95323 3.92787 5.23201 5.03513 2.84966 2.79312 1.75254 0.66668
threshold=0.49439248308145695 2.2926379500186163 0.47644064723806134 0.00035327047568470006 0.21897157681003201 0.00087257486066540004 0.83125122169379329 -0.0012756739837939499 0.33438710479616846 0.014999999999999953
decision_type=2 2 2 2 2 2 2 2 2 2
left_child=2 6 3 4 -1 -5 7 -2 9 -4
right_child=1 -3 8 5 -6 -7 -8 -9 -10 -11
leaf_value=-0.11330361786520771 0.041400158580081989 -0.083415990102793436 0.10229372156231405 0.10429683681328564 -0.0036016119587052925 -0.0086842428384970392 0.069187289362816748 -0.010104088282285458 0.020197603238242795 0.051398968133799662
leaf_weight=3.5824621990323129 7.4225983209908 4.1645896434783927 3.6668930649757367 4.086197078227995 12.458786241710184 6.6055437624454498 3.4211783595383158 73.151093348860741 6.1497441828250885 2.9906710460782051
leaf_count=19 42 24 24 33 69 44 28 405 36 22
internal_value=0.000223521 -0.00615385 0.0144426 -0.00306604 -0.0281012 0.0344952 -0.00232307 -0.00535942 0.0509887 0.0794311
internal_weight=127.7 88.1595 39.5403 26.733 16.0412 10.6917 83.9949 80.5737 12.8073 6.65756
internal_count=746 499 247 165 88 77 475 447 82 46
is_linear=0
shrinkage=0.08


Tree=39
num_leaves=5
num_cat=0
split_feature=15 1 1 2
split_gain=1.81286 2.49731 2.67848 4.02034
threshold=2.4763333009918692e-05 -3.8348240810237253 -2.5391467400265806 0.0029453962971083005
decision_type=2 2 2 2
left_child=1 -1 -3 -4
right_child=-2 2 3 -5
leaf_value=0.084518490753486109 -0.048085768208854469 -0.051993397604431932 -0.0032044633093253343 0.038159217088816325
leaf_weight=2.3095475882291785 4.7830873578786841 5.907308690249919 96.348868742585182 17.819890897721052
leaf_count=16 24 30 539 137
internal_value=0.000230455 0.00211875 0.000533875 0.00325174
internal_weight=127.169 122.386 120.076 114.169
internal_count=746 722 706 676
is_linear=0
shrinkage=0.08


Tree=40
num_leaves=11
num_cat=0
split_feature=16 16 16 9 16 14 14 20 20 20
split_gain=1.74839 4.4227 3.17859 3.85291 2.63784 2.45113 1.74455 7.86115 6.97979 0.524831
threshold=0.36490657107960844 0.31383473284369917 0.29486291315462093 0.50946407611199551 0.37779057400196314 0.00036119611357170005 0.00034400022815570002 0.6613116332390081 0.32577327959245589 0.42844325668737021
decision_type=2 2 2 2 2 2 2 2 2 2
left_child=1 2 3 -1 -2 9 8 -8 -6 -3
right_child=4 5 -4 -5 6 -7 7 -9 -10 -11
leaf_value=0.03400801893042512 -0.062400581903978819 0.06390948350973974 -0.069696566803670049 -0.01011836164508235 0.034636235785176106 1.6136871021572315e-05 -0.0068383667693751359 0.12316619721887723 -0.051416968665373465 0.10871212011535475
leaf_weight=19.56928464397788 5.5665789172053328 3.4201301820576173 3.8524642735719672 35.889668665826321 9.6281920112669486 3.1240330524742603 23.030578892678026 3.4186732247471801 16.152307018637657 3.2764442227780819
leaf_count=124 33 23 21 194 58 21 143 23 87 19
internal_value=0.000219652 0.00880464 0.00057096 0.0054521 -0.0100491 0.0585319 -0.00446958 0.00996525 -0.0192788 0.0858301
internal_weight=126.928 69.132 59.3114 55.459 57.7963 9.82061 52.2298 26.4493 25.7805 6.69657
internal_count=746 402 339 318 344 63 311 166 145 42
is_linear=0
shrinkage=0.08


Tree=41
num_leaves=6
num_cat=0
split_feature=14 14 14 4 14
split_gain=1.6027 5.6918 2.64163 5.14815 3.9386
threshold=-0.0019323735712463497 -0.0013830340403690998 -0.00082716842269054986 -0.00078790032101419994 0.00011108804842690001
decision_type=2 2 2 2 2
left_child=-1 -2 3 -3 -4
right_child=1 2 4 -5 -6
leaf_value=-0.047009201802729023 0.093998669726033546 0.0057766238382009885 0.039755217353280428 -0.095173726681400062 -0.0035753512579360948
leaf_weight=4.4371433854103079 4.1518014930188647 8.0726224482059461 15.825929827988146 5.3929282873868933 88.51660056784749
leaf_count=22 27 45 88 24 540
internal_value=0.000219388 0.00193766 -0.00130676 -0.0346538 0.00299672
internal_weight=126.397 121.96 117.808 13.4656 104.343
internal_count=746 724 697 69 628
is_linear=0
shrinkage=0.08


Tree=42
num_leaves=7
num_cat=0
split_feature=4 14 20 19 5 2
split_gain=1.57261 3.35037 1.99645 4.42547 4.33314 1.98291
threshold=0.00062388471891355012 0.0003788638068775001 0.49686198472275162 0.0026042947335981506 0.0011660450244856001 0.0027024653569945006
decision_type=2 2 2 2 2 2
left_child=1 2 4 -4 -1 -2
right_child=5 -3 3 -5 -6 -7
leaf_value=-0.0011685596756008697 0.0096775593830018235 0.060638136283076148 -0.031876489443942439 0.038118619189970247 0.053143446002660244 -0.07251027254030401
leaf_weight=67.528456725180149 3.4466593936085692 6.0160087607800952 26.797522477805614 7.3711899183690539 10.921927023679016 4.1299535855650902
leaf_count=383 22 37 142 48 85 29
internal_value=0.000213746 0.00247048 -0.00063678 -0.0167765 0.0063928 -0.0351224
internal_weight=126.212 118.635 112.619 34.1687 78.4504 7.57661
internal_count=746 695 658 190 468 51
is_linear=0
shrinkage=0.08


Tree=43
num_leaves=7
num_cat=0
split_feature=5 5 19 17 17 12
split_gain=1.57344 2.54403 3.43593 2.72566 2.22932 2.10547
threshold=-0.0032837843109744997 -0.0020911633514706994 0.0026290637645011504 0.62602134212569616 0.47905076132334706 9.9845549113513954
decision_type=2 2 2 2 2 2
left_child=-1 5 4 -4 -3 -2
right_child=1 2 3 -5 -6 -7
leaf_value=0.059436561218324746 -0.080206694634380571 -0.045199066071576005 0.10038062691106074 -0.0025453592891268445 0.0017637422380431082 -0.0055542570107960784
leaf_weight=2.8059286512434474 4.5389581769704801 6.9201700985431662 3.9496166743338099 2.8240286558866501 99.24890011921525 5.1742407828569412
leaf_count=21 20 37 28 17 595 28
internal_value=0.000203424 -0.00115162 0.00222716 0.0574693 -0.00129732 -0.0404392
internal_weight=125.462 122.656 112.943 6.77365 106.169 9.7132
internal_count=746 725 677 45 632 48
is_linear=0
shrinkage=0.08


Tree=44
num_leaves=7
num_cat=0
split_feature=1 5 3 5 7 14
split_gain=1.796 2.22432 3.48485 2.58534 2.48628 1.91489
threshold=-3.9883422073669403 -0.0020911633514706994 0.00032551446198610004 -0.0022082660980656493 -0.8495540531031992 -0.0010135149071601997
decision_type=2 2 2 2 2 2
left_child=-1 3 5 -2 -4 -3
right_child=1 2 4 -5 -6 -7
leaf_value=0.077069799316513934 -0.0058943354396611717 0.034253823236657766 0.083093215500061907 -0.087347742758631886 -0.0027023831660131364 -0.0051401700673295017
leaf_weight=1.9152949973940838 6.7943535633385181 8.6151817664504033 5.5673903673887253 3.9401530772447568 3.5338599607348424 94.737653940916061
leaf_count=14 38 49 49 18 22 556
internal_value=0.000196617 -0.000998582 0.00232271 -0.0357922 0.0497803 -0.00185641
internal_weight=125.104 123.189 112.454 10.7345 9.10125 103.353
internal_count=746 732 676 56 71 605
is_linear=0
shrinkage=0.08


Tree=45
num_leaves=6
num_cat=0
split_feature=14 14 14 5 15
split_gain=1.64217 4.99465 2.27447 4.33808 3.57876
threshold=-0.0019323735712463497 -0.0013830340403690998 -0.00082716842269054986 -0.00052790060690514993 -5.9731383488108818e-06
decision_type=2 2 2 2 2
left_child=-1 -2 3 -3 -4
right_child=1 2 4 -5 -6
leaf_value=-0.048027198245144204 0.091426071907105999 -0.06088109304221561 0.043578166652053295 0.040545884814207511 -0.0024809861199478938
leaf_weight=4.3618425279855719 3.8638017624616614 9.5330675318837148 12.250300277024506 3.7645283788442603 90.971420422196388
leaf_count=22 27 48 86 21 542
internal_value=0.000193711 0.0019409 -0.00102644 -0.0321673 0.00298529
internal_weight=124.745 120.383 116.519 13.2976 103.222
internal_count=746 724 697 69 628
is_linear=0
shrinkage=0.08


Tree=46
num_leaves=9
num_cat=0
split_feature=15 2 2 17 20 5 9 8
split_gain=1.54746 1.72856 4.96438 5.84939 3.99854 5.57853 3.77029 3.42076
threshold=2.4763333009918692e-05 0.0028108493975686506 0.0026828698351949506 0.62409406165251047 0.50358697560853705 -0.0011541503270629998 0.51396290654815824 0.0012831480671553503
decision_type=2 2 2 2 2 2 2 2
left_child=1 2 3 -1 5 -3 -6 -4
right_child=-2 4 7 -5 6 -7 -8 -9
leaf_value=-0.010683891875864939 -0.044436199801315322 -0.0017232216179051988 -0.092076110979556425 0.04063418830735431 0.018867354085148332 0.075870761693840688 -0.069232919548937691 0.0063486409757588496
leaf_weight=54.093378935009241 4.7816392779350272 12.239925380796194 6.4337182044982892 19.282229237258434 7.0722769163548929 11.50239235907793 5.5474065169692039 3.4835686609148979
leaf_count=291 24 79 35 107 43 108 37 22
internal_value=0.000191354 0.00197476 -0.00437836 0.00280188 0.0165276 0.0358686 -0.0198601 -0.0575032
internal_weight=124.437 119.655 83.2929 73.3756 36.362 23.7423 12.6197 9.91729
internal_count=746 722 455 398 267 187 80 57
is_linear=0
shrinkage=0.08


Tree=47
num_leaves=8
num_cat=0
split_feature=4 4 9 7 9 9 20
split_gain=1.38594 3.06329 2.78553 2.45058 2.97175 2.21977 1.89272
threshold=0.00061726741745875009 0.00060722917523705017 0.51886438998856999 -0.93700015972531026 0.51655002854313081 0.5575102686553105 0.10576200214689853
decision_type=2 2 2 2 2 2 2
left_child=1 5 -3 4 -2 6 -1
right_child=3 2 -4 -5 -6 -7 -8
leaf_value=-0.050020197314247658 -0.10088076472821265 0.089948828582626539 -0.0032967071964883346 0.031150411060461937 -0.0026683005145870082 0.057169634193769962 -0.00063688121444696263
leaf_weight=5.2417193278670302 3.8730249181389809 4.7260233871638757 3.6215722635388374 3.3079853728413564 4.0167201161384583 4.0527704283595076 94.820693045854568
leaf_count=33 24 37 23 23 28 23 555
internal_value=0.000193179 0.00286562 0.0494946 -0.026647 -0.0508802 -0.000872937 -0.0032238
internal_weight=123.661 112.463 8.3476 11.1977 7.88975 104.115 100.062
internal_count=746 671 60 75 52 611 588
is_linear=0
shrinkage=0.08


Tree=48
num_leaves=11
num_cat=0
split_feature=9 6 9 0 1 8 20 17 15 2
split_gain=1.39703 3.55871 3.46921 3.15183 7.76667 3.38371 2.3661 2.60614 1.83048 2.33854
threshold=0.49439248308145695 5.1728372957716288e-05 0.47644064723806134 99.99999997391707 1.0055817053148532 0.0013073268508073503 0.83125122169379329 0.66886444290086278 -6.6178489778935034e-06 0.0028536806757787502
decision_type=2 2 2 2 2 2 2 2 2 2
left_child=2 -2 3 4 -1 -5 7 -3 -4 -10
right_child=1 6 8 5 -6 -7 -8 -9 9 -11
leaf_value=0.013935628013439451 -0.10001187533391301 -0.012215247404931524 0.0019864113644314221 0.11033191084443472 -0.095015366519722269 -0.015058627003909822 0.06485234645940699 0.024939940965868181 0.11258042955324582 0.027722208586411574
leaf_weight=14.128051705658441 2.4738494530320159 65.289284035563469 3.7497547902166835 2.8585940301418296 5.9514542259275904 2.658088207244873 3.1961560770869246 14.825524270534514 4.0762750729918462 4.2407168298959732
leaf_count=93 15 368 25 20 31 21 28 88 25 32
internal_value=0.000184506 -0.0054545 0.0130285 -0.00364231 -0.0183568 0.0499153 -0.0026467 -0.00533955 0.0483908 0.0693124
internal_weight=123.448 85.7848 37.6629 25.5962 20.0795 5.51668 83.311 80.1148 12.0667 8.31699
internal_count=746 499 247 165 124 41 484 456 82 57
is_linear=0
shrinkage=0.08


Tree=49
num_leaves=5
num_cat=0
split_feature=15 1 1 1
split_gain=1.31207 1.78206 1.84784 3.44
threshold=2.4763333009918692e-05 -3.8348240810237253 -2.5391467400265806 -1.714714140246542
decision_type=2 2 2 2
left_child=1 -1 -3 -4
right_child=-2 2 3 -5
leaf_value=0.075503781470156905 -0.040817112608950483 -0.043486040307046246 0.060541791689428401 -0.00060528909476742726
leaf_weight=2.0656279549002639 4.7999906092882147 5.7968958914279929 6.2411462143063536 104.13747600838542
leaf_count=16 24 30 50 626
internal_value=0.000185091 0.00184957 0.000539983 0.00285215
internal_weight=123.041 118.241 116.176 110.379
internal_count=746 722 706 676
is_linear=0
shrinkage=0.08


end of trees

feature_importances:
Column_20=56
Column_5=53
Column_14=49
Column_15=49
Column_2=40
Column_9=27
Column_6=25
Column_1=21
Column_4=21
Column_17=20
Column_16=19
Column_19=19
Column_7=13
Column_3=11
Column_8=10
Column_0=7
Column_12=5
Column_18=3

parameters:
[boosting: gbdt]
[objective: binary]
[metric: binary_logloss]
[tree_learner: serial]
[device_type: cpu]
[data_sample_strategy: bagging]
[data: ]
[valid: ]
[num_iterations: 50]
[learning_rate: 0.08]
[num_leaves: 15]
[num_threads: 1]
[seed: 42]
[deterministic: 0]
[force_col_wise: 0]
[force_row_wise: 0]
[histogram_pool_size: -1]
[max_depth: 4]
[min_data_in_leaf: 20]
[min_sum_hessian_in_leaf: 0.001]
[bagging_fraction: 0.8]
[pos_bagging_fraction: 1]
[neg_bagging_fraction: 1]
[bagging_freq: 0]
[bagging_seed: 400]
[bagging_by_query: 0]
[feature_fraction: 1]
[feature_fraction_bynode: 1]
[feature_fraction_seed: 30056]
[extra_trees: 0]
[extra_seed: 12879]
[early_stopping_round: 0]
[early_stopping_min_delta: 0]
[first_metric_only: 0]
[max_delta_step: 0]
[lambda_l1: 0]
[lambda_l2: 0]
[linear_lambda: 0]
[min_gain_to_split: 0]
[drop_rate: 0.1]
[max_drop: 50]
[skip_drop: 0.5]
[xgboost_dart_mode: 0]
[uniform_drop: 0]
[drop_seed: 17869]
[top_rate: 0.2]
[other_rate: 0.1]
[min_data_per_group: 100]
[max_cat_threshold: 32]
[cat_l2: 10]
[cat_smooth: 10]
[max_cat_to_onehot: 4]
[top_k: 20]
[monotone_constraints: ]
[monotone_constraints_method: basic]
[monotone_penalty: 0]
[feature_contri: ]
[forcedsplits_filename: ]
[refit_decay_rate: 0.9]
[cegb_tradeoff: 1]
[cegb_penalty_split: 0]
[cegb_penalty_feature_lazy: ]
[cegb_penalty_feature_coupled: ]
[path_smooth: 0]
[interaction_constraints: ]
[verbosity: -1]
[saved_feature_importance_type: 0]
[use_quantized_grad: 0]
[num_grad_quant_bins: 4]
[quant_train_renew_leaf: 0]
[stochastic_rounding: 1]
[linear_tree: 0]
[max_bin: 255]
[max_bin_by_feature: ]
[min_data_in_bin: 3]
[bin_construct_sample_cnt: 200000]
[data_random_seed: 175]
[is_enable_sparse: 1]
[enable_bundle: 1]
[use_missing: 1]
[zero_as_missing: 0]
[feature_pre_filter: 1]
[pre_partition: 0]
[two_round: 0]
[header: 0]
[label_column: ]
[weight_column: ]
[group_column: ]
[ignore_column: ]
[categorical_feature: ]
[forcedbins_filename: ]
[precise_float_parser: 0]
[parser_config_file: ]
[objective_seed: 16083]
[num_class: 1]
[is_unbalance: 0]
[scale_pos_weight: 1]
[sigmoid: 1]
[boost_from_average: 1]
[reg_sqrt: 0]
[alpha: 0.9]
[fair_c: 1]
[poisson_max_delta_step: 0.7]
[tweedie_variance_power: 1.5]
[lambdarank_truncation_level: 30]
[lambdarank_norm: 1]
[label_gain: ]
[lambdarank_position_bias_regularization: 0]
[eval_at: ]
[multi_error_top_k: 1]
[auc_mu_weights: ]
[num_machines: 1]
[local_listen_port: 12400]
[time_out: 120]
[machine_list_filename: ]
[machines: ]
[gpu_platform_id: -1]
[gpu_device_id: -1]
[gpu_use_dp: 0]
[num_gpu: 1]

end of parameters

pandas_categorical:null
