tree
version=v4
num_class=1
num_tree_per_iteration=1
label_index=0
max_feature_idx=56
objective=binary sigmoid:1
feature_names=Column_0 Column_1 Column_2 Column_3 Column_4 Column_5 Column_6 Column_7 Column_8 Column_9 Column_10 Column_11 Column_12 Column_13 Column_14 Column_15 Column_16 Column_17 Column_18 Column_19 Column_20 Column_21 Column_22 Column_23 Column_24 Column_25 Column_26 Column_27 Column_28 Column_29 Column_30 Column_31 Column_32 Column_33 Column_34 Column_35 Column_36 Column_37 Column_38 Column_39 Column_40 Column_41 Column_42 Column_43 Column_44 Column_45 Column_46 Column_47 Column_48 Column_49 Column_50 Column_51 Column_52 Column_53 Column_54 Column_55 Column_56
feature_infos=[8.8423658572654631:99.999999972538234] [-9.4925088618592781:2.2605429241139063] [-0.40027581742399299:0.97748588878566356] [0.00067104815065590002:0.0092273037094247994] [0:1] [0:1] [-0.0030195564653754002:0.0002274643996236] [-0.0041446709800181999:0.00062296195370810002] [-0.0044521586128036996:0.0013188472641872001] [5.7284236058145012e-05:0.00048651445470720002] [-0.0026934476199851:7.6584250457734166e-05] [-1:1] [3.97752592255113e-05:0.0027620160654886999] [-0.0026934476199851:7.6584250457734166e-05] [-0.0038970969051074999:0.0002099583120843] [-0.0037808302706092002:0.00034056060859620003] [-0.0049940311331448002:0.00065361184519519997] [0:1] [0:1] [0:1] [-1:1] [-0.0027137542242642002:0.0009720644552522] [-0.0003905811690331:7.3954145545475808e-05] [-1:1] [4.3950340707523969e-06:0.0010848256274243] [0:1] [-8.2134184104691273e-05:3.3358020442327364e-05] [0.0025824256553611002:0.0027412775036397001] [-0.97781786381521441:-0.81758014370048049] [0:1.1497526009218402] [-6.9645049175785303:2.2596416645028019] [0.0173950314084379:1] [-0.0048035787664081004:0.00066921425628489999] [-0.0039569603473130002:0.00078656246911089996] [-1:1] [0:1] [0:1] none none [0:1] [0.20000000000000001:0.80000000000000004] [710.82387918625591:736.28333176744218] [379.64541388417638:402.6893728323285] none [0.2900004384086175:0.79489934143562446] [0.42056361161080957:0.55726753547303698] [0.5:0.52915405010211936] [0:0.1333333333333333] [0.0166666666666388:1] [0.0033333333333333002:0.23999999999999999] none none [-3:0.2248414396900327] [0.1237097451017219:10] none [0.060691105835322799:0.6433333333330945] [0.0080367926483065552:0.99324249901748674]
tree_sizes=1155 1090 1191 1414 1197 1200 1096 988 992 1204 1304 889 1201 1532 1216 884 1099 1213 1421 1207 1522 787 1316 1308 1531 891 789 1416 1310 1320 1203 894 1636 1204 1113 893 1419 1210 1421 1309 996 998 790 1624 1205 893 1416 1623 1107 1515

Tree=0
num_leaves=10
num_cat=0
split_feature=56 56 16 15 3 24 55 15 35
split_gain=60.6033 48.9814 27.0469 23.4475 23.34 10.8853 12.4009 8.74171 5.34148
threshold=0.49996097262586287 0.11473820480628959 -0.00081907827813494985 -0.0014279253973609998 0.0025551655329014004 0.00057893429491895018 0.44605713473656949 0.00029550702085330007 1.0000000180025095e-35
decision_type=2 2 2 2 2 2 2 2 2
left_child=1 -1 3 8 -5 6 -4 -3 -2
right_child=2 7 5 4 -6 -7 -8 -9 -10
leaf_value=1.3615247307355618 1.3474515055744922 1.0892806164128035 1.326969936813293 0.96345350475102454 1.197192763085535 1.1983513903545129 1.2586896640228897 0.94205182593465164 1.2385909697697488
leaf_weight=3.4451839327812186 5.6845534890890139 4.9955167025327665 57.879090070724487 3.6174431294202796 11.196847781538962 6.3735902756452552 24.116287529468536 5.3400350958108902 5.8568126857280731
leaf_count=20 33 29 336 21 65 37 140 31 34
internal_value=1.25881 1.10029 1.27785 1.20672 1.14012 1.29906 1.30689 1.01321 1.29221
internal_weight=128.505 13.7807 114.725 26.3557 14.8143 88.369 81.9954 10.3356 11.5414
internal_count=746 80 666 153 86 513 476 60 67
is_linear=0
shrinkage=1


Tree=1
num_leaves=9
num_cat=0
split_feature=56 56 28 42 30 22 9 15
split_gain=47.1522 35.4023 23.6181 14.1239 11.2188 10.7822 9.74798 5.00657
threshold=0.49996097262586287 0.11473820480628959 -0.93211841427157005 396.97699156754112 -0.88653364770973353 6.7489160437857949e-05 5.8407678104412064e-05 0.00029550702085330007
decision_type=2 2 2 2 2 2 2 2
left_child=1 -1 5 4 -4 6 -2 -3
right_child=2 7 3 -5 -6 -7 -8 -9
leaf_value=0.10050157876692467 -0.083459516129223754 -0.14203806664856036 -0.044856517844524435 -0.18926554776395471 0.076757448449740043 -0.091271327665561203 0.054389978241545969 -0.24685735288144894
leaf_weight=3.2475924491882315 3.4388389289379111 5.4628403186798078 24.214037716388702 3.54400311410427 6.0720596015453365 3.7242762446403495 72.493451446294785 6.2562227845191956
leaf_count=20 20 29 138 20 35 22 431 31
internal_value=0.00024302 -0.133225 0.0178449 -0.0381565 -0.0204741 0.0416286 0.048147 -0.197996
internal_weight=128.453 14.9667 113.487 33.8301 30.2861 79.6566 75.9323 11.7191
internal_count=746 80 666 193 173 473 451 60
is_linear=0
shrinkage=0.08


Tree=2
num_leaves=10
num_cat=0
split_feature=56 56 0 41 44 47 56 15 35
split_gain=37.8699 27.1639 20.247 15.4986 11.5393 12.6875 11.3314 8.65734 4.09412
threshold=0.49996097262586287 0.11473820480628959 36.503199336228697 729.12190557859287 0.61527904448946968 0.083333333333333315 0.91545158911619418 0.00029517391560695004 1.0000000180025095e-35
decision_type=2 2 2 2 2 2 2 2 2
left_child=1 -1 3 6 7 -6 -2 -4 -3
right_child=2 8 4 -5 5 -7 -8 -9 -10
leaf_value=0.098541292217502227 -0.039672895228559622 -0.22371688451191124 0.024167030434853586 -0.18430684752015883 -0.048669064611684902 0.10034366495777786 0.071902803547121363 0.08762177211845891 -0.13072818717454912
leaf_weight=3.0550864338874808 25.541112422943115 4.9774966388940793 24.982450842857361 3.825333669781684 14.892682924866678 4.8470437526702872 7.5465754121541968 30.634134382009506 7.7459278106689453
leaf_count=20 144 24 152 20 89 30 43 188 36
internal_value=0.000380419 -0.115671 0.0166904 -0.0318507 0.0404681 -0.0120793 -0.0142249 0.0591185 -0.167106
internal_weight=128.048 15.7785 112.269 36.913 75.3563 19.7397 33.0877 55.6166 12.7234
internal_count=746 80 666 207 459 119 187 340 60
is_linear=0
shrinkage=0.08


Tree=3
num_leaves=12
num_cat=0
split_feature=56 56 28 15 30 44 45 15 26 8 29
split_gain=30.9539 21.5329 17.5813 12.7267 12.1412 9.46249 10.8986 9.50067 4.23807 3.55264 2.42148
threshold=0.49996097262586287 0.11473820480628959 -0.93211841427157005 -0.0017322486545095497 -0.88653364770973353 0.61527904448946968 0.49133569347309108 0.00029861323959295001 -5.9365698943241378e-08 -0.00039415761525019992 0.13520905721054441
decision_type=2 2 2 2 2 2 2 2 2 2 2
left_child=1 -1 5 10 -5 7 -7 -2 -3 -10 -4
right_child=2 8 3 4 -6 6 -8 -9 9 -11 -12
leaf_value=0.096801339854757529 0.025717647897337725 -0.080189254294755333 0.10336660804939063 -0.090884898090760849 0.025723197930523516 -0.090356824586103321 0.033338366551289703 0.092361011206862478 -0.1254079121074671 -0.22546942266702441 0.012387322188454467
leaf_weight=2.8688067197799709 32.117262929677963 4.4082374423742321 4.0133405178785315 19.384391397237778 8.1034897565841693 7.0113764554262188 13.032242476940153 23.862222790718079 4.5104381144046783 4.5735759735107369 3.5095885097980499
leaf_count=20 199 20 23 104 46 40 80 154 20 20 20
internal_value=0.000496498 -0.102233 0.0156338 -0.0312755 -0.0565086 0.0372369 -0.00993094 0.0541255 -0.144553 -0.175786 0.0609231
internal_weight=127.395 16.3611 111.034 35.0108 27.4879 76.0231 20.0436 55.9795 13.4923 9.08401 7.52293
internal_count=746 80 666 193 150 473 120 353 60 40 43
is_linear=0
shrinkage=0.08


Tree=4
num_leaves=10
num_cat=0
split_feature=56 56 0 41 44 44 47 24 35
split_gain=25.6994 17.9847 15.1381 11.7523 9.91419 9.22252 10.4394 9.1349 5.73693
threshold=0.49996097262586287 0.23478571185791206 36.503199336228697 729.12190557859287 0.49642775875813111 0.61527904448946968 0.083333333333333315 5.3115761499469387e-05 1.0000000180025095e-35
decision_type=2 2 2 2 2 2 2 2 2
left_child=1 -1 3 4 -2 7 -7 -4 -3
right_child=2 8 5 -5 -6 6 -8 -9 -10
leaf_value=0.026375181451436566 0.088881075151074712 -0.21514970999798658 -0.011233914088008905 -0.15283614357743694 -0.029489600824052446 -0.041048815551440798 0.097798534929975159 0.071260399093549087 -0.099666926844049403
leaf_weight=5.5154903680086163 5.3894320130348197 4.8900518566369993 10.864717140793799 4.1768515706062308 28.346193924546242 15.494062453508379 4.4641338288784018 41.047486484050751 6.3001156449317932
leaf_count=32 31 21 70 20 156 89 30 270 27
internal_value=0.000583232 -0.0918572 0.0146499 -0.0262519 -0.0105793 0.036226 -0.00999224 0.0539951 -0.150132
internal_weight=126.489 16.7057 109.783 37.9125 33.7356 71.8704 19.9582 51.9122 11.1902
internal_count=746 80 666 207 187 459 119 340 48
is_linear=0
shrinkage=0.08


Tree=5
num_leaves=10
num_cat=0
split_feature=56 56 24 8 40 26 3 15 16
split_gain=21.4411 15.4428 13.4747 14.9457 11.1555 10.4029 15.9104 3.78044 1.17933
threshold=0.49996097262586287 0.11473820480628959 0.00056045791430085008 -0.0010319726828268998 0.50000000000000011 7.9459896416608575e-06 0.0016194762070982501 0.00029550702085330007 0.00061065533753565002
decision_type=2 2 2 2 2 2 2 2 2
left_child=1 -1 5 4 -4 6 -2 -3 -7
right_child=2 7 3 -5 -6 8 -8 -9 -10
leaf_value=0.09485419723439277 0.032686436537303271 -0.07220345353196915 0.029538666640998038 -0.16400658359358719 -0.12855815634339832 0.10107698197634876 -0.065443825900871902 -0.1544428490631238 0.044242213307339455
leaf_weight=2.6415333151817348 59.824599102139473 6.7757237404584867 12.655351683497434 5.0163971930742255 3.6890967637300482 11.557162955403326 12.844739288091658 7.5786076486110687 2.9287448823451987
leaf_count=20 387 29 71 28 19 73 68 31 20
internal_value=0.000639669 -0.0829103 0.0137253 -0.0432176 -0.00614528 0.0276814 0.0153413 -0.115623 0.0895862
internal_weight=125.512 16.9959 108.516 21.3608 16.3444 87.1552 72.6693 14.3543 14.4859
internal_count=746 80 666 118 90 548 455 60 93
is_linear=0
shrinkage=0.08


Tree=6
num_leaves=9
num_cat=0
split_feature=56 26 28 55 47 22 39 55
split_gain=18.2579 15.7026 12.5769 11.4342 14.4077 8.94052 8.6273 8.4722
threshold=0.48200010616626804 -5.9365698943241378e-08 -0.93211841427157005 0.35319598266448815 0.049999999999999954 6.7489160437857949e-05 1.0000000180025095e-35 0.44605713473656949
decision_type=2 2 2 2 2 2 2 2
left_child=1 -1 5 4 -4 7 -5 -2
right_child=2 -3 3 6 -6 -7 -8 -9
leaf_value=0.011732972673122635 0.056678151971137777 -0.15023794947691821 -0.20086702809370147 -0.021478897541971995 -0.031807665119116181 -0.088509892504194637 0.092962123041137851 -0.004788773321409946
leaf_weight=6.7470140010118493 47.924423232674599 8.8624624013900721 4.2105838507413891 12.208255603909494 13.800432309508322 3.7552710324525824 6.4397800266742697 20.486108809709549
leaf_count=38 327 36 19 64 76 22 36 128
internal_value=0.000684529 -0.0802279 0.0122903 -0.0258679 -0.0713301 0.0316741 0.0180414 0.0382714
internal_weight=124.434 15.6095 108.825 36.6591 18.011 72.1658 18.648 68.4105
internal_count=746 74 672 195 95 477 100 455
is_linear=0
shrinkage=0.08


Tree=7
num_leaves=8
num_cat=0
split_feature=56 56 45 16 15 55 45
split_gain=15.4585 13.4845 11.1487 13.4027 13.7861 8.92758 1.76197
threshold=0.48200010616626804 0.23478571185791206 0.54472586513277321 -0.00081907827813494985 -0.0014279253973609998 0.44605713473656949 0.50587300413359537
decision_type=2 2 2 2 2 2 2
left_child=1 -1 3 4 -2 -5 -3
right_child=2 6 -4 5 -6 -7 -8
leaf_value=0.029601145421206614 0.037376846960963044 -0.1585051777147185 -0.13224598099233656 0.052521022571213306 -0.073981317243786773 -0.0075721379777141168 -0.092279467374853985
leaf_weight=5.3395905792713156 11.865910515189173 5.4098008722066862 3.3454044163227072 51.875610284507275 17.770800173282623 22.765584588050842 4.8999788612127304
leaf_count=32 67 22 20 357 88 140 20
internal_value=0.000705524 -0.073587 0.0115083 0.0161202 -0.0293959 0.0341926 -0.12703
internal_weight=123.273 15.6494 107.623 104.278 29.6367 74.6412 10.3098
internal_count=746 74 672 652 155 497 42
is_linear=0
shrinkage=0.08


Tree=8
num_leaves=8
num_cat=0
split_feature=56 26 3 2 55 29 15
split_gain=13.1338 12.2521 10.5246 8.78098 10.09 8.13088 0.00247037
threshold=0.48200010616626804 -5.9365698943241378e-08 0.0010183202923525001 0.90115172985163483 0.53508984969971185 0.33571707415863039 0.00029716161495645007
decision_type=2 2 2 2 2 2 2
left_child=1 -1 6 5 -5 -4 -2
right_child=2 -3 3 4 -6 -7 -8
leaf_value=0.013856848348214039 0.096625413108100189 -0.12925138160457872 -0.00011661407376331916 0.074407696431208634 -0.072030066124738001 -0.083326990751640309 0.093922969737869566
leaf_weight=6.711810067296029 4.3782710134983045 8.9136685281991923 68.385591275990009 17.401464588940147 3.6415697783231726 8.4435262605547887 4.2821994200348854
leaf_count=38 31 36 413 122 21 51 34
internal_value=0.000713025 -0.0677803 0.0107592 0.0032793 0.0490661 -0.00926144 0.0952892
internal_weight=122.158 15.6255 106.533 97.8722 21.043 76.8291 8.66047
internal_count=746 74 672 607 143 464 65
is_linear=0
shrinkage=0.08


Tree=9
num_leaves=10
num_cat=0
split_feature=56 3 56 29 1 31 35 15 15
split_gain=11.2439 9.5458 9.52424 8.27042 10.504 9.46624 5.33098 0.00187151 0.000306554
threshold=0.49996097262586287 0.0010183202923525001 0.23478571185791206 0.33571707415863039 -0.49542965447335513 0.081542310145798463 1.0000000180025095e-35 0.00028912957495605006 0.00030802550731020005
decision_type=2 2 2 2 2 2 2 2 2
left_child=2 7 -1 5 -5 -3 -4 -2 -9
right_child=1 3 6 4 -6 -7 -8 8 -10
leaf_value=0.029878288910725762 0.095452238641780679 0.077651924019634555 -0.16100504721716088 -0.0082909411563645997 -0.19052149457007678 0.00064074136989868277 -0.05223118841174617 0.093583603302899845 0.092333078960601236
leaf_weight=5.2485996484756496 3.0884087085723859 11.821681901812552 5.1243115812540037 6.0763547047972679 3.0357593148946744 75.175130970776081 6.5946373045444489 2.473545029759407 2.5458586290478706
leaf_count=32 23 83 21 34 20 464 27 20 22
internal_value=0.000710218 0.0105428 -0.0596826 0.00351048 -0.0690022 0.0111055 -0.0997944 0.0939027 0.0929493
internal_weight=121.184 104.217 16.9675 96.1089 9.11211 86.9968 11.7189 8.10781 5.0194
internal_count=746 666 80 601 54 547 48 65 42
is_linear=0
shrinkage=0.08


Tree=10
num_leaves=11
num_cat=0
split_feature=56 24 8 33 55 45 15 56 0 32
split_gain=9.80203 9.16332 12.5368 10.4948 9.38509 10.2688 6.40901 6.27164 4.94725 6.1494
threshold=0.54785763423034084 0.00057054289598645013 -0.0010319726828268998 -0.0014391809486574998 0.44605713473656949 0.47339406232850856 0.00029980141511700006 0.23478571185791206 53.231444674965353 0.00062817658891940016
decision_type=2 2 2 2 2 2 2 2 2 2
left_child=7 4 3 -3 6 -6 -2 -1 -9 -10
right_child=1 2 -4 -5 5 -7 -8 8 9 -11
leaf_value=0.027833129028198629 0.019357957744298566 -0.072728962912335007 -0.14915646910533337 0.060379739742467145 0.047634617895406878 -0.056914731137978736 0.075538672960526618 -0.1179875339032217 0.04609806766367585 -0.094144958271705298
leaf_weight=5.1861982643604305 31.547844149172306 7.0704720020294198 4.8394058048725119 8.1727740913629532 9.793180853128435 15.574478104710577 22.098877504467964 7.9849833101034191 3.7316543385386449 4.3146418556571007
leaf_count=32 210 38 25 45 60 94 167 35 20 20
internal_value=0.00071107 0.0112769 -0.0369765 -0.00136179 0.0235413 -0.0165535 0.0425007 -0.0486373 -0.0733758 -0.029104
internal_weight=120.315 99.097 20.0827 15.2432 79.0144 25.3677 53.6467 21.2175 16.0313 8.0463
internal_count=746 639 108 83 531 154 377 107 75 40
is_linear=0
shrinkage=0.08


Tree=11
num_leaves=7
num_cat=0
split_feature=56 26 3 45 16 15
split_gain=8.75523 9.85323 8.60461 7.53882 8.1944 0.00242353
threshold=0.48200010616626804 -5.9365698943241378e-08 0.0010183202923525001 0.54472586513277321 -0.0018417982831992997 0.00029716161495645007
decision_type=2 2 2 2 2 2
left_child=1 -1 5 4 -4 -2
right_child=2 -3 3 -5 -6 -7
leaf_value=0.017636183562959699 0.093736483364325579 -0.1123087994810838 -0.053519901992314933 -0.11135015333774834 0.016333781383881391 0.090833422540871123
leaf_weight=6.5929265916347513 3.8133288919925681 8.6139055639505351 12.3973291516304 3.5744362175464621 80.775108970701694 3.5572402626276016
leaf_count=38 31 36 64 20 523 34
internal_value=0.000731336 -0.0559711 0.00901299 0.00266515 0.0070392 0.0923354
internal_weight=119.324 15.2068 104.117 96.7469 93.1724 7.37057
internal_count=746 74 672 607 587 65
is_linear=0
shrinkage=0.08


Tree=12
num_leaves=10
num_cat=0
split_feature=3 42 14 45 55 26 42 44 14
split_gain=7.84542 11.3184 11.5136 9.72302 7.47591 10.7273 8.81433 4.98519 3.08552
threshold=0.0014042863949524002 399.61688474060207 0.00017729533598820002 0.53687409686434961 0.48691367688632953 1.163978786730649e-07 399.07686170577978 0.66270951972948577 0.00016906035474885002
decision_type=2 2 2 2 2 2 2 2 2
left_child=1 7 -3 4 6 -6 -2 8 -1
right_child=3 2 -4 -5 5 -7 -8 -9 -10
leaf_value=0.01052010000688906 -0.0049857493926539573 -0.13951581642913494 0.063362340832035249 -0.10681171169521646 -0.0088909578962811393 -0.16427206463078264 0.080973169540358561 -0.013820696336306148 0.090704983071911535
leaf_weight=3.7513115555048051 57.348695307970047 4.2323251217603675 3.1027276366949081 6.4134508445858947 8.6090809106826764 4.246149167418479 8.8070676997303945 4.8661278188228598 16.943305477499962
leaf_count=24 337 27 22 36 48 20 66 32 134
internal_value=0.000703891 0.0339002 -0.0536983 -0.0120795 -0.00438998 -0.0602141 0.00645764 0.0590379 0.0761699
internal_weight=118.32 32.8958 7.33505 85.4244 79.011 12.8552 66.1558 25.5607 20.6946
internal_count=746 239 49 507 471 68 403 190 158
is_linear=0
shrinkage=0.08


Tree=13
num_leaves=13
num_cat=0
split_feature=56 32 0 31 26 26 15 15 15 21 21 55
split_gain=7.49164 10.3708 7.54544 12.8366 9.32606 15.1761 8.55693 6.71875 5.35851 1.76642 1.47968 0.296189
threshold=0.91545158911619418 0.0006275408498507501 26.490357947684434 0.16797644632353823 -1.6497659252281543e-07 1.0157219425421865e-06 -0.0017298708026049997 -0.00018310731860669998 0.00028197632383740006 8.8849953565815382e-05 2.1910990123004713e-06 0.24772495217829069
decision_type=2 2 2 2 2 2 2 2 2 2 2 2
left_child=2 9 3 6 8 -6 -1 -5 -4 10 -2 -11
right_child=1 -3 4 7 5 -7 -8 -9 -10 11 -12 -13
leaf_value=-0.0055557717691597413 0.063949057672757978 -0.057036521838653778 0.0051543970377898977 0.078718857694708683 -0.086893291517926255 0.013139159437014223 -0.15433200017387574 -0.048693197324542851 0.078369226846575241 0.063125839940437023 -0.0039344885140152122 0.095760276104348369
leaf_weight=3.5735113322734824 6.016822196543222 5.5760302171111098 12.885022640228273 5.1489491909742355 14.326703682541845 30.097794942557812 8.0426038727164286 5.4550384879112226 12.707146801054476 2.2643831372261038 3.1209898144006729 8.3190107941627485
leaf_count=20 37 37 79 27 84 202 38 27 89 19 22 65
internal_value=0.000727156 0.0392938 -0.0098503 -0.0504673 0.00303969 -0.0191209 -0.108563 0.0131739 0.0415074 0.0665305 0.0407637 0.0887779
internal_weight=117.534 25.2972 92.2368 22.2201 70.0167 44.4245 11.6161 10.604 25.5922 19.7212 9.13781 10.5834
internal_count=746 180 566 112 454 286 58 54 168 143 59 84
is_linear=0
shrinkage=0.08


Tree=14
num_leaves=10
num_cat=0
split_feature=3 56 32 29 26 24 21 12 15
split_gain=6.99877 6.27469 8.49228 7.36197 9.04216 7.33826 1.66623 0.175894 0.00169471
threshold=0.00099565454848495028 0.91545158911619418 0.0006275408498507501 0.33571707415863039 -1.6497659252281543e-07 0.00049189334333200007 8.8849953565815382e-05 6.341323632612124e-05 0.00029329852405175007
decision_type=2 2 2 2 2 2 2 2 2
left_child=7 3 6 4 -2 -5 -3 8 -1
right_child=1 2 -4 5 -6 -7 -8 -9 -10
leaf_value=0.092340363292654035 0.028693169453398452 0.036881681085006848 -0.050666477120258901 -0.16131537843554322 -0.027170819801059898 -0.014994027778870586 0.086753070617690109 0.06168996980947606 0.089218110414905696
leaf_weight=2.4775114953517905 29.916475884616375 8.6654594689607674 5.7663463652133933 4.0993805006146413 48.777447156608105 4.7184868231415749 8.4866855442523939 1.8602757677435873 2.0195307359099388
leaf_count=22 190 56 37 23 286 25 67 18 22
internal_value=0.000757176 -0.00394171 0.0333217 -0.0137006 -0.00593343 -0.0830181 0.0615575 0.0823796 0.0909382
internal_weight=116.788 110.43 22.9185 87.5118 78.6939 8.81787 17.1521 6.35732 4.49704
internal_count=746 684 160 524 476 48 123 62 44
is_linear=0
shrinkage=0.08


Tree=15
num_leaves=7
num_cat=0
split_feature=56 56 16 45 28 45
split_gain=6.41491 7.79586 7.21905 6.50924 5.61091 1.47521
threshold=0.48200010616626804 0.23478571185791206 -0.0022092244630258994 0.54472586513277321 -0.97739676085398119 0.50587300413359537
decision_type=2 2 2 2 2 2
left_child=1 -1 -2 4 -4 -3
right_child=2 5 3 -5 -6 -7
leaf_value=0.032847966246883034 -0.089273733304027839 -0.1201995211161007 -0.076944979940727784 -0.089200459561545861 0.020909729163618745 -0.057760181486530934
leaf_weight=4.9646596163511267 4.6685611754655829 5.0740081965923292 3.914766587316989 3.8617599606513968 89.186831116676331 4.6327839493751526
leaf_count=32 24 22 22 20 606 20
internal_value=0.000756602 -0.0486935 0.00789516 0.0125736 0.0167951 -0.0903989
internal_weight=116.303 14.6715 101.632 96.9634 93.1016 9.70679
internal_count=746 74 672 648 628 42
is_linear=0
shrinkage=0.08


Tree=16
num_leaves=9
num_cat=0
split_feature=3 42 14 45 55 14 44 14
split_gain=6.22914 8.94105 8.66849 7.29897 5.83244 6.21182 4.77632 2.91557
threshold=0.0014042863949524002 399.61688474060207 0.00017729533598820002 0.53687409686434961 0.58245290161871621 0.00018525808665330001 0.66270951972948577 0.00016906035474885002
decision_type=2 2 2 2 2 2 2 2
left_child=1 6 -3 4 5 -2 7 -1
right_child=3 2 -4 -5 -6 -7 -8 -9
leaf_value=0.0091848927782453692 -0.0111982340488941 -0.11290942804916135 0.062556549786734722 -0.091063037886962878 -0.10380602846870569 0.044775055488653751 -0.016397909540474025 0.088776698975821092
leaf_weight=3.6492898315191367 57.747996240854263 4.6171595156192771 2.9552809745073318 6.6458964794874182 3.5546203181147566 16.26281401515007 4.7368091046810141 15.274538092315195
leaf_count=24 340 27 22 36 17 114 32 134
internal_value=0.000716581 0.0312303 -0.0444307 -0.0106006 -0.00370652 0.00110109 0.0554452 0.0734281
internal_weight=115.444 31.2331 7.57244 84.2113 77.5654 74.0108 23.6606 18.9238
internal_count=746 239 49 507 471 454 190 158
is_linear=0
shrinkage=0.08


Tree=17
num_leaves=10
num_cat=0
split_feature=3 26 26 45 31 10 22 12 41
split_gain=5.93675 5.66581 13.9602 17.9633 8.76144 8.53252 5.44698 0.183432 0.00264817
threshold=0.00099565454848495028 -1.1782315518901182e-07 1.0870405015942999e-06 0.47633916538723581 0.054397273462136152 5.8688641332161231e-05 -8.5167543011479633e-05 6.341323632612124e-05 726.60635100306911
decision_type=2 2 2 2 2 2 2 2 2
left_child=7 4 3 -3 -2 -4 -6 8 -1
right_child=1 2 5 -5 6 -7 -8 -9 -10
leaf_value=0.087867193640918093 -0.090087657717651454 0.041435077158840539 -0.03364614110003214 -0.13477761238107708 -0.015917686007650606 0.032104907118759664 0.052541802949060974 0.058233054662579359 0.091998534575023855
leaf_weight=2.1826979145407668 4.1308119371533385 5.3844202607870129 22.378875710070133 11.852820850908754 10.437727637588976 29.000047527253628 25.883449323475361 1.6772249713540075 1.8217869102954862
leaf_count=27 20 32 135 65 56 195 181 18 17
internal_value=0.000718368 -0.00343479 -0.0174348 -0.0797338 0.0203126 0.00346603 0.0328684 0.080444 0.0897467
internal_weight=114.75 109.068 68.6162 17.2372 40.452 51.3789 36.3212 5.68171 4.00448
internal_count=746 684 427 97 257 330 237 62 44
is_linear=0
shrinkage=0.08


Tree=18
num_leaves=12
num_cat=0
split_feature=44 35 32 24 10 8 27 44 29 56 16
split_gain=5.8062 7.26787 9.77991 9.33871 6.69797 6.64121 8.70715 9.36148 5.53657 4.68771 2.81782
threshold=0.56074092775597706 1.0000000180025095e-35 0.00062408661045940019 0.00038541253463820005 5.9968386815581586e-05 0.0010621077571176501 0.0026119987338937005 0.49642775875813111 0.019270796894762302 0.8887795233854171 -0.00071224404427694995
decision_type=2 2 2 2 2 2 2 2 2 2 2
left_child=5 2 3 -2 8 6 9 -8 -3 -1 -6
right_child=1 4 -4 -5 10 -7 7 -9 -10 -11 -12
leaf_value=0.030126426246057027 0.032513852158756656 0.045223735311221584 -0.16658074273391882 -0.079871171063733551 -0.01974848773649859 -0.061508119329519079 0.071502415935432564 -0.082148570257882247 -0.04932054454849797 0.093066748131545612 0.06176616979996527
leaf_weight=26.555002458393574 8.7793761715292984 5.3632112368941334 3.9363284185528746 10.264686547219751 3.4565951228141811 5.7725318148732176 3.7821496278047544 7.713348388671875 15.196345433592795 10.594811774790285 12.634522348642347
leaf_count=193 67 34 25 53 18 32 22 37 82 96 87
internal_value=0.000726223 -0.0165173 -0.0517884 -0.0280613 0.00559815 0.0196216 0.0292489 -0.0315956 -0.0246575 0.0480765 0.0442557
internal_weight=114.049 59.6311 22.9804 19.0441 36.6507 54.4178 48.6453 11.4955 20.5596 37.1498 16.0911
internal_count=746 366 145 120 221 380 348 59 116 289 105
is_linear=0
shrinkage=0.08


Tree=19
num_leaves=10
num_cat=0
split_feature=3 26 26 45 6 29 27 12 41
split_gain=5.0263 5.17545 10.9421 15.3605 7.22583 7.19874 5.14815 0.226151 0.00219915
threshold=0.00099565454848495028 -1.6497659252281543e-07 5.2936559870159252e-07 0.47633916538723581 0.00015830243248715002 0.37654471998522671 0.0025825067873012004 6.368720049232061e-05 726.91654749139764
decision_type=2 2 2 2 2 2 2 2 2
left_child=7 5 3 -3 -4 6 -2 8 -1
right_child=1 2 4 -5 -6 -7 -8 -9 -10
leaf_value=0.086968268709278776 0.10138904951199784 0.04542028182521466 -0.02402194889580803 -0.13402519466867502 0.035156867318736976 -0.077535125889594825 0.018660526808540297 0.051363936679903216 0.090948203288072627
leaf_weight=2.1867420412600036 5.7732919156551352 4.4222863987088195 32.280126839876175 9.8595233261585218 22.346031993627548 4.2814077436923972 28.977813869714737 1.4582910165190694 1.4967300966382024
leaf_count=30 41 27 182 51 172 20 191 17 15
internal_value=0.000751293 -0.00292983 -0.0161139 -0.0784609 0.000186448 0.0203454 0.0324044 0.0780288 0.0885855
internal_weight=113.082 107.94 68.908 14.2818 54.6262 39.0325 34.7511 5.14176 3.68347
internal_count=746 684 432 78 354 252 232 62 45
is_linear=0
shrinkage=0.08


Tree=20
num_leaves=13
num_cat=0
split_feature=44 44 41 16 47 12 15 27 55 8 42 26
split_gain=4.82977 6.82742 5.61035 9.75412 5.50865 5.44272 5.07379 4.82117 8.52002 5.88601 4.78108 4.09182
threshold=0.56074092775597706 0.57914449632433296 721.5621768481916 -0.00044414562160899996 1.0000000180025095e-35 6.7100165308669522e-05 0.00028812459900465003 0.0026057455886595508 0.33963945621100483 0.0008994175728043001 398.32607827330054 1.0314269582143643e-05
decision_type=2 2 2 2 2 2 2 2 2 2 2 2
left_child=4 6 5 -4 10 -3 -2 9 -9 -6 -1 -8
right_child=1 2 3 -5 7 -7 11 8 -10 -11 -12 -13
leaf_value=0.02336092248273873 -0.14308446285202692 0.07431335863491266 -0.11507245725391009 -0.0010101195486545299 0.062466701705185444 -0.033346099124590571 0.023803303358528462 -0.072748868104180117 0.057604100495079871 -0.028909329293131943 -0.096693247775524946 -0.11125828688537386
leaf_weight=3.9887476824223977 4.116405136883257 9.5448975935578328 5.7296575829386667 29.517311997711662 25.950869601219896 4.3864595219492903 3.7407912276685238 6.8333740383386594 6.0504724979400635 5.4610894061624995 4.5387540608644485 2.3296411857008934
leaf_count=30 22 55 29 192 221 24 33 35 32 38 24 11
internal_value=0.000745821 -0.0149118 -0.00256413 -0.0195518 0.0183426 0.0404155 -0.0745219 0.0296778 -0.0115329 0.0465806 -0.0405378 -0.0280291
internal_weight=112.188 59.3652 49.1783 35.247 52.8233 13.9314 10.1868 44.2958 12.8838 31.412 8.5275 6.07043
internal_count=746 366 300 221 380 79 66 326 67 259 54 44
is_linear=0
shrinkage=0.08


Tree=21
num_leaves=6
num_cat=0
split_feature=45 16 56 26 15
split_gain=4.54715 4.93643 4.99731 6.248 4.48313
threshold=0.54472586513277321 -0.0022092244630258994 0.48200010616626804 -5.9365698943241378e-08 0.00030149707340665002
decision_type=2 2 2 2 2
left_child=1 -1 3 -3 -4
right_child=-2 2 4 -5 -6
leaf_value=-0.074893755582231519 -0.076296781485792539 0.024096977804603986 0.0027933044628603832 -0.087645589259091564 0.041871191926992707
leaf_weight=4.8281450420618048 4.6953710466623297 5.7221828103065491 61.78682130202651 7.2726455032825452 26.998890668153763
leaf_count=24 25 34 410 35 218
internal_value=0.000751972 0.00414543 0.0078948 -0.0384405 0.0146765
internal_weight=111.304 106.609 101.781 12.9948 88.7857
internal_count=746 721 697 69 628
is_linear=0
shrinkage=0.08


Tree=22
num_leaves=11
num_cat=0
split_feature=3 26 26 30 7 15 10 14 12 41
split_gain=4.22365 4.34439 9.20645 12.1105 6.49394 13.6383 6.30367 3.65182 0.240771 0.00141475
threshold=0.00099565454848495028 -1.6497659252281543e-07 1.0870405015942999e-06 1.7993228145840534 -0.00079818611506019986 -0.0013802284865073497 5.8688641332161231e-05 0.00016642211394620005 6.368720049232061e-05 726.91654749139764
decision_type=2 2 2 2 2 2 2 2 2 2
left_child=8 4 3 -3 5 -2 -4 -6 9 -1
right_child=1 2 6 -5 7 -7 -8 -9 -10 -11
leaf_value=0.086039029601335304 0.02689297843453068 -0.18340177153885859 -0.028509493402374339 -0.027809808090469984 0.0041445436039585781 -0.13535039675813812 0.028847784255202163 0.071967298850187295 0.047216098276918583 0.089428846150567995
leaf_weight=1.9314935058355325 11.645240359008314 4.1595147028565433 22.26971697062254 13.902202866971491 7.9745304659009006 4.636019527912139 27.290936801582575 14.002262793481348 1.3467572592198847 1.3309199474751947
leaf_count=30 65 20 135 82 52 20 195 115 17 15
internal_value=0.00070725 -0.0025562 -0.0147451 -0.0636418 0.018988 -0.0193051 0.00307471 0.047357 0.0756742 0.0874219
internal_weight=110.49 105.88 67.6224 18.0617 38.2581 16.2813 49.5607 21.9768 4.60917 3.26241
internal_count=746 684 432 102 252 85 330 167 62 45
is_linear=0
shrinkage=0.08


Tree=23
num_leaves=11
num_cat=0
split_feature=56 32 45 16 31 26 41 21 21 42
split_gain=4.1733 7.16485 5.45838 5.93727 9.07352 5.46136 4.84355 1.53778 1.5724 0.272674
threshold=0.91545158911619418 0.0006275408498507501 0.53687409686434961 -0.0018503170696965996 0.20978492744526023 -2.8688105052754078e-07 723.41915596915089 8.8849953565815382e-05 2.1910990123004713e-06 397.78961386204679
decision_type=2 2 2 2 2 2 2 2 2 2
left_child=2 7 3 4 -1 -5 -4 8 -2 -9
right_child=1 -3 6 5 -6 -7 -8 9 -10 -11
leaf_value=-0.13646278315131444 0.059628366738788428 -0.044659385297941438 -0.01106519406849206 0.038201828117688519 0.015612102444785773 -0.0088836862061273929 -0.13857194326009711 0.091531838634079446 -0.01406121386183817 0.056283110889015914
leaf_weight=4.8947830945253354 5.4480008482933098 5.7987753376364699 4.008364036679267 24.030843075364828 5.1558634638786316 45.83658616617322 3.6364489421248436 6.2766983248293382 2.8086433596909046 1.8094543591141699
leaf_count=23 37 37 24 174 25 300 20 66 22 18
internal_value=0.000709647 0.031739 -0.00713659 -0.000958952 -0.0584502 0.00731134 -0.071717 0.0588468 0.0345616 0.0836442
internal_weight=109.704 22.1416 87.5629 79.9181 10.0506 69.8674 7.64481 16.3428 8.25664 8.08615
internal_count=746 180 566 522 48 474 44 143 59 84
is_linear=0
shrinkage=0.08


Tree=24
num_leaves=13
num_cat=0
split_feature=44 35 6 24 47 16 10 27 3 8 47 3
split_gain=4.03017 6.08269 6.57828 8.67403 5.8146 4.94306 4.53761 4.56371 3.93893 4.23683 3.76436 0.296979
threshold=0.54038752688950709 1.0000000180025095e-35 0.00020106366470160002 0.00038541253463820005 1.0000000180025095e-35 0.00058110474169475004 6.0073360502931393e-05 0.0026164064669613502 0.0014054480017123502 -0.0013132776263748496 0.049999999999999954 0.0008989377062836501
decision_type=2 2 2 2 2 2 2 2 2 2 2 2
left_child=4 2 3 -2 5 -1 10 -8 11 -10 -3 -6
right_child=1 6 -4 -5 8 -7 7 -9 9 -11 -12 -13
leaf_value=-0.097020964237657256 0.041535155124427819 -0.038802988049004776 -0.12098870846436929 -0.062544853055994942 0.052921876773140267 0.028542623345786288 0.057908203664874397 -0.053925222951737489 0.071185395057846088 -0.0008512333890285345 0.028178661334940427 0.091281032910175183
leaf_weight=4.4725722074508649 8.4806952886283451 14.966930665075781 5.287875108420848 12.950105108320711 1.616226352751253 3.6392180882394314 14.224692951887848 2.794087976217269 7.2797340750694266 18.515859939157966 8.374357156455515 6.4334787055850029
leaf_count=25 74 81 35 68 22 26 106 14 46 131 54 64
internal_value=0.00069665 -0.0114674 -0.0410757 -0.0213578 0.0201438 -0.040689 0.00813356 0.0395478 0.0347238 0.0194781 -0.0147714 0.0835793
internal_weight=109.036 67.0787 26.7187 21.4308 41.9571 8.11179 40.3601 17.0188 33.8453 25.7956 23.3413 8.04971
internal_count=746 432 177 142 314 51 255 120 263 177 135 86
is_linear=0
shrinkage=0.08


Tree=25
num_leaves=7
num_cat=0
split_feature=55 2 53 16 9 33
split_gain=3.60431 6.15192 5.59856 5.98636 5.15422 3.59094
threshold=0.58245290161871621 0.90115172985163483 7.9280375430010777 -0.0018503170696965996 5.8536355914065692e-05 0.0006725171451348002
decision_type=2 2 2 2 2 2
left_child=1 2 -1 -4 -3 -6
right_child=-2 4 3 -5 5 -7
leaf_value=0.086698350840620581 -0.078447644784085599 -0.057333891257254431 -0.067735917052542435 -0.0021070489356945585 0.07604094496426568 -0.035225501279096037
leaf_weight=3.9977288991212836 3.5606048330664626 2.7258599027991322 10.157046258449553 71.596955131739378 14.201316505670549 2.1354941129684439
leaf_count=26 19 17 49 485 133 17
internal_value=0.000708594 0.00339758 -0.00574051 -0.0102607 0.0445044 0.0614966
internal_weight=108.375 104.814 85.7517 81.754 19.0627 16.3368
internal_count=746 727 560 534 167 150
is_linear=0
shrinkage=0.08


Tree=26
num_leaves=6
num_cat=0
split_feature=15 33 8 22 41
split_gain=3.56342 7.39096 5.17323 6.62917 2.80866
threshold=-0.0017322486545095497 -0.0014683685554715499 -0.0020467305743710495 -0.00015029918226299997 719.82567920243048
decision_type=2 2 2 2 2
left_child=4 -2 -3 -4 -1
right_child=1 2 3 -5 -6
leaf_value=0.10328157437227717 -0.081945890164794935 0.091473142915422231 -0.10641273892977589 0.003238308965845641 0.0049446768215311212
leaf_weight=3.7186676710844031 7.1014893054962149 4.0217054337263098 3.680363565683364 85.625535890460014 3.7167763262987137
leaf_count=22 32 23 18 629 22
internal_value=0.000686348 -0.00327012 0.00271648 -0.00128049 0.0541256
internal_weight=107.865 100.429 93.3276 89.3059 7.43544
internal_count=746 702 670 647 44
is_linear=0
shrinkage=0.08


Tree=27
num_leaves=12
num_cat=0
split_feature=44 44 41 16 12 8 0 26 15 41 8
split_gain=3.52266 5.79881 4.67741 6.5046 4.25578 3.97159 5.90638 4.19187 3.49937 3.14578 0.00293161
threshold=0.56074092775597706 0.57914449632433296 721.5621768481916 -0.00044414562160899996 6.7100165308669522e-05 0.0010621077571176501 99.999999970177882 7.9459896416608575e-06 0.00028812459900465003 725.3137494976437 0.00071911668079645014
decision_type=2 2 2 2 2 2 2 2 2 2 2
left_child=5 8 4 -4 -3 6 7 -1 -2 -10 -8
right_child=1 2 3 -5 -6 -7 10 -9 9 -11 -12
leaf_value=-0.0055265017219220782 -0.12278106764364426 0.070733179507378077 -0.094280452757993294 -0.001205113795844611 -0.024985485303338679 -0.046567519506113764 0.088828197000186501 0.054342325281149004 -0.082169962070011884 0.037263833502931769 0.092107429312894229
leaf_weight=26.380910005420446 4.292519658803938 8.9410222172737104 5.7731019407510713 28.668766755610708 4.4535691887140265 5.6997048407793036 2.9829166159033766 10.449770048260687 3.0593364425003529 2.6202620267868042 4.2035364061594009
leaf_count=199 22 55 29 192 24 32 35 74 20 24 40
internal_value=0.000653998 -0.0127744 -0.00120593 -0.0168063 0.0389077 0.016268 0.0244045 0.0114598 -0.0682688 -0.0270696 0.0907463
internal_weight=107.525 57.8086 47.8365 34.4419 13.3946 49.7168 44.0171 36.8307 9.97212 5.6796 7.18645
internal_count=746 366 300 221 79 380 348 273 66 44 75
is_linear=0
shrinkage=0.08


Tree=28
num_leaves=11
num_cat=0
split_feature=45 3 22 45 26 7 29 41 16 21
split_gain=3.45924 8.09151 6.23618 5.58502 4.91289 7.95119 6.2845 4.28843 4.03342 2.44047
threshold=0.53196390395757576 0.0022142169252657002 6.2376997807756586e-05 0.51521089528738317 -1.1782315518901182e-07 0.00046296875029205002 0.37654471998522671 720.03868858903036 0.00059878292487520015 1.053209051113912e-05
decision_type=2 2 2 2 2 2 2 2 2 2
left_child=3 2 8 4 6 -6 -1 -5 -2 -9
right_child=1 -3 -4 7 5 -7 -8 9 -10 -11
leaf_value=0.035197706327132358 -0.021756299226330284 -0.12325476299698601 -0.098224273080482608 -0.022252692567049086 -0.0019937402145974816 -0.082890755873826619 -0.091375326600548562 0.021280567528762999 0.092731456747843582 0.084667010453731498
leaf_weight=24.26992013305426 3.6549142748117429 4.6021575629711142 2.840311273932457 5.1187797486782101 32.246317278593779 10.246721655130385 2.8002079576253882 6.138545066118243 4.2705244310200214 10.600522033870218
leaf_count=181 21 23 20 30 218 59 13 41 41 99
internal_value=0.000648336 -0.0344699 0.00348392 0.00655173 -0.00453219 -0.0215012 0.0221046 0.0418266 0.039934 0.061422
internal_weight=106.789 15.3679 10.7657 91.421 69.5632 42.493 27.0701 21.8578 7.92544 16.7391
internal_count=746 105 82 641 471 277 194 170 62 140
is_linear=0
shrinkage=0.08


Tree=29
num_leaves=11
num_cat=0
split_feature=3 26 21 21 45 8 15 22 12 41
split_gain=3.32221 3.48168 6.57935 5.81957 15.0073 6.22524 4.46675 1.47168 0.271985 0.000701482
threshold=0.00099565454848495028 -2.8688105052754078e-07 -1.8073090633553327e-05 2.995224602256673e-05 0.47633916538723581 0.0007012276796335001 -0.0014279253973609998 6.3473183510032548e-05 6.368720049232061e-05 726.91654749139764
decision_type=2 2 2 2 2 2 2 2 2 2
left_child=8 2 6 4 -3 -5 -2 -4 9 -1
right_child=1 3 7 5 -6 -7 -8 -9 -10 -11
leaf_value=0.085089100823574806 0.036545506705836499 0.054856286257001362 0.099033730124709646 -0.0064884999208073947 -0.092890570935113367 0.093743322642840937 -0.030859275466009636 0.029616047426153643 0.04081575497276841 0.08768533686384522
leaf_weight=1.6535746008157728 10.938960604369639 6.3227712437510517 6.1848645620048028 41.970513205975294 14.46805504709482 4.3795664384961119 14.811510175466539 2.8576819337904453 1.2214166708290575 1.1152837350964544
leaf_count=30 64 42 53 285 77 40 94 29 17 15
internal_value=0.000654396 -0.00214876 0.0183899 -0.0127921 -0.0479588 0.00298229 -0.0022253 0.0770959 0.0722628 0.0861349
internal_weight=105.924 101.934 34.793 67.1409 20.7908 46.3501 25.7505 9.04255 3.99028 2.76886
internal_count=746 684 240 444 119 325 158 82 62 45
is_linear=0
shrinkage=0.08


Tree=30
num_leaves=10
num_cat=0
split_feature=56 32 45 16 31 45 41 27 45
split_gain=3.0568 5.98043 4.07153 3.90051 6.21611 4.29649 3.44185 1.40419 1.54377
threshold=0.91545158911619418 0.0006275408498507501 0.53687409686434961 -0.0018503170696965996 0.20978492744526023 0.50501566188274682 723.41915596915089 0.0025831031419275004 0.53234446960779136
decision_type=2 2 2 2 2 2 2 2 2
left_child=2 7 3 4 -1 -5 -4 -2 -9
right_child=1 -3 6 5 -6 -7 -8 8 -10
leaf_value=-0.1101860805432545 -0.0011795546473930974 -0.040458077064452598 -0.0097639416452759333 -0.012284805417663034 0.016142645872736113 0.028359684730535628 -0.11865347344447028 0.079364515047132878 0.0066789090733622479
leaf_weight=5.0088884308934194 2.3717340305447605 5.8209823071956626 3.8278323709964743 36.381514295935631 4.9626846611499786 30.68361558765173 3.6097659282386303 10.158608086407183 2.2920495532453051
leaf_count=23 19 37 24 247 25 227 20 103 21
internal_value=0.000656321 0.028253 -0.00608762 -0.000630363 -0.0473144 0.00631085 -0.0626124 0.055237 0.0659838
internal_weight=105.118 20.6434 84.4743 77.0367 9.97157 67.0651 7.4376 14.8224 12.4507
internal_count=746 180 566 522 48 474 44 143 124
is_linear=0
shrinkage=0.08


Tree=31
num_leaves=7
num_cat=0
split_feature=15 27 45 55 21 24
split_gain=2.95517 6.31815 4.51478 6.365 3.25636 2.64367
threshold=-0.0017322486545095497 0.0026236241122292504 0.4626323606718859 0.53508984969971185 -8.4231932591294286e-06 0.00058447931973050016
decision_type=2 2 2 2 2 2
left_child=5 2 4 -4 -2 -1
right_child=1 -3 3 -5 -6 -7
leaf_value=0.00073190196009425158 -0.014539724684923044 -0.070024959732184353 0.0042687574410411235 -0.079095722461382773 0.099188770108810428 0.098934017051785214
leaf_weight=3.443598434329032 2.3646777421236038 8.2347351014614087 75.434308558702469 6.3554472476243964 5.0574059821665278 3.5767895057797432
leaf_count=20 17 39 572 34 40 24
internal_value=0.000634916 -0.00297659 0.00321233 -0.00220905 0.0629548 0.0507645
internal_weight=104.467 97.4466 89.2118 81.7898 7.42208 7.02039
internal_count=746 702 663 606 57 44
is_linear=0
shrinkage=0.08


Tree=32
num_leaves=14
num_cat=0
split_feature=44 35 31 45 47 10 31 27 16 3 8 56 3
split_gain=2.90743 4.59378 5.73541 6.88587 3.92279 3.83399 4.67602 3.80624 3.55471 3.46217 3.67429 2.62467 0.283236
threshold=0.54038752688950709 1.0000000180025095e-35 0.86188171296823202 0.49975975765092479 1.0000000180025095e-35 6.0073360502931393e-05 0.059573962847102056 0.0026164064669613502 0.00058110474169475004 0.0014054480017123502 -0.0013132776263748496 0.86986584171721304 0.00097372748961950008
decision_type=2 2 2 2 2 2 2 2 2 2 2 2 2
left_child=4 2 3 -2 8 6 -3 -7 -1 12 -11 -4 -6
right_child=1 5 11 -5 9 7 -8 -9 -10 10 -12 -13 -14
leaf_value=-0.077652121262350673 0.078681655919319832 -0.1096838457111128 -0.046006565324028942 -0.038263970519749918 0.051825779855279745 0.055530795118632341 0.00025089832335192601 -0.048103976830271442 0.031926605329947885 0.067120675084041612 -0.0026930565588319162 -0.14510793168681807 0.0896604328737233
leaf_weight=4.6248672828078261 4.0966437980532708 2.825470224022868 3.2288621142506591 15.098486639559267 1.6697891056537653 13.224661204963921 20.031822465360165 2.7376345619559279 3.2094868049025536 6.6346861869096783 17.68564934656024 3.636968445032835 5.2410549707710743
leaf_count=25 36 15 22 98 27 106 120 14 26 46 131 21 59
internal_value=0.000611759 -0.00977021 -0.0357508 -0.0133053 0.0178543 0.00767145 -0.0133385 0.0377568 -0.0327612 0.0305512 0.0163524 -0.0985026 0.0805189
internal_weight=103.946 64.8805 26.061 19.1951 39.0655 38.8196 22.8573 15.9623 7.83435 31.2312 24.3203 6.86583 6.91084
internal_count=746 432 177 134 314 255 135 120 51 263 177 43 86
is_linear=0
shrinkage=0.08


Tree=33
num_leaves=10
num_cat=0
split_feature=56 14 56 24 24 41 56 21 55
split_gain=2.78461 4.70966 4.37648 4.37033 8.36863 3.23006 4.18912 1.52567 0.0165059
threshold=0.54785763423034084 0.00019132154736050004 0.23478571185791206 8.3589108414988012e-06 2.2883303444206415e-05 723.97870247823687 0.44016057093237687 3.7116783777532441e-05 0.30733321037844386
decision_type=2 2 2 2 2 2 2 2 2
left_child=2 3 -1 -2 -5 -4 -7 -3 -9
right_child=1 7 5 4 -6 6 -8 8 -10
leaf_value=0.042461388699698087 0.10271991730177332 0.016226627612480237 -0.093866254951930905 -0.11447231219039715 0.0037252360486055968 -0.081642574421583292 0.035870356865315423 0.088708066643364183 0.097947381989617777
leaf_weight=4.328744541853669 2.6061987057328215 2.4729384183883658 6.0050531625747663 4.0526356697082511 70.961777146905661 3.4741096943616867 4.4008480980992317 2.5694865360856056 2.3871516473591328
leaf_count=32 18 20 30 25 523 18 27 34 19
internal_value=0.000623458 0.00670216 -0.0277692 0.000877902 -0.00266036 -0.0496719 -0.0159715 0.0675512 0.0931578
internal_weight=103.259 85.0502 18.2088 77.6206 75.0144 13.88 7.87496 7.42958 4.95664
internal_count=746 639 107 566 548 75 45 73 53
is_linear=0
shrinkage=0.08


Tree=34
num_leaves=9
num_cat=0
split_feature=27 24 24 26 33 6 27 8
split_gain=3.50973 3.02941 8.83211 6.99523 5.72724 5.49414 3.32655 2.02721
threshold=0.0025824469818406504 5.3115761499469387e-05 0.00016312304321330003 -2.8688105052754078e-07 0.00065528203480190006 0.00020942021904330003 0.0025825067873012004 0.00097502613618970007
decision_type=2 2 2 2 2 2 2 2
left_child=-1 3 7 6 -4 -5 -2 -3
right_child=1 2 4 5 -6 -7 -8 -9
leaf_value=0.10269265949759973 0.098087773771462786 0.083854138363381139 -0.00042250291422727299 -0.14000528590089384 -0.092760342197313661 -0.022087006119585376 -0.030339675305035889 0.0055807712298987597
leaf_weight=2.1107190027832976 2.9248182773590079 9.701247498393057 67.830483390018344 4.3885108977556211 4.5898810774087897 5.9675158560276031 2.3104654662311077 2.7089492678642264
leaf_count=14 26 105 470 22 30 39 19 21
internal_value=0.00059997 -0.00154587 0.00441103 -0.0339567 -0.00627472 -0.0720565 0.0414094 0.0667683
internal_weight=102.533 100.422 84.8306 15.5913 72.4204 10.356 5.23528 12.4102
internal_count=746 732 626 106 500 61 45 126
is_linear=0
shrinkage=0.08


Tree=35
num_leaves=7
num_cat=0
split_feature=27 15 16 45 33 24
split_gain=3.16758 2.7516 4.81729 6.4196 3.68484 2.37948
threshold=0.0025824469818406504 -0.0017322486545095497 -0.0014251902923922497 0.4626323606718859 -0.0014683685554715499 0.00058447931973050016
decision_type=2 2 2 2 2 2
left_child=-1 5 4 -4 -3 -2
right_child=1 2 3 -5 -6 -7
leaf_value=0.10062705405551343 0.0014413304683279467 -0.10569385832254319 0.084948449055439246 -0.0034447786263473311 -0.019708931665536257 0.09666214470252199
leaf_weight=1.9867897108197201 3.431157983839511 4.6637763231992713 5.6672829054296008 72.874655898660421 10.092054106295107 3.2900950536131859
leaf_count=14 20 20 50 565 53 24
internal_value=0.000602432 -0.00138447 -0.00494595 0.00293334 -0.0468856 0.0480525
internal_weight=102.006 100.019 93.2978 78.5419 14.7558 6.72125
internal_count=746 732 688 615 73 44
is_linear=0
shrinkage=0.08


Tree=36
num_leaves=12
num_cat=0
split_feature=56 32 45 3 1 45 32 16 21 21 55
split_gain=2.47414 4.92307 3.09461 4.42607 5.65506 4.24238 6.88305 3.86234 1.42265 1.50546 0.285058
threshold=0.91545158911619418 0.0006275408498507501 0.53196390395757576 0.0022142169252657002 0.31309477735612745 0.50515042934167476 -0.00068859415586524991 0.00061046763719260007 8.8849953565815382e-05 2.1910990123004713e-06 0.24903840889544107
decision_type=2 2 2 2 2 2 2 2 2 2 2
left_child=2 8 5 4 -4 7 -7 -1 9 -2 -10
right_child=1 -3 3 -5 -6 6 -8 -9 10 -11 -12
leaf_value=-0.0084935450511636375 0.054608419391585922 -0.035420733810083434 0.057718625072574685 -0.11893976200527927 -0.073585356580084055 -0.023662579894432347 0.056051877810968681 -0.099499220171677435 0.049564349682581547 -0.020510352688245092 0.089278357152749899
leaf_weight=37.704694904386997 4.8937489464879054 5.8708478882908812 3.9625692293047887 3.4934906959533683 4.464235857129097 11.516614302992823 17.416084419935942 3.241221632808446 1.5194259025156496 2.622466903179884 4.8455288596451283
leaf_count=255 37 37 31 16 31 60 152 21 21 22 63
internal_value=0.000581533 0.0259929 -0.00555457 -0.0432291 -0.0118418 0.000872168 0.0243217 -0.0156974 0.051967 0.0283989 0.0797979
internal_weight=101.551 19.752 81.7989 11.9203 8.42681 69.8786 28.9327 40.9459 13.8812 7.51622 6.36495
internal_count=746 180 566 78 62 488 212 276 143 59 84
is_linear=0
shrinkage=0.08


Tree=37
num_leaves=10
num_cat=0
split_feature=3 29 5 31 55 56 3 12 8
split_gain=2.42087 3.05279 5.37068 5.2704 3.78868 2.68932 0.775288 0.397997 0.000463192
threshold=0.00099565454848495028 0.33571707415863039 1.0000000180025095e-35 0.086158176913653767 0.35319598266448815 0.64623854665200287 0.0020871496422791504 6.454206495237683e-05 -1.0000000180025095e-35
decision_type=2 2 2 2 2 2 2 2 2
left_child=7 3 -3 5 -5 -2 -4 8 -1
right_child=1 2 6 4 -6 -7 -8 -9 -10
leaf_value=0.08616919997086965 -0.0063764458173505255 -0.11449872075981218 -0.024435977640443945 -0.031713399773316435 0.0072667932511677955 0.077370289087524677 0.031560629561929551 0.023469592345302104 0.083940624124268823
leaf_weight=1.1990918479859836 3.4730365723371497 4.0613066703081113 3.1864873245358467 22.963660765439272 52.308830317109823 8.3644450902938825 3.1434515751898289 0.9342285282909869 1.1884721089154471
leaf_count=19 20 20 21 138 386 80 19 15 28
internal_value=0.000577422 -0.00171069 -0.0426965 0.00317846 -0.00462504 0.0527996 0.00337197 0.0677381 0.0850599
internal_weight=100.823 97.5012 10.3912 87.11 75.2725 11.8375 6.32994 3.32179 2.38756
internal_count=746 684 60 624 524 100 40 62 47
is_linear=0
shrinkage=0.08


Tree=38
num_leaves=12
num_cat=0
split_feature=26 21 26 45 45 53 16 44 15 22 2
split_gain=2.40523 5.46517 5.08026 11.1863 4.43237 4.42116 4.99805 3.76351 4.956 1.21853 0.0576714
threshold=-2.8688105052754078e-07 -1.8073090633553327e-05 5.2936559870159252e-07 0.47633916538723581 0.50537882924552158 8.9458323113181262 -0.0018417982831992997 0.65280791009935324 -0.0014279253973609998 6.3473183510032548e-05 0.89289632842288236
decision_type=2 2 2 2 2 2 2 2 2 2 2
left_child=1 7 3 -2 -5 -4 -7 8 -1 10 -3
right_child=2 9 5 4 -6 6 -8 -9 -10 -11 -12
leaf_value=0.033662178286350694 0.054182389869186109 0.10560853945461894 0.099559384619450256 -0.14228933037744276 -0.037963655971069411 -0.087501242083974543 0.0056839823819286265 0.068994153850924306 -0.046019021700492983 0.030735361076967914 0.089134270362045936
leaf_weight=8.3075859621167201 4.6672159060835829 2.4822522699832898 2.9095630533993235 5.7090733125805837 4.7957469671964645 4.0119143873453131 45.030668281018734 4.1712501645088187 12.531537272036077 2.6749368906021118 3.0079481452703476
leaf_count=52 35 18 24 27 30 18 363 28 86 29 36
internal_value=0.000561164 0.0181829 -0.00814823 -0.0488743 -0.0946617 0.00374538 -0.00193901 -0.000369677 -0.0142538 0.0750108 0.0965827
internal_weight=100.3 33.1755 67.1242 15.172 10.5048 51.9521 49.0426 25.0104 20.8391 8.16514 5.4902
internal_count=746 249 497 92 57 405 381 166 138 83 54
is_linear=0
shrinkage=0.08


Tree=39
num_leaves=11
num_cat=0
split_feature=56 14 47 22 29 56 41 56 21 55
split_gain=2.40366 4.02466 3.81625 6.24965 5.83978 3.77797 2.61572 3.39668 1.41955 0.01301
threshold=0.54785763423034084 0.00019132154736050004 0.049999999999999954 -0.00015029918226299997 0.080892660892585108 0.23478571185791206 723.97870247823687 0.44016057093237687 3.7116783777532441e-05 0.30733321037844386
decision_type=2 2 2 2 2 2 2 2 2 2
left_child=5 2 4 -4 -2 -1 -7 -8 -3 -10
right_child=1 8 3 -5 -6 6 7 -9 9 -11
leaf_value=0.041674013618578629 0.013008048840642777 0.015374587764796067 -0.056338570284278688 0.038330049196702222 -0.045716599864532949 -0.086565186321560447 -0.076332407815850933 0.03202832997443842 0.087647136901500014 0.096317190248062401
leaf_weight=4.0163137987256077 23.228278502821922 2.3829101957380763 5.3823093399405506 26.128581937402487 20.316990913823247 5.9136792719364148 3.2953082174062729 4.2250705361366272 2.2347242776304483 2.1963212974369526
leaf_count=32 179 20 28 218 141 30 18 27 34 19
internal_value=0.000552719 0.00629846 0.000954073 0.0221599 -0.0143912 -0.026404 -0.046757 -0.0154536 0.0651673 0.0919446
internal_weight=99.3205 81.8701 75.0562 31.5109 43.5453 17.4504 13.4341 7.52038 6.81396 4.43105
internal_count=746 639 566 246 320 107 75 45 73 53
is_linear=0
shrinkage=0.08


Tree=40
num_leaves=8
num_cat=0
split_feature=22 30 1 27 24 24 15
split_gain=3.04885 2.9156 6.22389 4.1164 6.82027 2.99683 1.46621
threshold=6.9229404411330552e-05 1.8079172054427133 2.0580460206642788 0.0025825067873012004 6.0227985420100443e-05 0.00020814912450655004 0.00031127665805215002
decision_type=2 2 2 2 2 2 2
left_child=1 3 5 -1 -5 -3 -4
right_child=-2 2 6 4 -6 -7 -8
leaf_value=0.076919106372828241 -0.085762226983894851 0.072171464915562325 -0.001837335277370834 -0.11534743532538123 -0.0031076983046620971 -0.040783692457877975 -0.077669231933260655
leaf_weight=3.7689978815615168 2.5520158112049094 12.664499528706076 3.7415705621242514 3.6525328755378714 67.44219521805644 1.705706913024186 2.8939927071332932
leaf_count=33 15 150 25 21 471 15 16
internal_value=0.000537919 0.0028352 0.029173 -0.00455484 -0.00887408 0.058764 -0.0349102
internal_weight=98.4215 95.8695 21.0058 74.8637 71.0947 14.3702 6.63556
internal_count=746 731 206 525 492 165 41
is_linear=0
shrinkage=0.08


Tree=41
num_leaves=8
num_cat=0
split_feature=22 30 1 27 24 24 15
split_gain=2.51776 2.55039 5.49621 3.65115 6.00326 2.70714 1.98801
threshold=6.9229404411330552e-05 1.8079172054427133 2.0580460206642788 0.0025825067873012004 5.3115761499469387e-05 0.00020814912450655004 0.00031037601659050004
decision_type=2 2 2 2 2 2 2
left_child=1 3 5 -1 -5 -3 -4
right_child=-2 2 6 4 -6 -7 -8
leaf_value=0.07465154644370868 -0.076910916236034993 0.069953737287046042 0.0089720246442446441 -0.10788895897480226 -0.0027329324334895385 -0.036533835142793215 -0.0790861415507568
leaf_weight=3.5806016251444808 2.6152134090661994 12.046398775652053 3.4945893324911586 3.6627867445349684 67.609732385724783 1.7498289607465256 3.0931345000863075
leaf_count=33 15 150 24 20 472 15 17
internal_value=0.000528389 0.00265487 0.027742 -0.00417684 -0.00813704 0.0564475 -0.0323739
internal_weight=97.8523 95.2371 20.384 74.8531 71.2725 13.7962 6.58772
internal_count=746 731 206 525 492 165 41
is_linear=0
shrinkage=0.08


Tree=42
num_leaves=6
num_cat=0
split_feature=14 2 26 45 14
split_gain=2.35763 3.34717 3.30341 4.58663 2.39226
threshold=-0.0018524723631380999 -0.016382177201588546 -9.7381544767271175e-06 0.47003654793327621 0.00017332739116570004
decision_type=2 2 2 2 2
left_child=-1 -2 4 -4 -3
right_child=1 2 3 -5 -6
leaf_value=0.064980046041768449 -0.073201126796721153 0.073189748925763562 0.046919536477704062 -0.010904028769434174 -0.020908050109985608
leaf_weight=3.5002175793051711 4.0315296202898017 6.4286759011447412 10.019639583304523 70.926211014389992 2.3653505221009254
leaf_count=24 20 47 84 550 21
internal_value=0.000515315 -0.00189097 0.00131261 -0.00374651 0.04788
internal_weight=97.2716 93.7714 89.7399 80.9459 8.79403
internal_count=746 722 702 634 68
is_linear=0
shrinkage=0.08


Tree=43
num_leaves=14
num_cat=0
split_feature=44 35 33 41 45 21 55 26 45 41 29 0 8
split_gain=2.12834 3.50419 4.84335 4.134 3.39653 4.07356 3.98933 3.97351 3.21275 4.73398 4.42906 2.44377 2.30026
threshold=0.54038752688950709 1.0000000180025095e-35 0.00065413981007430015 727.56214317889965 0.50371089674634006 2.995224602256673e-05 0.35319598266448815 -3.3116727973184106e-08 0.48457269414912346 724.05788907075669 0.018295018194115952 20.314633704065823 0.0011102515276752002
decision_type=2 2 2 2 2 2 2 2 2 2 2 2 2
left_child=4 2 3 -2 5 7 -7 -1 10 -10 -3 -6 -13
right_child=1 8 -4 -5 11 6 -8 -9 9 -11 -12 12 -14
leaf_value=0.0017253177730746389 -0.0013371436441691987 0.045287987575197655 -0.13410065993582357 -0.085677775610966747 -0.028859927664785338 -0.019650668541947254 0.099076905701764723 -0.091606943998751036 -0.0027616345591074311 0.071532871970527823 -0.055991189744809149 0.070575454114208944 -0.017098680879746021
leaf_weight=7.4764892756938943 17.175008248537786 3.9909842237830153 2.6502660997211924 4.7475757002830496 2.57239402830601 3.5498419608920804 3.6981590799987316 4.7896040230989465 14.82936565205455 8.7146686706691963 8.9845276698470098 11.556873360648749 2.2956278063356867
leaf_count=63 128 28 18 31 15 35 30 31 96 79 52 126 14
internal_value=0.000493816 -0.00859368 -0.0319511 -0.019602 0.0159416 -0.00662169 0.0409279 -0.0347186 0.00712279 0.024738 -0.0248399 0.0427485 0.0560462
internal_weight=97.0314 61.0924 24.5729 21.9226 35.939 19.5141 7.248 12.2661 36.5195 23.544 12.9755 16.4249 13.8525
internal_count=746 432 177 159 314 159 65 94 255 175 80 155 140
is_linear=0
shrinkage=0.08


Tree=44
num_leaves=10
num_cat=0
split_feature=3 29 31 5 8 56 24 3 7
split_gain=2.09873 2.45168 4.59644 4.1745 2.96513 2.32497 1.16678 0.368148 0.000441238
threshold=0.00099565454848495028 0.33571707415863039 0.086158176913653767 1.0000000180025095e-35 -0.0023372929642880495 0.64623854665200287 0.00060780145302845019 0.00076434672424840003 0.00019710721561665002
decision_type=2 2 2 2 2 2 2 2 2
left_child=7 2 5 -3 -4 -2 -5 -1 -9
right_child=1 3 4 6 -6 -7 -8 8 -10
leaf_value=0.024733209311467101 -0.0042638154196656701 -0.10114632114641264 0.041600689052513767 0.034931442439452731 -0.010200940608577245 0.075205102567863807 -0.034914569215058491 0.085695219721842034 0.083373261669795223
leaf_weight=0.9605168960988516 3.396187908947466 4.0941217914223653 7.9521241746842852 3.3530639596283436 63.889787264168262 7.6938567943871021 2.8163515850901604 1.057714678347111 1.0375760700553653
leaf_count=14 20 20 46 25 478 80 15 19 29
internal_value=0.000507096 -0.001632 0.0029327 -0.0385159 -0.00446706 0.0508687 0.00304659 0.0657449 0.0845454
internal_weight=96.2513 93.1955 82.932 10.2635 71.8419 11.09 6.16942 3.05581 2.09529
internal_count=746 684 624 60 524 100 40 62 48
is_linear=0
shrinkage=0.08


Tree=45
num_leaves=7
num_cat=0
split_feature=16 8 24 22 56 41
split_gain=2.07812 3.19416 6.32099 4.32917 3.01762 0.172574
threshold=-0.0022092244630258994 -0.0020048576989297995 0.00069000853453020014 -0.00015029918226299997 0.48200010616626804 718.27225775209229
decision_type=2 2 2 2 2 2
left_child=-1 2 5 -3 -5 -2
right_child=1 3 -4 4 -6 -7
leaf_value=-0.05277937746156186 0.10720579267645407 -0.091545166606299147 -0.040211247671678489 -0.037067209915375224 0.0080743303658782593 0.080805441935209971
leaf_weight=4.4678656682372084 3.1162921190261823 3.3218380734324446 3.4953973814845085 11.035037610679863 67.145489428192377 3.2241825349628925
leaf_count=24 19 17 17 72 573 24
internal_value=0.000493384 0.00309925 0.0461639 -0.00209787 0.00170268 0.093781
internal_weight=95.8061 91.3382 9.83587 81.5024 78.1805 6.34047
internal_count=746 722 60 662 645 43
is_linear=0
shrinkage=0.08


Tree=46
num_leaves=12
num_cat=0
split_feature=26 21 26 45 45 6 30 44 15 22 2
split_gain=2.03217 4.90987 4.04909 9.21068 3.99513 3.93066 3.43717 3.11486 3.84701 0.954685 0.047474
threshold=-2.8688105052754078e-07 -1.8073090633553327e-05 5.2936559870159252e-07 0.47633916538723581 0.54472586513277321 0.00015830243248715002 1.7993228145840534 0.65280791009935324 -0.0014279253973609998 6.3473183510032548e-05 0.89289632842288236
decision_type=2 2 2 2 2 2 2 2 2 2 2
left_child=1 7 3 -2 5 -4 -5 8 -1 10 -3
right_child=2 9 4 6 -6 -7 -8 -9 -10 -11 -12
leaf_value=0.030626501320605761 0.05275782007488667 0.10366504048534443 -0.008231416312888689 -0.15683121663533625 -0.083351347056503378 0.04038815956896892 -0.055712043910056769 0.065849451342442328 -0.04092941149624009 0.033685451239253629 0.08780994230080158
leaf_weight=7.9186642020940843 4.3199567496776572 2.2787743210792533 29.814377261325717 3.107232138514517 3.1961058229207984 16.549009947106242 6.99344152957201 3.8329955860972396 12.242907304316761 2.4133468829095364 2.5737284198403358
leaf_count=52 35 18 203 14 16 186 43 28 86 29 36
internal_value=0.000471447 0.0171895 -0.0076969 -0.0450062 0.00315923 0.00912292 -0.086819 -0.000257281 -0.0128251 0.0748051 0.0952556
internal_weight=95.2405 31.2604 63.9801 14.4206 49.5595 46.3634 10.1007 23.9946 20.1616 7.26585 4.8525
internal_count=746 249 497 92 405 389 57 166 138 83 54
is_linear=0
shrinkage=0.08


Tree=47
num_leaves=14
num_cat=0
split_feature=44 35 33 41 45 21 55 26 45 41 29 0 3
split_gain=1.92389 2.99945 3.92579 3.38141 2.97157 3.33879 3.67679 3.36973 2.75862 4.32548 3.70631 2.20559 1.96798
threshold=0.54038752688950709 1.0000000180025095e-35 0.00065413981007430015 727.56214317889965 0.50371089674634006 2.995224602256673e-05 0.35319598266448815 -3.3116727973184106e-08 0.48457269414912346 724.05788907075669 0.018295018194115952 20.314633704065823 0.0020059401435082503
decision_type=2 2 2 2 2 2 2 2 2 2 2 2 2
left_child=4 2 3 -2 5 7 -7 -1 10 -10 -3 -6 -13
right_child=1 8 -4 -5 11 6 -8 -9 9 -11 -12 12 -14
leaf_value=0.0028217126154867116 -0.0017872061388474079 0.0426930234518791 -0.1215909099873627 -0.078558082379902902 -0.026935154028381203 -0.019478589625605006 0.097504478153540172 -0.083790460888953186 -0.0029550779924203065 0.069633336809760846 -0.051346640230092895 0.032509200745851258 0.098180394686294317
leaf_weight=7.3107932172715655 16.728249151259668 3.8277143724262706 2.6652419194579116 4.704481028020381 2.5428405180573455 3.4622479230165473 3.4160751514136791 4.7380234375596073 14.571102011948826 8.2164732832461578 8.9630893487483245 8.7327679526060802 4.3878840357065192
leaf_count=63 128 28 18 31 15 35 30 31 96 79 52 103 37
internal_value=0.000469 -0.00823219 -0.030025 -0.0186384 0.0154804 -0.00585029 0.0386203 -0.0312373 0.00652851 0.023218 -0.0232048 0.0412557 0.0544713
internal_weight=94.267 59.6764 24.098 21.4327 34.5906 18.9271 6.87832 12.0488 35.5784 22.7876 12.7908 15.6635 13.1207
internal_count=746 432 177 159 314 159 65 94 255 175 80 155 140
is_linear=0
shrinkage=0.08


Tree=48
num_leaves=9
num_cat=0
split_feature=3 29 26 8 45 12 12 1
split_gain=1.90717 2.25281 3.17062 4.16667 3.69641 2.44941 0.421188 0.0002821
threshold=0.00099565454848495028 0.37654471998522671 -2.8688105052754078e-07 -0.00024161508028604998 0.47339406232850856 5.7724266354523654e-05 6.454206495237683e-05 0.23097849287341887
decision_type=2 2 2 2 2 2 2 2
left_child=6 2 3 -2 -4 -3 7 -1
right_child=1 5 4 -5 -6 -7 -8 -9
leaf_value=0.085232105008373568 -0.0023799607128404373 -0.10536280145734477 0.042952756016883704 0.062284413374351089 -0.016393510833044255 -0.010545939997070737 0.01697134093665819 0.083346713881299925
leaf_weight=1.0513829588890073 14.822955898940565 2.6394459828734389 7.7815266586840144 11.192877970635889 49.098976131528616 5.1380239352583885 0.83956541121006001 0.98255797661840905
leaf_count=19 96 14 59 124 360 31 15 28
internal_value=0.000477465 -0.00155599 0.00230646 0.0254408 -0.00827466 -0.042724 0.0646434 0.0843213
internal_weight=93.5473 90.6738 82.8963 26.0158 56.8805 7.77747 2.87351 2.03394
internal_count=746 684 639 220 419 45 62 47
is_linear=0
shrinkage=0.08


Tree=49
num_leaves=13
num_cat=0
split_feature=56 48 29 22 45 40 1 47 22 29 45 41
split_gain=1.83512 4.1804 5.95019 3.99842 2.30287 3.57932 3.83287 3.34022 4.05113 2.87354 2.04542 0.247181
threshold=0.91545158911619418 0.22499999999962497 0.021539606518360954 5.7035716632195987e-05 0.53196390395757576 0.25000000000000006 0.31309477735612745 0.049999999999999954 -0.00014800933703269998 0.018295018194115952 0.53234446960779136 728.02243295110168
decision_type=2 2 2 2 2 2 2 2 2 2 2 2
left_child=4 10 3 -3 7 -6 -7 9 -9 -1 11 -2
right_child=1 2 -4 -5 5 6 -8 8 -10 -11 -12 -13
leaf_value=0.023963061632350374 0.091227578501793416 -0.056655050254001103 -0.11714951569488032 0.073532567420768288 -0.11492758346038134 0.043334774031168956 -0.06599110644284005 -0.040802404705377868 0.043030819308609962 -0.024589567835824146 -0.015208488356922671 0.054786178130091498
leaf_weight=10.377423111349342 5.3512088507413882 2.3645292632281762 2.5719603858888149 4.1769811138510704 2.9044601283967486 4.0847329497337324 4.1249830164015293 4.6507878154516247 17.841483421623707 31.427304400131106 1.685682665556669 1.5323864705860613
leaf_count=91 71 16 15 40 15 32 31 24 154 219 19 19
internal_value=0.000464369 0.0236599 -0.0140586 0.0264743 -0.00497463 -0.0385997 -0.0115962 0.000837696 0.0256964 -0.0125371 0.0637737 0.0831152
internal_weight=93.0939 17.6827 9.11347 6.54151 75.4112 11.1142 8.20972 64.297 22.4923 41.8047 8.56928 6.8836
internal_count=746 180 71 56 566 78 63 488 178 310 109 90
is_linear=0
shrinkage=0.08


end of trees

feature_importances:
Column_56=42
Column_45=36
Column_26=30
Column_15=29
Column_3=24
Column_41=21
Column_16=19
Column_24=19
Column_44=18
Column_55=18
Column_8=17
Column_21=17
Column_29=15
Column_22=14
Column_27=12
Column_12=10
Column_14=10
Column_31=9
Column_35=9
Column_47=9
Column_32=8
Column_0=7
Column_33=7
Column_1=6
Column_30=6
Column_42=6
Column_2=5
Column_10=5
Column_6=4
Column_28=4
Column_7=3
Column_5=2
Column_9=2
Column_40=2
Column_53=2
Column_39=1
Column_48=1

parameters:
[boosting: gbdt]
[objective: binary]
[metric: binary_logloss]
[tree_learner: serial]
[device_type: cpu]
[data_sample_strategy: bagging]
[data: ]
[valid: ]
[num_iterations: 50]
[learning_rate: 0.08]
[num_leaves: 15]
[num_threads: 1]
[seed: 42]
[deterministic: 0]
[force_col_wise: 0]
[force_row_wise: 0]
[histogram_pool_size: -1]
[max_depth: 4]
[min_data_in_leaf: 20]
[min_sum_hessian_in_leaf: 0.001]
[bagging_fraction: 0.8]
[pos_bagging_fraction: 1]
[neg_bagging_fraction: 1]
[bagging_freq: 0]
[bagging_seed: 400]
[bagging_by_query: 0]
[feature_fraction: 1]
[feature_fraction_bynode: 1]
[feature_fraction_seed: 30056]
[extra_trees: 0]
[extra_seed: 12879]
[early_stopping_round: 0]
[early_stopping_min_delta: 0]
[first_metric_only: 0]
[max_delta_step: 0]
[lambda_l1: 0]
[lambda_l2: 0]
[linear_lambda: 0]
[min_gain_to_split: 0]
[drop_rate: 0.1]
[max_drop: 50]
[skip_drop: 0.5]
[xgboost_dart_mode: 0]
[uniform_drop: 0]
[drop_seed: 17869]
[top_rate: 0.2]
[other_rate: 0.1]
[min_data_per_group: 100]
[max_cat_threshold: 32]
[cat_l2: 10]
[cat_smooth: 10]
[max_cat_to_onehot: 4]
[top_k: 20]
[monotone_constraints: ]
[monotone_constraints_method: basic]
[monotone_penalty: 0]
[feature_contri: ]
[forcedsplits_filename: ]
[refit_decay_rate: 0.9]
[cegb_tradeoff: 1]
[cegb_penalty_split: 0]
[cegb_penalty_feature_lazy: ]
[cegb_penalty_feature_coupled: ]
[path_smooth: 0]
[interaction_constraints: ]
[verbosity: -1]
[saved_feature_importance_type: 0]
[use_quantized_grad: 0]
[num_grad_quant_bins: 4]
[quant_train_renew_leaf: 0]
[stochastic_rounding: 1]
[linear_tree: 0]
[max_bin: 255]
[max_bin_by_feature: ]
[min_data_in_bin: 3]
[bin_construct_sample_cnt: 200000]
[data_random_seed: 175]
[is_enable_sparse: 1]
[enable_bundle: 1]
[use_missing: 1]
[zero_as_missing: 0]
[feature_pre_filter: 1]
[pre_partition: 0]
[two_round: 0]
[header: 0]
[label_column: ]
[weight_column: ]
[group_column: ]
[ignore_column: ]
[categorical_feature: ]
[forcedbins_filename: ]
[precise_float_parser: 0]
[parser_config_file: ]
[objective_seed: 16083]
[num_class: 1]
[is_unbalance: 0]
[scale_pos_weight: 1]
[sigmoid: 1]
[boost_from_average: 1]
[reg_sqrt: 0]
[alpha: 0.9]
[fair_c: 1]
[poisson_max_delta_step: 0.7]
[tweedie_variance_power: 1.5]
[lambdarank_truncation_level: 30]
[lambdarank_norm: 1]
[label_gain: ]
[lambdarank_position_bias_regularization: 0]
[eval_at: ]
[multi_error_top_k: 1]
[auc_mu_weights: ]
[num_machines: 1]
[local_listen_port: 12400]
[time_out: 120]
[machine_list_filename: ]
[machines: ]
[gpu_platform_id: -1]
[gpu_device_id: -1]
[gpu_use_dp: 0]
[num_gpu: 1]

end of parameters

pandas_categorical:null
