tree
version=v4
num_class=1
num_tree_per_iteration=1
label_index=0
max_feature_idx=41
objective=binary sigmoid:1
feature_names=Column_0 Column_1 Column_2 Column_3 Column_4 Column_5 Column_6 Column_7 Column_8 Column_9 Column_10 Column_11 Column_12 Column_13 Column_14 Column_15 Column_16 Column_17 Column_18 Column_19 Column_20 Column_21 Column_22 Column_23 Column_24 Column_25 Column_26 Column_27 Column_28 Column_29 Column_30 Column_31 Column_32 Column_33 Column_34 Column_35 Column_36 Column_37 Column_38 Column_39 Column_40 Column_41
feature_infos=[12.136716086708375:89.904237754234515] [-116.48692019682494:65.831307818836649] [-0.34299014294630259:1.2601682692691902] [0.00083954117277220005:0.0074849618431558004] [0:1] [0:1] [-0.0023837328812854998:0.0013869058521745999] [-0.0034584098914238999:0.0019286743318385001] [-0.0052097163613392004:0.0028952083224682] [0.00023652101735990001:0.0011894628534293999] [-0.0027773831545282002:0.0024957457911451001] [-1:1] [6.0084404133408536e-06:0.0043249770695394001] [-0.0027773831545282002:0.0024957457911451001] [-0.0030570613444683998:0.0038372630540062999] [-0.0037065074208841998:0.0038216320190544999] [-0.0046676010693243002:0.0049089109239515002] [0:1] [0:1] [0:1] [-1:1] [-0.002284018254868:0.0019738105355953999] [-0.00031868745903250001:0.00018603463193739999] [-1:1] [0.00019387961866490001:0.0010524678539372001] [0:1] [-8.008687156590787e-05:6.6258438686652273e-05] [0.0025867649375842:0.0027575189458641999] [-0.90858986194700919:-0.54847039721662882] [0:1.1471748959841386] [-5.9858541569654209:4.6397331102351851] [0.017434118054618301:1] [-0.0039654523328344002:0.0022578094419067] [-0.0035435233138346:0.0025861378417527002] [-1:1] [0:1] [0:1] none none [0:1] [0.20000000000000001:0.69999999999999996] [0.081497693618327663:0.94975089514024857]
tree_sizes=1275 1312 1310 1316 1210 1199 1202 1107 1204 1621 1418 998 1209 1103 1217 1106 891 1308 1217 1528 1530 895 786 794 901 780 1217 787 790 1530 987 1098 684 1416 883 995 787 1104 896 898 684 1106 690 1317 898 682 796 792 1004 1224

Tree=0
num_leaves=11
num_cat=0
split_feature=3 26 41 28 41 28 16 27 12 6
split_gain=22.0818 18.4634 12.9151 9.16042 7.97005 9.20224 6.30963 6.30319 4.49964 4.37505
threshold=0.0014311915107302002 8.9380148580045902e-06 0.64176218064502522 -0.84358079190402491 0.35826419499094164 -0.80204531745665764 -0.00097079444119954985 0.0025928224394902505 0.00024740030862125008 -0.00086714618630814985
decision_type=2 2 2 2 2 2 2 2 2 2
left_child=1 3 4 8 5 -2 -6 -4 -1 -9
right_child=2 -3 7 -5 6 -7 -8 9 -10 -11
leaf_value=0.35509895131917119 0.50803033316951773 0.50470179102398194 0.40085127608326376 0.41375577793980267 0.37089439677344116 0.42075482979419671 0.43108337760582671 0.43135282592599217 0.26105250597075852 0.51048873673842532
leaf_weight=5.2456352412700697 17.167533516883854 5.0071972757577887 4.768759310245513 6.199387103319169 13.352526068687437 14.067839965224264 67.477944239974022 5.2456352412700644 8.5837667584419233 30.281621620059013
leaf_count=22 72 21 20 26 56 59 283 22 36 127
internal_value=0.436928 0.3673 0.44837 0.332949 0.434403 0.468723 0.421141 0.487212 0.296725 0.498804
internal_weight=177.398 25.036 152.362 20.0288 112.066 31.2354 80.8305 40.296 13.8294 35.5273
internal_count=744 105 639 84 470 131 339 169 58 149
is_linear=0
shrinkage=1


Tree=1
num_leaves=11
num_cat=0
split_feature=3 26 41 28 41 28 41 27 16 12
split_gain=18.4661 15.3202 11.0953 7.37599 6.77481 7.95523 6.07787 5.45318 4.73307 3.55515
threshold=0.0014311915107302002 8.9380148580045902e-06 0.64176218064502522 -0.84358079190402491 0.35826419499094164 -0.80204531745665764 0.377013348009067 0.0025935506232978005 -0.0011880726791391497 0.00024740030862125008
decision_type=2 2 2 2 2 2 2 2 2 2
left_child=1 3 4 9 5 -2 -6 -4 -9 -1
right_child=2 -3 7 -5 6 -7 -8 8 -10 -11
leaf_value=-0.074035167687498765 0.06654767131945119 0.063377864515789681 -0.021993460955814462 -0.021211009284563789 -0.10197780198526996 -0.014826707737364582 -0.0089900546584534783 0.008061615363762353 0.077072825306281095 -0.15674008545990861
leaf_weight=5.3301988244056746 16.886766314506534 4.9293726682662955 6.2151026725769034 6.2295590043067941 4.7804380953311911 14.115974441170691 76.311188235878944 8.5204334259033185 25.088891088962555 8.8483908176422101
leaf_count=22 72 21 26 26 20 59 319 36 107 36
internal_value=3.02836e-05 -0.0631965 0.0105755 -0.0937692 -0.00231108 0.0294968 -0.0144718 0.0468473 0.0595775 -0.125649
internal_weight=177.256 25.3375 151.919 20.4081 112.094 31.0027 81.0916 39.8244 33.6093 14.1786
internal_count=744 105 639 84 470 131 339 169 143 58
is_linear=0
shrinkage=0.08


Tree=2
num_leaves=11
num_cat=0
split_feature=3 26 41 27 6 24 27 27 6 10
split_gain=15.5511 13.2965 9.58274 8.67945 6.40755 6.1372 5.82618 4.97633 4.22759 3.34929
threshold=0.0014311915107302002 2.9269231381311768e-06 0.63470552933826452 0.0025926951071662003 0.00045007766879125009 0.00028668361504765005 0.0026110163998043002 0.0025947775453294508 0.00017221945856990003 -9.5202197828104891e-05
decision_type=2 2 2 2 2 2 2 2 2 2
left_child=1 7 4 -4 5 -2 -6 -1 -3 -5
right_child=2 8 3 9 6 -7 -8 -9 -10 -11
leaf_value=-0.14092382386870689 0.038913204799368398 0.06994749085874373 -0.055098760397518952 0.081589640200840391 0.075276454255222683 -0.020460624155581145 -0.0090297477203191406 -0.050561353835834225 -0.036673261742421852 0.032582377654043052
leaf_weight=9.1571331322193164 13.043868303298948 4.7958884686231595 5.0619249045848838 17.670484706759453 11.595833733677866 76.413432493805885 9.5807322561740857 6.7945348024368277 4.724913015961647 18.033467233181
leaf_count=37 55 20 21 76 49 320 40 28 20 78
internal_value=5.12974e-05 -0.0577807 0.00978132 0.0429378 -0.00243602 -0.0118033 0.0371345 -0.102434 0.0170345 0.0568369
internal_weight=176.872 25.4725 151.4 40.7659 110.634 89.4573 21.1766 15.9517 9.5208 35.704
internal_count=744 105 639 175 464 375 89 65 40 154
is_linear=0
shrinkage=0.08


Tree=3
num_leaves=11
num_cat=0
split_feature=3 26 41 27 6 41 27 33 6 41
split_gain=13.1228 11.7182 8.31609 8.87564 7.55777 6.31695 6.84327 5.80406 6.42868 4.58425
threshold=0.0014311915107302002 8.9380148580045902e-06 0.61075507467902901 0.0025926951071662003 -0.00086714618630814985 0.35826419499094164 0.0025994134329269504 3.1629696763709295e-05 -0.00016077233329884997 0.377013348009067
decision_type=2 2 2 2 2 2 2 2 2 2
left_child=1 7 5 -4 -5 6 -2 8 -1 -7
right_child=2 -3 3 4 -6 9 -8 -9 -10 -11
leaf_value=-0.093799490340784608 0.079164687101617975 0.059134926878487093 -0.05513969026374152 -0.027919848232014002 0.065597341044907637 -0.091135725881684421 -0.00035306295093171582 -0.12446385745669561 0.028952462856024187 -0.010875880924867102
leaf_weight=6.1828482300043133 10.560200139880182 4.8404519855976096 5.8287442326545706 6.6026657819747916 34.071020767092705 4.8773929029703131 20.12991364300251 9.6504900157451612 4.890142738819125 68.823000550270081
leaf_count=25 46 21 24 28 149 20 85 39 20 287
internal_value=6.70777e-05 -0.0529364 0.00904681 0.0371858 0.0504165 -0.00348813 0.0270083 -0.0791133 -0.0395888 -0.0161874
internal_weight=176.457 25.5639 150.893 46.5024 40.6737 104.391 30.6901 20.7235 11.073 73.7004
internal_count=744 105 639 201 177 438 131 84 45 307
is_linear=0
shrinkage=0.08


Tree=4
num_leaves=10
num_cat=0
split_feature=3 26 41 27 9 27 28 31 16
split_gain=11.1207 10.1269 7.18827 6.36564 6.08751 7.95651 4.53208 3.45472 2.66214
threshold=0.0014311915107302002 5.0638255228799696e-06 0.63470552933826452 0.0025926951071662003 0.00032552606545390003 0.0025990430760565006 -0.84358079190402491 0.3517412874031276 4.7495997571837959e-05
decision_type=2 2 2 2 2 2 2 2 2
left_child=1 6 4 -4 -2 -6 8 -5 -1
right_child=2 -3 3 7 5 -7 -8 -9 -10
leaf_value=-0.13789618729710273 -0.091145918511412724 0.031540814065153543 -0.045376120996860198 0.059651231647513424 0.029765382447026818 -0.015384204014614112 -0.022425481763159283 -0.015898646708141926 -0.062383001820531858
leaf_weight=7.4656109213829076 4.7054645270109168 7.2174982875585547 5.1533720046281806 30.119756817817688 40.398986011743546 65.450743868947029 5.8749907910823831 4.4454176127910605 4.981672614812851
leaf_count=30 20 31 21 135 171 273 24 19 20
internal_value=8.25279e-05 -0.0487222 0.00837714 0.0375685 -0.00211026 0.00184775 -0.0803394 0.0499348 -0.107674
internal_weight=175.814 25.5398 150.274 39.7185 110.555 105.85 18.3223 34.5652 12.4473
internal_count=744 105 639 175 464 444 74 154 50
is_linear=0
shrinkage=0.08


Tree=5
num_leaves=10
num_cat=0
split_feature=3 26 41 27 41 41 33 6 27
split_gain=9.4528 8.74452 6.48673 7.76544 27.6883 13.246 5.09418 5.23076 3.50695
threshold=0.0014311915107302002 8.9380148580045902e-06 0.78689398896171603 0.0025926490607122003 0.52851045024938836 0.51095263776722899 3.1629696763709295e-05 -0.00016077233329884997 0.0026043224036658001
decision_type=2 2 2 2 2 2 2 2 2
left_child=1 6 3 4 -2 -5 7 -1 -4
right_child=2 -3 8 5 -6 -7 -8 -9 -10
leaf_value=-0.079203534753267565 0.049676463553077407 0.053402667397303309 0.10995998374696259 -0.01301672682662961 -0.14169572212125955 0.040450836289919911 -0.10970567383134007 0.031592948783778704 0.015911506072791518
leaf_weight=6.1700526326894787 9.9069722294807452 4.7111358642578116 5.8198467493057233 66.562136024236679 9.4577822089195234 53.479960650205612 9.6823763847351056 4.8870151042938259 4.4991838037967682
leaf_count=25 42 21 26 280 39 232 39 20 20
internal_value=8.86189e-05 -0.044986 0.00775045 0.0032201 -0.0437901 0.0108036 -0.0673358 -0.0302336 0.0689541
internal_weight=175.176 25.4506 149.726 139.407 19.3648 120.042 20.7394 11.0571 10.319
internal_count=744 105 639 593 81 512 84 45 46
is_linear=0
shrinkage=0.08


Tree=6
num_leaves=10
num_cat=0
split_feature=3 26 41 27 41 41 10 27 27
split_gain=8.0571 7.77186 5.64558 6.54768 23.0019 11.3367 3.91086 3.75576 3.17361
threshold=0.0014311915107302002 2.9269231381311768e-06 0.78689398896171603 0.0025926490607122003 0.52851045024938836 0.51095263776722899 0.00018354650715670005 0.0025947775453294508 0.0026043224036658001
decision_type=2 2 2 2 2 2 2 2 2
left_child=1 7 3 4 -2 -5 -3 -1 -4
right_child=2 6 8 5 -6 -7 -8 -9 -10
leaf_value=-0.10924068779884477 0.046275892215203042 0.068322118380901423 0.10501548778761663 -0.011941568135310519 -0.12783922128510183 0.037644378110969733 -0.035547628932586388 -0.031014258705593073 0.014714503003406246
leaf_weight=9.087539762258535 9.7891720831394213 4.6581528633832914 5.6147879660129529 66.742744222283363 9.6357228159904462 52.894556626677513 4.6216830760240555 6.9184001237153998 4.4769303053617477
leaf_count=37 42 20 26 280 39 232 20 28 20
internal_value=0.000100501 -0.0416571 0.00717959 0.00298679 -0.0400939 0.00998158 0.0165913 -0.0754281 0.0649558
internal_weight=174.44 25.2858 149.154 139.062 19.4249 119.637 9.27984 16.0059 10.0917
internal_count=744 105 639 593 81 512 40 65 46
is_linear=0
shrinkage=0.08


Tree=7
num_leaves=9
num_cat=0
split_feature=3 26 26 26 27 27 41 27
split_gain=7.45497 6.4547 8.35467 6.98686 6.45425 5.27719 12.1551 6.22451
threshold=0.0018253051649733002 -1.3815502519635525e-05 -6.2410191285390602e-06 1.7808898360499647e-06 0.0025899611622812505 0.0025972577943525507 0.51095263776722899 0.0025941822080869001
decision_type=2 2 2 2 2 2 2 2
left_child=1 -1 -3 -4 -2 7 -7 -6
right_child=4 2 3 -5 5 6 -8 -9
leaf_value=-0.091422848223053035 -0.076799639292864694 0.069657216131935679 -0.067923200013817575 0.00029443292438780194 0.013894750203074615 -0.021994256240711402 0.038346017961644295 0.09090116657757473
leaf_weight=7.8625732511281958 5.089511349797248 6.6929259151220313 15.977885499596594 24.105204507708549 16.297109350562099 46.873727694153786 39.263004466891289 11.429076954722403
leaf_count=33 21 29 67 105 70 195 174 50
internal_value=0.000105623 -0.024356 -0.0130828 -0.0268984 0.0113416 0.0152814 0.00551016 0.0456377
internal_weight=173.591 54.6386 46.776 40.0831 118.952 113.863 86.1367 27.7262
internal_count=744 234 201 172 510 489 369 120
is_linear=0
shrinkage=0.08


Tree=8
num_leaves=10
num_cat=0
split_feature=3 3 31 3 26 24 3 27 0
split_gain=6.32421 5.77163 9.77926 8.58868 6.54412 6.46254 5.70217 6.34149 4.36578
threshold=0.0018253051649733002 0.0016654915699882004 0.049030963068435157 0.0014311915107302002 8.9380148580045902e-06 0.00032973793589545004 0.0018924779276603503 0.0025899611622812505 75.208726683371765
decision_type=2 2 2 2 2 2 2 2 2
left_child=1 3 -3 4 -1 -5 -2 -8 -9
right_child=6 2 -4 5 -6 -7 7 8 -10
leaf_value=-0.055582445701419687 0.095573676913973463 -0.15687965144524993 -0.017246763634691568 0.09955171390232169 0.0498735045497571 -0.0047583579309293184 -0.082301513087235878 0.0072559079521119186 0.081696115094197289
leaf_weight=20.406834065914158 4.8366632461547843 4.9649898409843436 9.0816331505775434 6.6114616841077796 4.6183964163064948 8.9432314187288267 4.883532151579856 103.35045228898525 5.3008984625339499
leaf_count=84 21 21 39 30 21 39 20 446 23
internal_value=0.000112523 -0.0224036 -0.0666021 -0.00710447 -0.0361206 0.0395782 0.0105034 0.00687931 0.0108877
internal_weight=172.998 54.6265 14.0466 40.5799 25.0252 15.5547 118.372 113.535 108.651
internal_count=744 234 60 174 105 69 510 489 469
is_linear=0
shrinkage=0.08


Tree=9
num_leaves=14
num_cat=0
split_feature=12 26 29 1 3 3 41 29 27 1 24 12 8
split_gain=5.81078 5.77086 6.67084 9.17302 4.60089 10.6391 6.69254 4.71393 4.60069 4.27626 3.08905 2.75274 5.0106
threshold=0.00058032219812350001 -9.90163961931548e-06 0.37039864989388099 7.238837206197787 0.0035792901132123502 0.0025412055896260502 0.45934359727665769 0.19376922798378868 0.0025942754759413506 6.601701264931763 0.00068756763078175011 0.00092796594258655015 -0.00079579561876194996
decision_type=2 2 2 2 2 2 2 2 2 2 2 2 2
left_child=4 11 9 -4 5 8 -6 -7 -1 -3 -8 12 -2
right_child=1 2 3 -5 6 7 10 -9 -10 -11 -12 -13 -14
leaf_value=-0.039829456411125654 0.06573702185933758 0.040641729357858571 0.062955590160931482 -0.089361420421071425 -0.10095766728928808 0.019262496599336175 0.041192414231058225 0.09625734000030868 -0.0011275839813563804 0.11261760040536029 -0.049709521218198244 -0.059153576859667746 -0.046149525021599247
leaf_weight=32.065089777112007 5.0744388252496728 14.95356021821499 5.156177803874014 4.9690309017896652 8.0226241648197192 14.672532960772516 5.0413880646228773 7.7915458381175986 50.804424598813057 8.168783023953436 4.5535508990287781 5.9505991339683524 5.1729662865400323
leaf_count=136 22 64 23 21 33 64 23 34 221 35 20 26 22
internal_value=0.00011993 0.0232803 0.0423567 -0.0117953 -0.00919415 -0.00286517 -0.0470345 0.0459677 -0.0161027 0.0660697 -0.00194768 -0.0158755 0.00925586
internal_weight=172.397 49.4456 33.2476 10.1252 122.951 105.334 17.6176 22.4641 82.8695 23.1223 9.59494 16.198 10.2474
internal_count=744 213 143 44 531 455 76 98 357 99 43 70 44
is_linear=0
shrinkage=0.08


Tree=10
num_leaves=12
num_cat=0
split_feature=6 6 14 27 16 10 0 21 1 1 14
split_gain=5.09383 6.72512 9.24086 7.40508 6.18824 6.57486 6.24314 6.11763 2.95903 2.44211 1.79029
threshold=0.00045239875695920003 5.0596072363155115e-05 0.00021951893140470004 0.0025926490607122003 0.00023710388732705004 2.6135808561591521e-05 47.81473634311979 0.00062078527685285011 3.3750989070977089 -24.942874186817786 0.00064203553476710007
decision_type=2 2 2 2 2 2 2 2 2 2 2
left_child=1 2 3 -1 6 -6 -3 10 -9 -4 -2
right_child=7 4 9 -5 5 -7 -8 8 -10 -11 -12
leaf_value=-0.048332504258145871 0.03455122148001228 0.0012178131815932614 0.040713422932542327 0.012446480762851375 -0.047093345378100449 0.017183504176739414 -0.096759766082859286 0.025844551303677618 -0.05853971280730183 0.12143599403226749 0.094798266692917077
leaf_weight=16.24324905872345 5.2328458279371279 6.2461741715669659 4.5956828594207764 61.040378034114838 17.106888547539711 25.170912265777588 12.475713983178137 6.2332803755998594 4.6387508362531662 5.0171422064304334 7.956240177154541
leaf_count=68 23 27 20 269 73 108 53 27 20 21 35
internal_value=0.000133616 -0.00542007 0.00887296 -0.00032787 -0.0257811 -0.00882487 -0.0640716 0.0342704 -0.0101595 0.0828443 0.0708949
internal_weight=171.957 147.896 86.8965 77.2836 60.9997 42.2778 18.7219 24.0611 10.872 9.61283 13.1891
internal_count=744 639 378 337 261 181 80 105 47 41 58
is_linear=0
shrinkage=0.08


Tree=11
num_leaves=8
num_cat=0
split_feature=3 12 12 41 3 24 41
split_gain=4.84384 4.55438 5.58352 6.8266 4.4964 8.41212 5.42212
threshold=0.0010595057433525502 0.00058032219812350001 0.0011547568138148003 0.50813846529426554 0.0035792901132123502 0.0005012950233239501 0.45934359727665769
decision_type=2 2 2 2 2 2 2
left_child=-1 4 3 -3 5 -2 -6
right_child=1 2 -4 -5 6 -7 -8
leaf_value=-0.078801559158383064 -0.011217026916018088 0.0033679844976903473 -0.043272374409942936 0.068684479683850261 -0.091208830181845196 0.045868042234770694 -0.0023467039340743811
leaf_weight=4.8344931155443183 80.229125529527664 21.534448862075806 6.9154146909713736 19.527292743325233 8.1305082291364688 20.805536538362503 9.5638495683670026
leaf_count=21 346 91 30 88 33 92 43
internal_value=0.000139308 0.0024286 0.0232299 0.0344299 -0.00597698 0.000538201 -0.0431786
internal_weight=171.541 166.706 47.9772 41.0617 118.729 101.035 17.6944
internal_count=744 723 209 179 514 438 76
is_linear=0
shrinkage=0.08


Tree=12
num_leaves=10
num_cat=0
split_feature=41 10 9 16 41 16 8 32 27
split_gain=4.56255 6.06348 18.4886 4.31017 4.29815 4.85761 9.31888 6.43374 2.3709
threshold=0.35826419499094164 0.00023567024703610004 0.00053371859483700016 0.00099059964564230025 0.8683883265488137 -0.0011408670379875997 -0.0014328800625606497 -0.00073173429410554986 0.0026056836445467503
decision_type=2 2 2 2 2 2 2 2 2
left_child=1 2 3 -1 5 6 -2 -7 -3
right_child=4 8 -4 -5 -6 7 -8 -9 -10
leaf_value=0.090812131293127568 0.0046973298334152041 0.037891949282184881 -0.098543768751358715 -0.0054782304427612952 0.070137858474808315 0.060883509077839737 -0.107564714155037 -0.0079728202886305052 0.11714117079850611
leaf_weight=9.090950891375547 10.49805970489979 4.5087320953607541 7.3229678720235816 4.4224616289138785 4.5962354391813269 9.4484878778457624 8.6165803074836713 107.43803943693638 5.2053788304328918
leaf_count=40 46 20 30 20 21 43 37 465 22
internal_value=0.000139255 0.0281605 0.00382545 0.0592997 -0.0059495 -0.00852091 -0.0459086 -0.00240684 0.0803582
internal_weight=171.148 30.5505 20.8364 13.5134 140.597 136.001 19.1146 116.887 9.71411
internal_count=744 132 90 60 612 591 83 508 42
is_linear=0
shrinkage=0.08


Tree=13
num_leaves=9
num_cat=0
split_feature=14 24 21 41 27 27 21 6
split_gain=4.48666 7.98937 7.73275 4.38722 7.04162 6.5395 2.51358 2.94736
threshold=0.00064203553476710007 0.00039297040538930006 0.0005131088289155501 0.31318329948291507 0.0025972577943525507 0.0025935506232978005 0.00074572888051330016 0.00054049566798280004
decision_type=2 2 2 2 2 2 2 2
left_child=2 -2 3 4 -1 -5 7 -3
right_child=1 6 -4 5 -6 -7 -8 -9
leaf_value=0.12036201038602708 -0.033183832983223867 0.040965343501382992 -0.07887679854578529 -0.035463463179084699 0.005064744228830919 0.0058286946939663355 0.019501795627532507 0.12276600592313169
leaf_weight=4.7349987328052547 8.3081271201372164 5.3136038482189196 8.5944256931543332 34.378775060176849 11.935770899057387 85.827443137764931 5.77487489581108 6.0047098994255066
leaf_count=22 36 23 37 145 51 378 25 27
internal_value=0.000148117 0.0311705 -0.00526883 -0.000647025 0.0378126 -0.00598079 0.0624499 0.0843631
internal_weight=170.873 25.4013 145.471 136.877 16.6708 120.206 17.0932 11.3183
internal_count=744 111 633 596 73 523 75 50
is_linear=0
shrinkage=0.08


Tree=14
num_leaves=10
num_cat=0
split_feature=3 3 31 3 26 24 3 27 27
split_gain=4.17908 4.89034 7.30914 6.58351 5.67498 5.38129 4.79825 4.34195 4.75303
threshold=0.0018253051649733002 0.0016654915699882004 0.049030963068435157 0.0014311915107302002 5.0638255228799696e-06 0.00032973793589545004 0.0018924779276603503 0.0025899611622812505 0.0025972577943525507
decision_type=2 2 2 2 2 2 2 2 2
left_child=1 3 -3 4 -1 -5 -2 -8 -9
right_child=6 2 -4 5 -6 -7 7 8 -10
leaf_value=-0.053831106547115704 0.088380943428901446 -0.13496037321220247 -0.015325936321654361 0.094027063081143031 0.031276581627321692 -0.0024832219927296731 -0.068257266830559993 0.038589253135005379 -0.00078524823351066176
leaf_weight=17.553234428167347 4.6417243033647528 5.1237939894199362 9.0258402079343778 6.3014042824506751 7.0194355249404898 8.9484396129846555 4.9011327475309363 25.888415515422821 81.046563655138016
leaf_count=74 21 21 39 30 31 39 20 115 354
internal_value=0.000153429 -0.0182487 -0.0586474 -0.00389439 -0.0295192 0.0373959 0.00868041 0.00537246 0.00874712
internal_weight=170.45 53.9721 14.1496 39.8225 24.5727 15.2498 116.478 111.836 106.935
internal_count=744 234 60 174 105 69 510 489 469
is_linear=0
shrinkage=0.08


Tree=15
num_leaves=9
num_cat=0
split_feature=14 24 21 41 24 27 3 3
split_gain=3.84067 7.34216 6.6004 3.80518 7.44207 5.20844 2.80074 3.38803
threshold=0.00059272000386640007 0.00039297040538930006 0.0005131088289155501 0.30711905902942288 0.00038428174865015005 0.0025939233508365501 0.0037763971133506504 0.0023866978783678504
decision_type=2 2 2 2 2 2 2 2
left_child=2 -2 3 4 -1 -5 7 -3
right_child=1 6 -4 5 -6 -7 -8 -9
leaf_value=0.10661968440138747 -0.031529537971190812 0.080113133594282807 -0.074624083222599349 -0.030257339314140031 -0.0084879346668959785 0.0056992196548323161 0.10159924787632175 -0.0066842084378964297
leaf_weight=5.9586039483547202 8.8054433912038821 5.4983208626508731 8.2191507369279844 37.498559400439262 9.0611706525087339 82.523588553071022 6.1283152699470511 6.0397069007158279
leaf_count=28 38 25 35 160 39 365 27 27
internal_value=0.000152465 0.0281476 -0.00502048 -0.000784147 0.0371772 -0.0055347 0.0578925 0.0346781
internal_weight=169.733 26.4718 143.261 135.042 15.0198 120.022 17.6663 11.538
internal_count=744 117 627 592 67 525 79 52
is_linear=0
shrinkage=0.08


Tree=16
num_leaves=7
num_cat=0
split_feature=3 41 26 3 12 3
split_gain=3.60325 3.72571 4.54661 4.08152 5.76401 4.09956
threshold=0.0010595057433525502 0.80531544611263706 1.7808898360499647e-06 0.0018253051649733002 0.00020621214565895004 0.0018924779276603503
decision_type=2 2 2 2 2 2
left_child=-1 3 -3 4 -2 -5
right_child=1 2 -4 5 -6 -7
leaf_value=-0.068779469346605823 0.032902700125169153 0.0024331325307947681 0.10282054778532458 0.083005730457610588 -0.038866474711009118 0.0036441346978583816
leaf_weight=4.717550814151763 9.2353419214487058 6.7362538874149305 5.0535723268985748 4.3340063840150824 31.900167435407639 107.32467660307884
leaf_count=21 39 31 25 20 138 470
internal_value=0.00015596 0.00213189 0.045463 -0.00121161 -0.0227536 0.00672454
internal_weight=169.302 164.584 11.7898 152.794 41.1355 111.659
internal_count=744 723 56 667 177 490
is_linear=0
shrinkage=0.08


Tree=17
num_leaves=11
num_cat=0
split_feature=12 6 29 1 41 6 27 3 15 3
split_gain=3.50793 4.68067 7.85065 9.18233 6.03042 3.80265 3.63198 5.73793 8.4755 6.48745
threshold=0.00058032219812350001 -0.00046845756369509991 0.37039864989388099 9.369509883727007 0.63470552933826452 -0.00010729828358949999 0.0026288119794335503 0.0035792901132123502 3.9459311341868583e-05 0.0025412055896260502
decision_type=2 2 2 2 2 2 2 2 2 2
left_child=6 4 5 -4 -2 -3 7 9 -9 -1
right_child=1 2 3 -5 -6 -7 -8 8 -10 -11
leaf_value=-0.013402438964740649 -0.065856510617697719 0.11263138269491842 0.042647237662822066 -0.10363216372780282 0.039870156025176608 0.040600871424292036 0.06258877430162299 0.0091808801886977907 -0.11461019261684173 0.036641755337761185
leaf_weight=81.475140690803528 8.0030411481857282 6.6646072566509238 6.4134777337312681 4.8033229410648346 6.0725193023681632 15.836910724639894 4.6057102978229514 6.5792864114046079 7.6618142575025558 20.81374004483223
leaf_count=356 34 30 30 20 28 71 20 29 32 94
internal_value=0.000151947 0.0185052 0.0346807 -0.0199934 -0.0202436 0.0619352 -0.00708929 -0.00984324 -0.0574196 -0.00321945
internal_weight=168.93 47.7939 33.7183 11.2168 14.0756 22.5015 121.136 116.53 14.2411 102.289
internal_count=744 213 151 50 62 101 531 511 61 450
is_linear=0
shrinkage=0.08


Tree=18
num_leaves=10
num_cat=0
split_feature=30 33 26 26 16 41 24 24 27
split_gain=3.48237 4.49234 8.58468 7.28406 6.50379 6.06922 4.58684 3.4996 2.9257
threshold=1.9632021659662129 3.1629696763709295e-05 -1.6153602114782745e-05 -8.9331397580229432e-06 -0.00086495321505574991 0.3344618884572631 0.00037064100324110005 0.00039571664472530006 0.0026005220232343503
decision_type=2 2 2 2 2 2 2 2 2
left_child=1 4 -3 -4 5 -1 -6 8 -2
right_child=7 2 3 -5 6 -7 -8 -9 -10
leaf_value=0.070633290548135413 0.053406159182068105 0.081646063423862478 -0.097215376106584706 -0.015552627448510475 0.0075691503867496472 -0.029473563548483121 0.059238272787627458 0.089419070226385691 -0.036777518296916285
leaf_weight=4.4598561078310004 4.5546884685754758 5.2153148204088202 7.8777815103530875 62.062458470463753 25.306009203195572 29.608125552535057 19.445228323340416 5.2994129359722129 4.6554329246282578
leaf_count=20 21 23 34 270 112 131 88 25 20
internal_value=0.000156928 -0.00337368 -0.0173675 -0.0247508 0.0099697 -0.0163685 0.0300203 0.0376237 0.00782109
internal_weight=168.484 153.975 75.1556 69.9402 78.8192 34.068 44.7512 14.5095 9.21012
internal_count=744 678 327 304 351 151 200 66 41
is_linear=0
shrinkage=0.08


Tree=19
num_leaves=13
num_cat=0
split_feature=6 21 6 14 26 16 16 10 32 27 41 1
split_gain=3.05059 4.69346 4.56781 7.38357 5.76599 5.21393 5.85687 5.03254 2.35561 2.29773 2.10126 2.02573
threshold=0.00044129633164585004 0.00062078527685285011 5.0596072363155115e-05 0.00021951893140470004 5.6840194512648101e-06 0.00023710388732705004 0.00039525195480955006 9.1347586745263207e-05 -0.00061347533024894987 0.0026088428038484501 0.38302603991747936 3.3750989070977089
decision_type=2 2 2 2 2 2 2 2 2 2 2 2
left_child=2 9 3 4 -1 7 -7 -4 -5 10 -2 -3
right_child=1 11 5 8 -6 6 -8 -9 -10 -11 -12 -13
leaf_value=-0.0085748709982108803 0.039244139546414009 0.017338991050044224 0.0053081259022867847 0.032923340500732298 0.060618966227588438 0.063741957175011951 -0.018621229779267105 -0.084405400348312995 0.11398087315103507 0.011534658545754327 0.116659540548486 -0.053058907968029381
leaf_weight=66.79325145483017 4.1683293282985705 5.980007052421568 5.8219093084335354 4.386169508099556 8.71302881836891 6.5986340790987006 33.979798808693886 12.800052210688589 4.8116803616285306 4.6165265738964072 4.8603480607271194 4.6504035443067551
leaf_count=296 21 27 25 20 41 29 146 55 21 20 23 20
internal_value=0.000163115 0.0263961 -0.00426219 0.00765344 -0.000590265 -0.0213111 -0.0052278 -0.0563577 0.075327 0.0574443 0.0809187 -0.0134574
internal_weight=168.18 24.2756 143.905 84.7041 75.5063 59.2004 40.5784 18.622 9.19785 13.6452 9.02868 10.6304
internal_count=744 111 633 378 337 255 175 80 41 64 44 47
is_linear=0
shrinkage=0.08


Tree=20
num_leaves=13
num_cat=0
split_feature=12 12 41 29 27 14 41 27 41 12 14 26
split_gain=2.91946 4.36246 4.27545 7.56262 3.26762 6.72979 6.15034 5.05014 14.1751 6.76768 4.2906 3.15446
threshold=0.00058032219812350001 0.00060212371596060014 0.67834235502986895 0.29039333245358517 0.0026040002115813505 0.00053936228389735012 0.51804108238987234 0.0025941822080869001 0.52851045024938836 0.00019480657766550002 0.00091009827075350005 -8.9331397580229432e-06
decision_type=2 2 2 2 2 2 2 2 2 2 2 2
left_child=4 -2 3 -3 7 6 -6 8 -1 -9 -7 -4
right_child=1 2 11 -5 5 10 -8 9 -10 -11 -12 -13
leaf_value=0.054017343946467504 0.091482587192265596 0.023254561475721389 0.0071888097292566637 -0.057008258544692894 -0.080172980013442446 0.083103049609298665 -0.0097743764854408017 0.087558481258870086 -0.054639471193272622 0.0063498752251980976 -0.022885752415953205 0.101164681621467
leaf_weight=11.364406004548071 4.5530806928873053 21.957940757274628 4.2768062353134155 11.421019211411474 14.77075205743313 5.2143165171146375 17.180523559451103 8.0483145266771299 23.727657973766327 35.70169235765934 4.6016614437103271 4.9108592420816404
leaf_count=50 21 98 20 49 61 23 78 36 102 161 20 25
internal_value=0.000168635 0.0170546 0.00909352 -0.00420834 -0.00642838 -0.02452 -0.0423189 0.00315577 -0.0194515 0.0212891 0.0334162 0.0574194
internal_weight=167.729 47.1197 42.5666 33.379 120.609 41.7673 31.9513 78.8421 35.0921 43.75 9.81598 9.18767
internal_count=744 213 192 147 531 182 139 349 152 197 43 45
is_linear=0
shrinkage=0.08


Tree=21
num_leaves=7
num_cat=0
split_feature=3 41 14 3 27 3
split_gain=2.81686 2.96364 3.98024 3.06947 4.85496 3.66587
threshold=0.0010595057433525502 0.80531544611263706 -0.00049595383408059988 0.0018253051649733002 0.0026070390220821007 0.0018924779276603503
decision_type=2 2 2 2 2 2
left_child=-1 3 -3 4 -2 -5
right_child=1 2 -4 5 -6 -7
leaf_value=-0.061574844479249768 -0.0086842475601907228 -0.0083738463791703226 0.086471325897315363 0.07909712642793415 -0.088393454675481459 0.0029909209016406092
leaf_weight=4.5976476520299903 35.097936898469925 5.4022805988788605 5.9513602852821332 4.2115422934293738 5.6821892261505118 105.97819985449314
leaf_count=21 153 26 30 20 24 470
internal_value=0.000175595 0.00192461 0.0413422 -0.00103977 -0.0197907 0.00589976
internal_weight=166.921 162.324 11.3536 150.97 40.7801 110.19
internal_count=744 723 56 667 177 490
is_linear=0
shrinkage=0.08


Tree=22
num_leaves=6
num_cat=0
split_feature=28 0 28 21 3
split_gain=2.72362 3.63993 3.88559 7.22062 4.17843
threshold=-0.88784969373356681 75.208726683371765 -0.86937112019234519 5.7133911991408272e-05 0.0011245386336298502
decision_type=2 2 2 2 2
left_child=-1 2 3 -2 -4
right_child=1 -3 4 -5 -6
leaf_value=-0.070415666363380675 -0.024844630326554484 0.065075958235108228 -0.068128278307236723 0.11038717533562871 -0.0010732569063101455
leaf_weight=3.4267865717411032 4.738670811057089 5.5924429446458808 6.2089985311031333 5.4140541106462479 141.18252678960562
leaf_count=15 22 27 27 24 629
internal_value=0.000168178 0.00165083 -0.000600605 0.0472692 -0.00389801
internal_weight=166.563 163.137 157.544 10.1527 147.392
internal_count=744 729 702 46 656
is_linear=0
shrinkage=0.08


Tree=23
num_leaves=6
num_cat=0
split_feature=14 21 6 24 6
split_gain=2.67204 3.80489 4.37545 4.20871 4.09257
threshold=0.0011532307357447504 0.00076697442655735001 0.00044129633164585004 0.00039297040538930006 0.00012500452525805004
decision_type=2 2 2 2 2
left_child=1 2 4 -4 -1
right_child=-2 -3 3 -5 -6
leaf_value=0.0052723841185104764 0.050429950707448157 -0.069347471865706722 -0.00097513760737553913 0.083725992192610815 -0.024189617725692628
leaf_weight=95.44657851755619 6.502368062734603 5.1773792207241049 7.5040570050477964 7.5138876438140869 44.125473707914352
leaf_count=429 30 22 35 37 191
internal_value=0.000159493 -0.00188646 0.000372876 0.0414031 -0.00404198
internal_weight=166.27 159.767 154.59 15.0179 139.572
internal_count=744 714 692 72 620
is_linear=0
shrinkage=0.08


Tree=24
num_leaves=7
num_cat=0
split_feature=8 32 32 16 24 26
split_gain=2.47407 9.47802 5.21232 5.13574 4.42538 3.5533
threshold=-0.0014328800625606497 -0.0011045788692269499 -0.00094087713516849988 -0.0015720046760789499 0.00051670172275810006 -1.9771130312295759e-05
decision_type=2 2 2 2 2 2
left_child=3 -2 -3 4 -1 -4
right_child=1 2 5 -5 -6 -7
leaf_value=-0.059994294387744306 -0.092132934836973754 0.092098412426834905 0.047076383332224907 0.084585063705835087 0.04191805279477924 -0.0046447849302555556
leaf_weight=5.0429729372262972 7.2931473702192298 3.9413252025842658 9.1052887737750989 6.5583359897136679 5.9377233684062958 128.1124447658658
leaf_count=22 32 18 42 31 27 572
internal_value=0.000154981 -0.00320211 0.00139261 0.0285697 -0.00488601 -0.00121275
internal_weight=165.991 148.452 141.159 17.539 10.9807 137.218
internal_count=744 664 632 80 49 614
is_linear=0
shrinkage=0.08


Tree=25
num_leaves=6
num_cat=0
split_feature=28 28 21 3 0
split_gain=3.78643 3.30105 5.54126 3.7866 3.3096
threshold=-0.89072435825386898 -0.87047172398044881 5.7133911991408272e-05 0.0011245386336298502 75.208726683371765
decision_type=2 2 2 2 2
left_child=-1 2 -2 -3 -5
right_child=1 3 -4 4 -6
leaf_value=-0.092180229687942428 -0.016201951378390696 -0.06284889735853795 0.099945873170171867 -0.00091776076010415518 0.06589282586089068
leaf_weight=2.7944549918174735 4.9871395677328092 6.1312911659479132 5.5593148469924927 141.42236536741257 4.9100615233182898
leaf_count=12 23 27 25 632 25
internal_value=0.00015462 0.0017375 0.0450226 -0.00125669 0.00132401
internal_weight=165.805 163.01 10.5465 152.464 146.332
internal_count=744 732 48 684 657
is_linear=0
shrinkage=0.08


Tree=26
num_leaves=10
num_cat=0
split_feature=12 12 41 29 27 3 15 24 26
split_gain=2.26057 4.66625 3.87277 6.12082 2.93176 4.78527 6.90939 5.88337 2.78421
threshold=0.00058215775561810013 0.00060212371596060014 0.67834235502986895 0.13060579346362658 0.0026288119794335503 0.0035792901132123502 3.9459311341868583e-05 0.0005012950233239501 -8.9331397580229432e-06
decision_type=2 2 2 2 2 2 2 2 2
left_child=4 -2 3 -3 5 7 -7 -1 -4
right_child=1 2 8 -5 -6 6 -8 -9 -10
leaf_value=-0.011325908547405608 0.099413467956310925 0.043404899936897182 0.0076371492277359275 -0.029581963642824522 0.058039900173408279 0.0091541021230524093 -0.10307282979639684 0.037901769741103181 0.097339917181020544
leaf_weight=81.998157978057861 3.8624773770570746 11.064314886927603 4.2452359795570374 21.926401406526566 4.4561710208654395 6.4773306548595411 7.6664663106203079 19.170269533991814 4.6292623579502088
leaf_count=365 18 52 20 95 20 29 32 88 25
internal_value=0.000146494 0.0152782 0.00751586 -0.00510388 -0.00563079 -0.00809131 -0.0516771 -0.00199782 0.0544294
internal_weight=165.496 45.7277 41.8652 32.9907 119.768 115.312 14.1438 101.168 8.8745
internal_count=744 210 192 147 534 514 61 453 45
is_linear=0
shrinkage=0.08


Tree=27
num_leaves=6
num_cat=0
split_feature=28 28 21 24 0
split_gain=3.12673 2.93796 4.84361 3.35836 3.68973
threshold=-0.89072435825386898 -0.87047172398044881 5.7133911991408272e-05 0.00023708398071085003 75.208726683371765
decision_type=2 2 2 2 2
left_child=-1 2 -2 -3 -5
right_child=1 3 -4 4 -6
leaf_value=-0.083715622997678915 -0.014409301029988258 -0.073619450723980753 0.094763797176347156 -0.0014258877792087206 0.074865396549719535
leaf_weight=2.7969150841236106 4.9739630520343763 3.99330249428749 5.4513587355613708 143.55754046887159 4.1751845031976691
leaf_count=12 23 18 25 644 22
internal_value=0.000149561 0.00159613 0.0426769 -0.00122658 0.000730237
internal_weight=164.948 162.151 10.4253 151.726 147.733
internal_count=744 732 48 684 666
is_linear=0
shrinkage=0.08


Tree=28
num_leaves=6
num_cat=0
split_feature=28 28 21 3 10
split_gain=2.6551 2.52495 4.23326 3.20008 2.81573
threshold=-0.89072435825386898 -0.87047172398044881 5.7133911991408272e-05 0.0011245386336298502 0.00031167907105080004
decision_type=2 2 2 2 2
left_child=-1 2 -2 -3 -5
right_child=1 3 -4 4 -6
leaf_value=-0.077252977916034735 -0.013268496575496856 -0.058316658673456923 0.089413101416574062 -0.0037587369543680021 0.026012059925559283
leaf_weight=2.7887198626995078 4.9696708470582944 6.0133764147758475 5.3208049237728119 121.20218006521463 24.430878877639771
leaf_count=12 23 27 25 543 114
internal_value=0.000143408 0.00147625 0.0398242 -0.00112597 0.0012355
internal_weight=164.726 161.937 10.2905 151.646 145.633
internal_count=744 732 48 684 657
is_linear=0
shrinkage=0.08


Tree=29
num_leaves=13
num_cat=0
split_feature=41 10 9 16 41 9 28 10 10 22 16 27
split_gain=2.26042 4.28324 13.1412 4.01613 3.91093 16.1487 10.4614 10.3082 7.48732 6.46452 1.92517 1.83954
threshold=0.35826419499094164 0.00023567024703610004 0.00053371859483700016 0.00099059964564230025 0.47850146918821562 0.00058258859726435005 -0.79938642057516474 -0.00016051321573039997 -6.0034567021395814e-05 2.3744399938966085e-05 0.00056096561389110014 0.0026056836445467503
decision_type=2 2 2 2 2 2 2 2 2 2 2 2
left_child=1 2 3 -1 5 7 8 -2 -6 -8 -7 -3
right_child=4 11 -4 -5 6 10 9 -9 -10 -11 -12 -13
leaf_value=0.081185509592485397 -0.074393886022046565 0.028542763828276453 -0.085940306606921216 -0.015191033862781485 0.018306291606072486 -0.14166504975052285 0.017090121377602307 0.04215256954035098 -0.034098949916392403 0.096836369607884221 -0.074864195151930546 0.10213145104721973
leaf_weight=8.4218212962150627 6.7412881851196316 4.125318229198454 7.2229468971490851 4.121441885828971 29.736096896231174 5.3495669811964017 18.841503277421001 17.37611211836338 42.225278303027153 9.9367500990629178 5.7063978612422943 4.5962741076946259
leaf_count=40 28 20 30 20 138 22 90 76 188 46 24 22
internal_value=0.000135028 0.0206246 1.91549e-05 0.0495183 -0.00415966 -0.027126 0.00385908 0.00957554 -0.0124439 0.0446254 -0.107187 0.067324
internal_weight=164.401 28.4878 19.7662 12.5433 135.913 35.1734 100.74 24.1174 71.9614 28.7783 11.056 8.72159
internal_count=744 132 90 60 612 150 462 104 326 136 46 42
is_linear=0
shrinkage=0.08


Tree=30
num_leaves=8
num_cat=0
split_feature=16 1 2 0 28 41 41
split_gain=2.25562 6.60795 4.09453 4.55346 3.34304 13.8917 5.24321
threshold=-0.0015720046760789499 -43.137614370541989 0.11699766778196076 24.005998550697729 -0.76960956204574948 0.47168240547267176 0.39368700120290828
decision_type=2 2 2 2 2 2 2
left_child=2 -2 3 -1 6 -6 -3
right_child=1 4 -4 -5 5 -7 -8
leaf_value=-0.0020627315620943875 0.092147932417188022 0.03938222811316449 0.024338472279572233 -0.10749634441414357 -0.080773241447845395 0.047705332897823603 -0.0028861208811959429
leaf_weight=4.9406706392765063 5.170029178261756 23.348343655467033 6.106688678264617 5.5851138681173325 13.203538775444033 9.0969755500555021 96.040287233889103
leaf_count=22 25 110 28 24 57 43 435
internal_value=0.00014846 0.00331076 -0.0277736 -0.0580071 6.92187e-05 -0.0283634 0.00538013
internal_weight=163.492 146.859 16.6325 10.5258 141.689 22.3005 119.389
internal_count=744 670 74 46 645 100 545
is_linear=0
shrinkage=0.08


Tree=31
num_leaves=9
num_cat=0
split_feature=9 27 41 9 10 3 41 12
split_gain=2.27422 2.40155 5.55356 10.3643 8.54455 4.25651 6.05922 4.42371
threshold=0.00028272735351350008 0.0026040002115813505 0.51095263776722899 0.00042496794968050004 0.00023668893576155002 0.0014058524412285001 0.80531544611263706 0.00023842188056585003
decision_type=2 2 2 2 2 2 2 2
left_child=-1 5 4 -4 -3 7 -7 -2
right_child=1 2 3 -5 -6 6 -8 -9
leaf_value=-0.072150605008891783 0.033511019637378923 -0.061128854634734893 -0.10240333705082945 0.03143569307893377 0.026899423094249274 0.012128859807892238 0.10964253197534854 -0.052133765693666019
leaf_weight=2.737718090415 5.5939474701881435 22.568088680505753 4.2816381007432964 27.399874150753021 10.267843812704085 73.418706998229027 4.3180222585797301 12.450802773237227
leaf_count=12 25 95 19 130 47 334 24 58
internal_value=0.000148834 0.00138362 -0.0105473 0.0133478 -0.0336023 0.00942015 0.0175454 -0.0255835
internal_weight=163.037 160.299 64.5174 31.6815 32.8359 95.7815 77.7367 18.0448
internal_count=744 732 291 149 142 441 358 83
is_linear=0
shrinkage=0.08


Tree=32
num_leaves=5
num_cat=0
split_feature=31 0 6 26
split_gain=2.27314 3.38639 4.84031 4.45533
threshold=0.41627047245128795 24.005998550697729 -0.00086714618630814985 -1.9771130312295759e-05
decision_type=2 2 2 2
left_child=1 -1 -3 -4
right_child=-2 2 3 -5
leaf_value=0.056668125668801625 -0.051298483147134234 -0.084140589445349454 0.054067005288554668 -0.0019037464059463061
leaf_weight=6.9052499532699576 5.316433683037757 4.3141705989837638 9.7549005895853025 135.99685299396515
leaf_count=32 24 19 46 623
internal_value=0.000148505 0.00189096 -0.000629604 0.00184227
internal_weight=162.288 156.971 150.066 145.752
internal_count=744 720 688 669
is_linear=0
shrinkage=0.08


Tree=33
num_leaves=12
num_cat=0
split_feature=14 28 41 41 24 27 27 15 21 6 24
split_gain=2.12298 5.28382 18.3393 6.12774 4.76935 4.14794 2.85494 2.07079 1.81545 2.41241 1.14541
threshold=0.00059272000386640007 -0.76960956204574948 0.47168240547267176 0.31318329948291507 0.00039297040538930006 0.0025935506232978005 0.0025972577943525507 0.00012742364573780003 0.00074572888051330016 0.00054049566798280004 0.0005235585160612001
decision_type=2 2 2 2 2 2 2 2 2 2 2
left_child=1 3 10 6 -2 -5 -1 -4 9 -6 -3
right_child=4 2 7 5 8 -7 -8 -9 -10 -11 -12
leaf_value=0.10902096939082072 -0.026169136218818695 -0.14866241446750803 0.062916239744327862 -0.027141134758174226 0.031627195097236632 0.007110210638250695 0.028836471909927629 -0.0095443080584553114 0.010236187479571444 0.10836153573460652 -0.09337000516218813
leaf_weight=4.1579171121120444 8.6414792835712451 4.8766496926546115 5.9418572485446912 33.143377676606178 5.6947492063045519 71.327062897384167 8.9780466407537443 4.3883037865161896 5.4892649203538886 4.8597804456949234 4.7171627283096313
leaf_count=23 38 20 30 146 26 327 41 20 26 27 20
internal_value=0.000142453 -0.00373491 -0.041832 0.00271921 0.0217446 -0.00375607 0.0542172 0.0321346 0.0475518 0.0669591 -0.121476
internal_weight=162.216 137.53 19.924 117.606 24.6853 104.47 13.136 10.3302 16.0438 10.5545 9.59381
internal_count=744 627 90 537 117 473 64 50 79 53 40
is_linear=0
shrinkage=0.08


Tree=34
num_leaves=7
num_cat=0
split_feature=7 8 7 41 41 9
split_gain=3.10358 3.636 8.06263 3.05812 2.71712 1.34345
threshold=-0.0025822214084020995 -0.0014328800625606497 -0.0010639029370878997 0.78689398896171603 0.55487229601794208 0.00056779960516040011
decision_type=2 2 2 2 2 2
left_child=-1 4 -3 -4 -2 -6
right_child=1 2 3 -5 5 -7
leaf_value=-0.11021586600897171 0.0035931545532705078 -0.12558516004027809 -0.0034631963173162661 0.037474568768763671 0.039599471156978767 0.106101996831493
leaf_weight=1.6145185828208912 7.3142499327659589 3.3351034075021735 128.33901982754469 12.847554087638853 4.0542287826538086 3.7353416085243225
leaf_count=7 33 14 585 65 19 21
internal_value=0.00014489 0.00126112 -0.00264214 0.000262017 0.0386097 0.0714895
internal_weight=161.24 159.625 144.522 141.187 15.1038 7.78957
internal_count=744 737 664 650 73 40
is_linear=0
shrinkage=0.08


Tree=35
num_leaves=8
num_cat=0
split_feature=7 8 16 15 41 41 9
split_gain=2.5753 3.14146 6.82058 3.72815 2.54685 2.43951 1.2967
threshold=-0.0025822214084020995 -0.0014328800625606497 -0.0012140953931392996 -0.00073979326066829986 0.55299190719597424 0.55487229601794208 0.00056779960516040011
decision_type=2 2 2 2 2 2 2
left_child=-1 5 4 -4 -3 -2 -7
right_child=1 2 3 -5 -6 6 -8
leaf_value=-0.099447133006121791 0.0033085216249722845 -0.026095342785334402 0.049390308083592037 -0.0015034114475510636 -0.10778049634755345 0.036986758369186142 0.10352673893387601
leaf_weight=1.6447988301515568 7.3082750886678678 4.8823389559984189 9.9457169920206052 124.83564586192369 4.8890742212533951 3.995854064822197 3.5303829908370972
leaf_count=7 33 21 48 574 21 19 21
internal_value=0.000143334 0.00117106 -0.00242687 0.00225211 -0.0669661 0.0362305 0.0681991
internal_weight=161.032 159.387 144.553 134.781 9.77141 14.8345 7.52624
internal_count=744 737 664 622 42 73 40
is_linear=0
shrinkage=0.08


Tree=36
num_leaves=6
num_cat=0
split_feature=7 33 32 1 33
split_gain=2.15172 4.14465 3.28771 5.0421 3.69816
threshold=-0.0025822214084020995 -0.0020227361570090497 -0.0015450019122926499 -48.057283727728638 -0.0017188800969416998
decision_type=2 2 2 2 2
left_child=-1 -2 4 -4 -3
right_child=1 2 3 -5 -6
leaf_value=-0.090329670797802658 0.1149268429708634 0.0052129934851326424 0.11133280311338449 0.00051597426811014096 -0.095900178295634297
leaf_weight=1.665010780096053 2.0208941996097556 4.517508789896965 2.6761688441038123 145.16153973340988 4.7482129037380201
leaf_count=7 10 21 15 670 21
internal_value=0.000142394 0.00108906 -0.000375292 0.00252199 -0.0466024
internal_weight=160.789 159.124 157.103 147.838 9.26572
internal_count=744 737 727 685 42
is_linear=0
shrinkage=0.08


Tree=37
num_leaves=9
num_cat=0
split_feature=12 12 9 41 6 10 28 0
split_gain=2.03713 3.8352 4.63293 13.0995 5.18131 2.72721 4.8613 4.80496
threshold=0.0011547568138148003 0.00058215775561810013 0.00058833160672465011 0.47168240547267176 -0.00046845756369509991 0.00019157215602890002 -0.84724557492569597 25.93313091947299
decision_type=2 2 2 2 2 2 2 2
left_child=1 5 4 -4 -3 7 -7 -1
right_child=-2 2 3 -5 -6 6 -8 -9
leaf_value=-0.077333054114865588 -0.043862666258720456 -0.0070707842002714376 -0.073053875506999294 0.080038686336506015 0.074445670803124878 -0.072931257621712722 -0.0016282260977550336 0.0057617694001547304
leaf_weight=4.6973266154527655 6.4625993669033042 7.4887253195047387 8.7420452386140806 6.0544116944074622 14.958022423088551 9.6666666269302386 16.676793083548546 85.875464960932732
leaf_count=21 30 34 39 32 75 43 76 394
internal_value=0.000139888 0.00198454 0.0243415 -0.0104115 0.04725 -0.00513718 -0.0277927 0.00145227
internal_weight=160.622 154.159 37.2432 14.7965 22.4467 116.916 26.3435 90.5728
internal_count=744 714 180 71 109 534 119 415
is_linear=0
shrinkage=0.08


Tree=38
num_leaves=7
num_cat=0
split_feature=9 28 21 3 3 8
split_gain=1.89321 2.46104 4.64492 2.87814 3.9843 3.78064
threshold=0.00028272735351350008 -0.86937112019234519 5.7133911991408272e-05 0.0018253051649733002 0.0018830429200538002 0.00037915306389600006
decision_type=2 2 2 2 2 2
left_child=-1 2 -2 5 -5 -3
right_child=1 3 -4 4 -6 -7
leaf_value=-0.066483202324813057 -0.017323396938590956 -0.0019801498782371692 0.088703241123048712 0.089422581126181136 0.0029197752689688848 -0.051903582225417272
leaf_weight=2.6837937831878653 5.0232574194669706 29.126889154314995 5.5840112566947937 3.5284246653318396 99.665947087109089 14.561627790331839
leaf_count=12 24 134 27 18 465 64
internal_value=0.000143092 0.00127847 0.0384925 -0.00140897 0.00587748 -0.0186199
internal_weight=160.174 157.49 10.6073 146.883 103.194 43.6885
internal_count=744 732 51 681 483 198
is_linear=0
shrinkage=0.08


Tree=39
num_leaves=7
num_cat=0
split_feature=3 41 26 24 24 26
split_gain=1.87752 2.16745 3.5271 2.47603 4.16663 3.45253
threshold=0.0010595057433525502 0.80531544611263706 1.7808898360499647e-06 0.00028668361504765005 0.00031300294428100007 -4.5127002604031653e-06
decision_type=2 2 2 2 2 2
left_child=-1 3 -3 5 -5 -2
right_child=1 2 -4 4 -6 -7
leaf_value=-0.052679545958254484 0.06821642961209104 -0.00038856903953673669 0.09466351378264852 -0.054787050811267578 -0.0010419104763916814 0.0014520610941789332
leaf_weight=4.1942465752363196 7.3941973298788097 6.4115318059921247 4.093743272125721 10.056436643004416 112.58365415781736 15.039972044527529
leaf_count=21 35 31 25 45 518 69
internal_value=0.000138107 0.00156201 0.0366518 -0.000978946 -0.00544899 0.0234573
internal_weight=159.774 155.58 10.5053 145.074 122.64 22.4342
internal_count=744 723 56 667 563 104
is_linear=0
shrinkage=0.08


Tree=40
num_leaves=5
num_cat=0
split_feature=14 21 21 27
split_gain=2.14442 4.10369 4.1376 2.12222
threshold=-0.0024060340473673497 -0.0012129258497084996 -0.0010448021325402998 0.0026271704728588001
decision_type=2 2 2 2
left_child=-1 -2 -3 -4
right_child=1 2 3 -5
leaf_value=-0.096844184492003396 0.11777975242626278 -0.12125510772974757 -0.001389685022420376 0.037802839179384817
leaf_weight=1.4460694193840016 1.9033281207084645 1.7922599315643299 144.96232432872057 9.4166543930768949
leaf_count=6 9 8 675 46
internal_value=0.000133736 0.00102089 -0.000402099 0.00100094
internal_weight=159.521 158.075 156.171 154.379
internal_count=744 738 729 721
is_linear=0
shrinkage=0.08


Tree=41
num_leaves=9
num_cat=0
split_feature=41 10 9 16 12 30 15 27
split_gain=1.84234 3.28337 8.98916 3.66414 3.01535 3.51173 4.05569 1.70187
threshold=0.35826419499094164 0.00023567024703610004 0.00053371859483700016 0.00099059964564230025 0.0011211367723368002 1.9632021659662129 0.00032960165330970002 0.0026056836445467503
decision_type=2 2 2 2 2 2 2 2
left_child=1 2 3 -1 5 6 -2 -3
right_child=4 7 -4 -5 -6 -7 -8 -9
leaf_value=0.074890738278102567 0.0038209503523066353 0.023436719538019811 -0.070556259495836202 -0.019088651338895646 -0.060016107739780146 0.052003770160072689 -0.030693162946205034 0.096055830390631411
leaf_weight=7.8864993900060707 90.077927187085152 3.9799004942178708 7.0910119265317908 4.0027254372835159 5.8326666280627242 7.4750299677252761 28.74243950843811 4.2935840860009193
leaf_count=40 420 20 30 20 27 37 128 22
internal_value=0.000127155 0.0190654 0.000732544 0.0432509 -0.00377919 -0.00118202 -0.00452795 0.0611229
internal_weight=159.382 27.2537 18.9802 11.8892 132.128 126.295 118.82 8.27348
internal_count=744 132 90 60 612 585 548 42
is_linear=0
shrinkage=0.08


Tree=42
num_leaves=5
num_cat=0
split_feature=14 21 6 26
split_gain=1.83101 3.67352 3.54987 3.33199
threshold=-0.0024060340473673497 -0.0012129258497084996 -0.00086996145358949988 -2.0127907769083097e-05
decision_type=2 2 2 2
left_child=-1 -2 -3 -4
right_child=1 2 3 -5
leaf_value=-0.090284433595954255 0.11374064765943784 -0.067554710817723726 0.047887714396814642 -0.0012741820828698464
leaf_weight=1.4206987619400013 1.8264629989862431 4.8768203258514395 9.410560190677641 141.36321912705898
leaf_count=6 9 22 46 661
internal_value=0.000129339 0.000945018 -0.000378569 0.00179426
internal_weight=158.898 157.477 155.651 150.774
internal_count=744 738 729 707
is_linear=0
shrinkage=0.08


Tree=43
num_leaves=11
num_cat=0
split_feature=14 28 41 32 6 24 15 21 6 24
split_gain=1.82274 4.21182 14.2669 5.22369 4.14723 3.98558 2.15344 1.73234 2.16626 1.12842
threshold=0.00059272000386640007 -0.76960956204574948 0.47168240547267176 0.0009221095083235001 0.00013962021913115001 0.00039297040538930006 0.00012742364573780003 0.00074572888051330016 0.00054049566798280004 0.0005235585160612001
decision_type=2 2 2 2 2 2 2 2 2 2
left_child=1 3 9 4 -1 -2 -4 8 -7 -3
right_child=5 2 6 -5 -6 7 -8 -9 -10 -11
leaf_value=0.0066412017163480401 -0.02327564102442839 -0.13653320720178339 0.061867319477843213 0.067364792466875628 -0.029987254529251352 0.030912031131420801 -0.01366118304736403 0.0077825106080544751 0.10537290769364954 -0.080846765942283585
leaf_weight=82.122452035546303 8.5860839337110537 4.7397073954343814 5.5503318607807142 7.3836030513048163 26.061653524637222 5.6016389131546003 4.2782100588083267 5.3259314820170394 4.5168366804718971 4.5786739736795425
leaf_count=383 38 20 30 37 117 26 20 26 27 20
internal_value=0.000123609 -0.00349695 -0.0382495 0.00226075 -0.00218263 0.0204204 0.0289909 0.0447126 0.064151 -0.109171
internal_weight=158.745 134.715 19.1469 115.568 108.184 24.0305 9.82854 15.4444 10.1185 9.31838
internal_count=744 627 90 537 500 117 50 79 53 40
is_linear=0
shrinkage=0.08


Tree=44
num_leaves=7
num_cat=0
split_feature=14 8 32 32 10 7
split_gain=2.11708 2.2486 5.66312 4.42871 2.72789 3.28317
threshold=-0.0025968160758225996 -0.0014328800625606497 -0.0011045788692269499 -0.00094087713516849988 -1.0000000180025095e-35 -0.0013727876810923998
decision_type=2 2 2 2 2 2
left_child=-1 4 -3 -4 5 -2
right_child=1 2 3 -5 -6 -7
leaf_value=-0.13990031352267937 -0.034579461416235191 -0.070750996747769301 0.087057184687185374 -0.001103489761231403 0.07550870045599567 0.060236833025309008
leaf_weight=0.68806065618991752 5.6578913480043402 7.3522781655192366 3.7511132657527915 131.0948164910078 5.4242457821965209 3.982379622757434
leaf_count=3 27 32 18 614 29 21
internal_value=0.000122035 0.000734665 -0.00237894 0.00134894 0.0301249 0.00458899
internal_weight=157.951 157.263 142.198 134.846 15.0645 9.64027
internal_count=744 741 664 632 77 48
is_linear=0
shrinkage=0.08


Tree=45
num_leaves=5
num_cat=0
split_feature=14 2 31 12
split_gain=1.85052 1.98219 2.41137 2.55321
threshold=-0.0025968160758225996 -0.1921947341702194 0.025515584584438252 0.0011547568138148003
decision_type=2 2 2 2
left_child=-1 -2 -3 -4
right_child=1 2 3 -5
leaf_value=-0.1327655252569577 0.089837378759785966 -0.055461311810328096 0.0035243182992066792 -0.054132748282033058
leaf_weight=0.66785155236720939 1.5800177603960026 4.8981973528861991 145.44388347864151 5.0873655974864951
leaf_count=3 7 23 687 24
internal_value=0.00011932 0.000684555 -0.000221728 0.00157574
internal_weight=157.677 157.009 155.429 150.531
internal_count=744 741 734 711
is_linear=0
shrinkage=0.08


Tree=46
num_leaves=6
num_cat=0
split_feature=14 21 6 21 24
split_gain=1.72019 2.91225 3.07281 3.46801 3.03175
threshold=0.0011532307357447504 0.00076697442655735001 0.00044129633164585004 0.00035700247104530008 0.00035321685902600007
decision_type=2 2 2 2 2
left_child=1 2 3 -1 -4
right_child=-2 -3 4 -5 -6
leaf_value=0.0010504039088645913 0.042543553920211592 -0.062810290704029603 -0.0074429788823985685 -0.041992007535504118 0.068513186716181548
leaf_weight=119.76810157299042 5.8858313187956801 4.8069577515125266 5.8232463300228101 13.311836466193197 7.9608935341238976
leaf_count=559 30 22 28 61 44
internal_value=0.000110283 -0.00153641 0.000469128 -0.00325508 0.0364248
internal_weight=157.557 151.671 146.864 133.08 13.7841
internal_count=744 714 692 620 72
is_linear=0
shrinkage=0.08


Tree=47
num_leaves=6
num_cat=0
split_feature=9 9 21 24 3
split_gain=1.65032 2.21414 2.71067 2.68143 2.47549
threshold=0.00028272735351350008 0.00033401548108255005 5.7133911991408272e-05 0.00023708398071085003 0.0018350874027601501
decision_type=2 2 2 2 2
left_child=-1 2 -2 -3 -5
right_child=1 3 -4 4 -6
leaf_value=-0.062757555472658766 -0.0051978612957207558 -0.06658778133365649 0.08179421294857589 -0.015435230217577299 0.0075633781031075823
leaf_weight=2.6279068440198889 4.4823233038187009 3.909225106239318 4.6922090798616409 43.02209509909153 98.600180521607399
leaf_count=12 22 18 23 197 472
internal_value=0.000107821 0.00117568 0.0392932 -0.00122731 0.000576848
internal_weight=157.334 154.706 9.17453 145.532 141.622
internal_count=744 732 45 687 669
is_linear=0
shrinkage=0.08


Tree=48
num_leaves=8
num_cat=0
split_feature=14 8 16 33 16 24 41
split_gain=1.64105 1.93946 5.17562 3.1469 2.51878 4.50649 1.67217
threshold=-0.0025968160758225996 -0.0014328800625606497 -0.0012140953931392996 3.1629696763709295e-05 -0.0015720046760789499 0.00051670172275810006 0.55299190719597424
decision_type=2 2 2 2 2 2 2
left_child=-1 4 6 -4 5 -2 -3
right_child=1 2 3 -5 -6 -7 -8
leaf_value=-0.12713383352824412 -0.049929512615417532 -0.024862726416885982 0.018037620212569275 -0.0075659343785523725 0.071525655761861637 0.060984495499726135 -0.091184930511935922
leaf_weight=0.64608898758888145 4.9047589302062971 4.7903866022825223 48.747459731996059 83.090430304408073 5.4310196712613097 4.4913307130336761 4.9440627545118332
leaf_count=3 22 21 232 390 31 24 21
internal_value=0.000102086 0.0006277 -0.00225535 0.00190106 0.0281556 0.00308738 -0.0585473
internal_weight=157.046 156.399 141.572 131.838 14.8271 9.39609 9.73445
internal_count=744 741 664 622 77 46 42
is_linear=0
shrinkage=0.08


Tree=49
num_leaves=10
num_cat=0
split_feature=12 12 28 22 16 33 1 15 2
split_gain=1.5436 3.68625 3.29266 3.42269 2.52474 5.42996 4.31835 3.14302 4.88265
threshold=0.00058215775561810013 0.00060212371596060014 -0.85393623501966431 -1.2436227245844855e-05 -0.0007855164769822498 -0.00053494058300739987 -19.315888797544172 -0.00012473201534274998 0.096282080182164914
decision_type=2 2 2 2 2 2 2 2 2
left_child=4 -2 -3 -4 7 -6 -7 8 -1
right_child=1 2 3 -5 5 6 -8 -9 -10
leaf_value=-0.056085562623780484 0.092888808506762843 0.073475968486442181 0.022645101788124112 -0.027927010843964935 0.073543652187572625 -0.070316708062522493 0.00049859022237040988 -0.077694075743855576 0.037710272231659847
leaf_weight=7.1447379142045992 3.4164944738149634 4.1501938104629508 17.596049904823303 16.687889665365219 6.1439218521118155 5.9060521572828284 82.428426623344421 6.2069689109921447 7.0635835528373718
leaf_count=33 18 20 90 82 29 27 383 28 34
internal_value=0.000100633 0.0132546 0.00617579 -0.00197114 -0.00469078 0.000821884 -0.00423613 -0.0302024 -0.00945551
internal_weight=156.744 41.8506 38.4341 34.2839 114.894 94.4784 88.3345 20.4153 14.2083
internal_count=744 210 192 172 534 439 410 95 67
is_linear=0
shrinkage=0.08


end of trees

feature_importances:
Column_41=50
Column_3=39
Column_27=39
Column_26=24
Column_24=23
Column_6=22
Column_12=20
Column_28=20
Column_21=19
Column_16=18
Column_14=17
Column_9=13
Column_10=13
Column_1=9
Column_0=8
Column_8=8
Column_32=8
Column_15=7
Column_33=7
Column_7=5
Column_29=5
Column_31=5
Column_2=3
Column_22=2
Column_30=2

parameters:
[boosting: gbdt]
[objective: binary]
[metric: binary_logloss]
[tree_learner: serial]
[device_type: cpu]
[data_sample_strategy: bagging]
[data: ]
[valid: ]
[num_iterations: 50]
[learning_rate: 0.08]
[num_leaves: 15]
[num_threads: 1]
[seed: 42]
[deterministic: 0]
[force_col_wise: 0]
[force_row_wise: 0]
[histogram_pool_size: -1]
[max_depth: 4]
[min_data_in_leaf: 20]
[min_sum_hessian_in_leaf: 0.001]
[bagging_fraction: 0.8]
[pos_bagging_fraction: 1]
[neg_bagging_fraction: 1]
[bagging_freq: 0]
[bagging_seed: 400]
[bagging_by_query: 0]
[feature_fraction: 1]
[feature_fraction_bynode: 1]
[feature_fraction_seed: 30056]
[extra_trees: 0]
[extra_seed: 12879]
[early_stopping_round: 0]
[early_stopping_min_delta: 0]
[first_metric_only: 0]
[max_delta_step: 0]
[lambda_l1: 0]
[lambda_l2: 0]
[linear_lambda: 0]
[min_gain_to_split: 0]
[drop_rate: 0.1]
[max_drop: 50]
[skip_drop: 0.5]
[xgboost_dart_mode: 0]
[uniform_drop: 0]
[drop_seed: 17869]
[top_rate: 0.2]
[other_rate: 0.1]
[min_data_per_group: 100]
[max_cat_threshold: 32]
[cat_l2: 10]
[cat_smooth: 10]
[max_cat_to_onehot: 4]
[top_k: 20]
[monotone_constraints: ]
[monotone_constraints_method: basic]
[monotone_penalty: 0]
[feature_contri: ]
[forcedsplits_filename: ]
[refit_decay_rate: 0.9]
[cegb_tradeoff: 1]
[cegb_penalty_split: 0]
[cegb_penalty_feature_lazy: ]
[cegb_penalty_feature_coupled: ]
[path_smooth: 0]
[interaction_constraints: ]
[verbosity: -1]
[saved_feature_importance_type: 0]
[use_quantized_grad: 0]
[num_grad_quant_bins: 4]
[quant_train_renew_leaf: 0]
[stochastic_rounding: 1]
[linear_tree: 0]
[max_bin: 255]
[max_bin_by_feature: ]
[min_data_in_bin: 3]
[bin_construct_sample_cnt: 200000]
[data_random_seed: 175]
[is_enable_sparse: 1]
[enable_bundle: 1]
[use_missing: 1]
[zero_as_missing: 0]
[feature_pre_filter: 1]
[pre_partition: 0]
[two_round: 0]
[header: 0]
[label_column: ]
[weight_column: ]
[group_column: ]
[ignore_column: ]
[categorical_feature: ]
[forcedbins_filename: ]
[precise_float_parser: 0]
[parser_config_file: ]
[objective_seed: 16083]
[num_class: 1]
[is_unbalance: 0]
[scale_pos_weight: 1]
[sigmoid: 1]
[boost_from_average: 1]
[reg_sqrt: 0]
[alpha: 0.9]
[fair_c: 1]
[poisson_max_delta_step: 0.7]
[tweedie_variance_power: 1.5]
[lambdarank_truncation_level: 30]
[lambdarank_norm: 1]
[label_gain: ]
[lambdarank_position_bias_regularization: 0]
[eval_at: ]
[multi_error_top_k: 1]
[auc_mu_weights: ]
[num_machines: 1]
[local_listen_port: 12400]
[time_out: 120]
[machine_list_filename: ]
[machines: ]
[gpu_platform_id: -1]
[gpu_device_id: -1]
[gpu_use_dp: 0]
[num_gpu: 1]

end of parameters

pandas_categorical:null
