tree
version=v4
num_class=1
num_tree_per_iteration=1
label_index=0
max_feature_idx=31
objective=binary sigmoid:1
feature_names=Column_0 Column_1 Column_2 Column_3 Column_4 Column_5 Column_6 Column_7 Column_8 Column_9 Column_10 Column_11 Column_12 Column_13 Column_14 Column_15 Column_16 Column_17 Column_18 Column_19 Column_20 Column_21 Column_22 Column_23 Column_24 Column_25 Column_26 Column_27 Column_28 Column_29 Column_30 Column_31
feature_infos=[5.7138908507717758:95.497185728546299] [-7.7809964334846882:2.763563475621595] [0.00092754089573720004:0.015113286011421499] [0.00026453202501119997:0.0028515557077070999] [-0.0066964521925375999:0.0076000639215891] [-0.0111083719450392:0.010369147179459399] [0.0002334528276593:0.0025470347017434] [-0.8984975458606046:-0.053184103634957798] [-0.0092043493610731008:0.0044420633922997999] [0.42904108908149557:0.57342135019389873] [0.5:0.54834187771075027] [-2.9105285244981891:1.5890476365221218] [-0.78176264322820543:10] [0.0081706506927827008:1] [-0.0031112178737514999:0.0053978061759846997] [-0.0053365208342602997:0.011182016726148601] [-0.011371370811479301:0.0032206185064175999] [-0.0048975193439311998:0.0048409602003098998] [-0.00071531431036319997:0.00028760602538860001] [-5.3585355464829378:4.4021915278545354] none [0:1] [0.20000000000000001:0.69999999999999996] [285.65774657912289:312.20488755925908] [150.05025368622728:175.78638105806203] [0:0.1333333333333333] [0.28720579909084148:0.83563132826911179] [-0.0031112178737514999:0.0053978061759846997] [-1:1] none [0.0025862445022503998:0.0034843985052222999] [0.10776983509303464:0.94166655346098616]
tree_sizes=773 874 876 1198 1106 884 878 982 984 985 781 881 1089 1192 1089 1089 1096 789 1101 671 1087 783 784 676 784 1099 1103 1410 777 684 1303 898 1196 788 779 682 792 787 995 996 685 894 1193 987 1111 1088 997 999 1219 687

Tree=0
num_leaves=6
num_cat=0
split_feature=17 26 23 3 11
split_gain=18.8332 12.2982 12.635 17.4648 7.40832
threshold=0.00084639757286470005 0.38695777194977082 305.60696328767796 0.0012617626136886002 -0.23764588007061377
decision_type=2 2 2 2 2
left_child=1 -1 3 -3 -4
right_child=-2 2 4 -5 -6
leaf_value=-0.054735845617573303 -0.047346653063065014 -0.20294706469816745 -0.15009111568087222 -0.089387269649504247 -0.030734859275110299
leaf_weight=5.7140507102012625 8.9437315464019758 67.823297560214996 9.1921685338020307 9.9374794960021955 5.2171767354011527
leaf_count=23 36 273 37 40 21
internal_value=-0.15847 -0.168624 -0.175684 -0.188435 -0.106876
internal_weight=106.828 97.8842 92.1701 77.7608 14.4093
internal_count=430 394 371 313 58
is_linear=0
shrinkage=1


Tree=1
num_leaves=7
num_cat=0
split_feature=19 26 3 23 9 30
split_gain=17.0184 13.3056 12.8271 17.5007 8.0693 6.88243
threshold=2.0384037112062594 0.41549425228379328 0.0012617626136886002 304.61593017266449 0.48257190452165449 0.0026245157323457505
decision_type=2 2 2 2 2 2
left_child=1 5 3 -3 -4 -1
right_child=-2 2 4 -5 -6 -7
leaf_value=0.015165765134722358 0.13720503201651388 -0.048844196457365492 0.13541636006466415 0.048958312680114149 0.0057480934463432967 0.13808145171828598
leaf_weight=6.2231644690036756 5.4873334169387809 62.115530177950859 4.9900257587432844 14.429567247629164 7.9887847751379013 5.4851939976215363
leaf_count=25 22 251 20 58 32 22
internal_value=-1.13581e-05 -0.00744922 -0.0179381 -0.0304074 0.0556023 0.07275
internal_weight=106.72 101.232 89.5239 76.5451 12.9788 11.7084
internal_count=430 408 361 309 52 47
is_linear=0
shrinkage=0.08


Tree=2
num_leaves=7
num_cat=0
split_feature=19 26 3 23 9 15
split_gain=14.4002 11.2653 10.8788 14.8734 6.8139 6.21536
threshold=2.0384037112062594 0.41549425228379328 0.0012617626136886002 304.61593017266449 0.48257190452165449 -3.6349475275531029e-05
decision_type=2 2 2 2 2 2
left_child=1 5 3 -3 -4 -1
right_child=-2 2 4 -5 -6 -7
leaf_value=0.0047236011144182535 0.12616457480612561 -0.045194096102612172 0.12438417867774933 0.044924372258347951 0.0052871576492206128 0.12148656772773173
leaf_weight=5.4826175570487976 5.4896453171968451 61.775877729058266 4.9973526597022992 14.465543553233145 7.99036605656147 6.2365570217370969
leaf_count=22 22 251 20 58 32 25
internal_value=-1.93276e-05 -0.0068813 -0.0165665 -0.0280956 0.0511127 0.066861
internal_weight=106.438 100.948 89.2291 76.2414 12.9877 11.7192
internal_count=430 408 361 309 52 47
is_linear=0
shrinkage=0.08


Tree=3
num_leaves=10
num_cat=0
split_feature=31 3 13 13 24 26 18 18 26
split_gain=12.9738 16.3248 11.9833 9.64 8.66338 8.52206 8.52168 7.06474 6.30067
threshold=0.47816020992828107 0.0013141682034035001 0.068808499819464006 0.091056054772972253 164.21789521620101 0.61066153626846209 -0.00013307621488219999 -3.1487674854140247e-05 0.53611914765127044
decision_type=2 2 2 2 2 2 2 2 2
left_child=2 3 8 7 -4 -6 -5 -2 -1
right_child=1 -3 4 6 5 -7 -8 -9 -10
leaf_value=0.021900890177731593 -0.034247874348603088 0.096968440761356856 -0.0057800049286689447 -0.0017270452202196524 0.13200139130783967 0.014724436440946032 -0.0733248200963873 0.089331473844031742 -0.092450197787369459
leaf_weight=7.1638563722372037 5.6735714226961136 6.7255463898181906 7.3765853494405773 15.719317749142645 13.109435021877291 5.685262218117713 32.920083373785019 6.1915675997734052 5.4145975410938263
leaf_count=29 23 27 30 64 53 23 134 25 22
internal_value=-2.07007e-05 -0.0212709 0.0368481 -0.0344142 0.0676902 0.0965259 -0.0501858 0.0302394 -0.0273234
internal_weight=105.98 67.2301 38.7497 60.5045 26.1713 18.7947 48.6394 11.8651 12.5785
internal_count=430 273 157 246 106 76 198 48 51
is_linear=0
shrinkage=0.08


Tree=4
num_leaves=9
num_cat=0
split_feature=5 18 4 4 18 3 11 6
split_gain=12.0606 7.79376 9.21869 8.12889 5.89345 8.88133 5.74037 3.10566
threshold=0.0017655234657072501 -0.00013307621488219999 -0.00034233264241769997 -4.8720377139588278e-05 -0.00018456498111844998 0.0011036974450573001 -0.13434369643257157 0.00066471131645635007
decision_type=2 2 2 2 2 2 2 2
left_child=1 4 6 -4 5 -1 -3 -2
right_child=7 2 3 -5 -6 -7 -8 -9
leaf_value=-0.052830411668161333 0.12577187330690812 -0.090724585075960609 0.077049904459837851 -0.015726698995519855 0.090037123944814987 0.055564138726201522 -0.017658615029144977 0.038157454383236727
leaf_weight=9.0647541582584434 5.1773883700370771 15.64413930475712 7.3823477625846854 33.343046367168427 7.1329360455274573 10.374483436346052 12.286041080951689 5.179810419678688
leaf_count=37 21 64 30 136 29 42 50 21
internal_value=-3.05685e-05 -0.00894745 -0.0231857 0.00109104 0.0278405 0.00501843 -0.058584 0.0819544
internal_weight=105.585 95.2277 68.6556 40.7254 26.5722 19.4392 27.9302 10.3572
internal_count=430 388 280 166 108 79 114 42
is_linear=0
shrinkage=0.08


Tree=5
num_leaves=7
num_cat=0
split_feature=19 26 23 2 2 30
split_gain=11.2152 8.82593 9.22515 13.1329 5.85293 5.26043
threshold=2.0384037112062594 0.41549425228379328 305.81479200783593 0.0032072212475972505 0.0026100360393223505 0.0026245157323457505
decision_type=2 2 2 2 2 2
left_child=1 5 3 -3 -4 -1
right_child=-2 2 4 -5 -6 -7
leaf_value=0.0091737239200030355 0.11238770654562968 -0.065356796445594861 0.095187485212493914 0.0026840267192888025 -0.0096550966464154214 0.11710493503439802
leaf_weight=6.2035953849554044 5.3880975842475882 31.230159312486649 7.2164794951677305 43.364557191729546 6.4570112973451614 5.410764142870903
leaf_count=25 22 129 29 177 26 22
internal_value=-3.84046e-05 -0.00610316 -0.0147294 -0.0258023 0.0456778 0.0594555
internal_weight=105.271 99.8826 88.2682 74.5947 13.6735 11.6144
internal_count=430 408 361 306 55 47
is_linear=0
shrinkage=0.08


Tree=6
num_leaves=7
num_cat=0
split_feature=31 3 23 11 4 9
split_gain=9.71458 6.84889 10.8996 10.7666 10.3031 8.27113
threshold=0.26371355156816451 0.0012617626136886002 304.61593017266449 0.12975765272895509 -0.00028389696433289994 0.48257190452165449
decision_type=2 2 2 2 2 2
left_child=-1 2 3 -2 -4 -3
right_child=1 5 4 -5 -6 -7
leaf_value=0.079377591036562806 -0.05188094082365502 0.12566612675818151 -0.025291870966228567 0.01608540120043777 0.10311957797745561 -0.0090058459293320455
leaf_weight=9.0100431442260724 45.561732694506645 5.1479818671941739 7.4502501189708736 22.17751570045948 8.6322010159492475 6.7400581687688828
leaf_count=37 189 21 30 91 35 27
internal_value=-3.73437e-05 -0.00751341 -0.0155727 -0.0296291 0.0436325 0.0493123
internal_weight=104.72 95.7097 83.8217 67.7392 16.0825 11.888
internal_count=430 393 345 280 65 48
is_linear=0
shrinkage=0.08


Tree=7
num_leaves=8
num_cat=0
split_feature=19 2 23 2 26 11 11
split_gain=8.98639 7.94064 8.46649 7.98578 7.68318 7.45137 5.52351
threshold=2.0384037112062594 0.0034208407979758005 305.81479200783593 0.0024454056237259007 0.47320446572442604 0.18996744743962982 0.12975765272895509
decision_type=2 2 2 2 2 2 2
left_child=1 2 6 -4 -3 -6 -1
right_child=-2 4 3 -5 5 -7 -8
leaf_value=-0.068134371036627506 0.10221410120893501 0.08381316557635872 0.10429420996487863 -0.028692787982411653 -0.018717763399731271 0.062892145514751308 -0.008000413104222056
leaf_weight=24.377456471323967 5.2251370698213568 9.2598636746406537 5.4234086573123914 6.1862059086561203 27.666897252202034 9.660432502627371 16.320915251970291
leaf_count=103 22 38 22 25 114 39 67
internal_value=-3.36345e-05 -0.0054359 -0.0268293 0.0334318 0.0185845 0.00240314 -0.0440194
internal_weight=104.12 98.8952 52.308 11.6096 46.5872 37.3273 40.6984
internal_count=430 408 217 47 191 153 170
is_linear=0
shrinkage=0.08


Tree=8
num_leaves=8
num_cat=0
split_feature=5 23 6 31 26 4 11
split_gain=8.13005 6.64441 10.7403 9.84698 9.72479 6.23911 2.50394
threshold=0.0017655234657072501 297.47753037077797 0.00050873011744785015 0.42784156132621964 0.51750339575505888 -0.0011584624331525998 0.043931937498402206
decision_type=2 2 2 2 2 2 2
left_child=1 5 4 -4 -3 -1 -2
right_child=6 2 3 -5 -6 -7 -8
leaf_value=-0.010874362909441323 0.02975558468678409 0.080219470549288324 0.0097204195127199491 -0.070188609577260627 -0.014593216191223233 0.08136684698371402 0.10980348005467107
leaf_weight=9.4011236876249331 5.170985594391821 10.627367228269579 14.881848171353338 29.302185922861099 19.865569874644279 9.3710159659385663 4.8435035347938538
leaf_count=39 22 44 61 122 83 39 20
internal_value=-3.32931e-05 -0.00737454 -0.0180699 -0.043274 0.0184508 0.0351723 0.0684707
internal_weight=103.464 93.4491 74.677 44.184 30.4929 18.7721 10.0145
internal_count=430 388 310 183 127 78 42
is_linear=0
shrinkage=0.08


Tree=9
num_leaves=8
num_cat=0
split_feature=19 2 23 26 2 11 11
split_gain=7.47428 6.59355 7.28018 6.27299 6.27099 5.97738 4.74031
threshold=2.0384037112062594 0.0034208407979758005 305.81479200783593 0.47320446572442604 0.0024454056237259007 0.18996744743962982 0.12975765272895509
decision_type=2 2 2 2 2 2 2
left_child=1 2 6 -3 -4 -5 -1
right_child=-2 3 4 5 -6 -7 -8
leaf_value=-0.06334286760550209 0.094865164025914731 0.076142112196415618 0.095222875456847864 -0.016647178619697601 -0.023393730042872641 0.05663522434246742 -0.0073425758510554211
leaf_weight=23.880307242274284 5.0507841259241095 9.1938716322183591 5.3190888762474042 27.508243426680565 6.1512770503759384 9.6127659380435926 16.261643245816231
leaf_count=103 22 38 22 114 25 39 67
internal_value=-3.67174e-05 -0.00493147 -0.0245959 0.0169822 0.0316117 0.00232985 -0.040657
internal_weight=102.978 97.9272 51.6123 46.3149 11.4704 37.121 40.142
internal_count=430 408 217 191 47 153 170
is_linear=0
shrinkage=0.08


Tree=10
num_leaves=6
num_cat=0
split_feature=31 0 11 2 5
split_gain=6.72416 6.40188 5.41353 5.86256 4.79313
threshold=0.26371355156816451 21.077458367813524 -1.3508844468233259 0.0053015813184952012 1.0000000180025095e-35
decision_type=2 2 2 2 2
left_child=-1 -2 4 -4 -3
right_child=1 2 3 -5 -6
leaf_value=0.067193828773858932 0.073010048413116591 -0.10105594221901142 -0.013916967435365375 0.04512433317468216 -0.0011352001828896939
leaf_weight=8.7104625701904279 6.0900520235300055 7.4965474158525449 61.671312138438225 13.0393198877573 5.2062653601169586
leaf_count=37 25 32 260 54 22
internal_value=-3.36893e-05 -0.00629637 -0.0118216 -0.00361243 -0.0601033
internal_weight=102.214 93.5035 87.4134 74.7106 12.7028
internal_count=430 393 368 314 54
is_linear=0
shrinkage=0.08


Tree=11
num_leaves=7
num_cat=0
split_feature=19 26 23 8 30 2
split_gain=6.34985 5.88046 5.46893 8.45368 4.52662 4.11201
threshold=2.0384037112062594 0.41549425228379328 305.81479200783593 -0.00038684830839549991 0.0026245157323457505 0.0026100360393223505
decision_type=2 2 2 2 2 2
left_child=1 4 3 -3 -1 -4
right_child=-2 2 5 -5 -6 -7
leaf_value=0.0029676108064083614 0.089081442416523174 0.0037272670287316766 0.07757690844537192 -0.051411788830546978 0.1047480638200098 -0.011284834927306694
leaf_weight=6.0713139176368696 4.872192069888114 40.773311242461205 7.0158234685659391 31.577057749032974 5.184779554605484 6.3485367298126221
leaf_count=25 22 172 29 134 22 26
internal_value=-3.6345e-05 -0.00451397 -0.011653 -0.020338 0.0498497 0.0353645
internal_weight=101.843 96.9708 85.7147 72.3504 11.2561 13.3644
internal_count=430 408 361 306 47 55
is_linear=0
shrinkage=0.08


Tree=12
num_leaves=9
num_cat=0
split_feature=31 2 13 9 24 26 3 26
split_gain=6.09158 9.93742 9.28613 6.82467 5.93094 6.90139 5.52521 4.96326
threshold=0.47816020992828107 0.010935671053347152 0.068808499819464006 0.51754730621278533 164.21789521620101 0.61066153626846209 0.00064448393558895012 0.53611914765127044
decision_type=2 2 2 2 2 2 2 2
left_child=2 3 7 6 -4 -6 -2 -1
right_child=1 -3 4 -5 5 -7 -8 -9
leaf_value=0.012532235622282189 0.019734351690293989 0.095360419710693381 -0.007977280263056271 -0.10665200633459794 0.11034974815590981 0.0023357047207076707 -0.034025424316333645 -0.091901838704841698
leaf_weight=6.7447901517152768 18.918422594666481 4.8329628705978385 7.2251477688550976 5.7636033594608298 12.575458094477655 5.4163585901260367 34.635283291339874 5.1258911341428757
leaf_count=29 81 20 30 25 53 23 147 22
internal_value=-2.76853e-05 -0.0149487 0.0257811 -0.0239363 0.0532464 0.0778326 -0.0150342 -0.0325635
internal_weight=101.238 64.1503 37.0876 59.3173 25.217 17.9918 53.5537 11.8707
internal_count=430 273 157 253 106 76 228 51
is_linear=0
shrinkage=0.08


Tree=13
num_leaves=10
num_cat=0
split_feature=4 11 1 1 2 4 31 26 12
split_gain=5.59607 6.13561 7.34358 6.56439 6.24219 6.05946 8.21891 6.29309 3.56814
threshold=-0.00034233264241769997 0.18996744743962982 -2.6462942651107819 -0.5842652791866384 0.0024374650469898506 -2.7925491790715462e-05 0.25268509964722791 0.41549425228379328 1.7296347971377803
decision_type=2 2 2 2 2 2 2 2 2
left_child=1 2 -1 -3 -4 8 -7 -8 -2
right_child=5 3 4 -5 -6 6 7 -9 -10
leaf_value=0.023743410350645588 0.025179885218981349 0.09662853015687034 0.013789844316041439 -0.031778424569762202 -0.0818882634414244 0.095342992175211402 0.080407502792406826 -0.019225102677966305 0.12030201042006995
leaf_weight=9.1190659552812523 5.0382198989391309 5.1496298760175705 5.6448658108711305 5.0434241443872434 19.233891323208809 5.59603327512741 4.5698063373565665 36.179968267679214 5.0570940971374512
leaf_count=38 21 21 25 21 83 25 20 155 21
internal_value=-2.65847e-05 -0.021347 -0.0376692 0.033094 -0.0601794 0.0166663 0.00443245 -0.00805199 0.0728299
internal_weight=100.632 44.1909 33.9978 10.1931 24.8788 56.4411 46.3458 40.7498 10.0953
internal_count=430 188 146 42 108 242 200 175 42
is_linear=0
shrinkage=0.08


Tree=14
num_leaves=9
num_cat=0
split_feature=19 2 26 24 2 26 12 6
split_gain=5.3103 4.92241 6.10756 6.87461 6.13488 4.79166 5.6237 2.99126
threshold=2.0384037112062594 0.0034208407979758005 0.62834410661125262 165.28143740609519 0.0021120128546064502 0.51426926847223686 1.7296347971377803 0.00063377577347150011
decision_type=2 2 2 2 2 2 2 2
left_child=1 2 3 -1 -4 7 -7 -3
right_child=-2 5 4 -5 -6 6 -8 -9
leaf_value=-0.031766402835443602 0.083497942904243991 0.10113744203219115 -0.005530787665912979 0.039432677985973268 -0.11580010205268337 -0.057825669734368236 0.018224403635380904 0.02366244740619175
leaf_weight=22.834908440709114 4.6446394473314276 5.4328700304031354 5.6821445375680906 14.000616133213041 7.4795875698328018 8.421668738126753 23.836880803108215 7.7236448973417282
leaf_count=100 22 23 25 59 33 35 100 33
internal_value=-3.39386e-05 -0.00410024 -0.0214185 -0.00470473 -0.068195 0.0149653 -0.00162982 0.0556551
internal_weight=100.057 95.4123 49.9973 36.8355 13.1617 45.4151 32.2585 13.1565
internal_count=430 408 217 159 58 191 135 56
is_linear=0
shrinkage=0.08


Tree=15
num_leaves=9
num_cat=0
split_feature=5 23 6 4 26 4 6 0
split_gain=4.9319 5.59716 8.06919 6.86698 6.64925 5.0167 2.32212 2.22294
threshold=0.0017655234657072501 297.47753037077797 0.00050873011744785015 -0.00038048227683569995 0.51750339575505888 -0.0013809239801522999 0.00066471131645635007 37.448258641585575
decision_type=2 2 2 2 2 2 2 2
left_child=1 5 4 -4 -3 -1 -2 -7
right_child=6 2 3 -5 -6 7 -8 -9
leaf_value=-0.012900821579780508 0.097226463743799882 0.068933445636137652 -0.074995673596477061 -0.010034696147649022 -0.011194600781921643 0.10958144401102919 0.016897225415913233 0.034713289080565042
leaf_weight=8.1888919919729251 4.4529159367084485 10.117286384105684 18.34948518872261 24.083620131015778 19.218181163072586 4.9574583470821363 4.770507425069809 5.2008679807186127
leaf_count=35 21 44 80 103 83 21 21 22
internal_value=-3.85891e-05 -0.00574131 -0.015822 -0.038126 0.0164402 0.0336913 0.0556789 0.0712504
internal_weight=99.3392 90.1158 71.7686 42.4331 29.3355 18.3472 9.22342 10.1583
internal_count=430 388 310 183 127 78 42 43
is_linear=0
shrinkage=0.08


Tree=16
num_leaves=9
num_cat=0
split_feature=0 31 13 11 16 24 8 4
split_gain=4.39307 5.83337 9.77998 7.20176 14.7311 5.03063 4.96617 4.96447
threshold=21.077458367813524 0.49251899841059016 0.068808499819464006 -0.42629288716387465 -0.0012400184548238997 164.21789521620101 -0.00042873778958164995 0.00041751352099115001
decision_type=2 2 2 2 2 2 2 2
left_child=-1 2 7 6 -5 -4 -3 -2
right_child=1 3 5 4 -6 -7 -8 -9
leaf_value=0.066402831852779107 -0.092312430989685584 -0.028504450223935423 -0.0082894015964555413 0.080035752890460707 -0.036634058758550476 0.070991934743786442 -0.1051209869727764 0.0096702660774028205
leaf_weight=5.9833208918571463 5.799126669764517 17.457345396280292 7.1477124989032772 10.870141357183458 19.090096458792686 18.07598651945591 7.8488377481698981 6.4557250887155533
leaf_count=25 25 77 30 46 83 79 36 29
internal_value=-3.67861e-05 -0.00432305 0.0200407 -0.0208452 0.00569596 0.0485258 -0.0522674 -0.038589
internal_weight=98.7283 92.745 37.4786 55.2664 29.9602 25.2237 25.3062 12.2549
internal_count=430 405 163 242 129 109 113 54
is_linear=0
shrinkage=0.08


Tree=17
num_leaves=6
num_cat=0
split_feature=19 26 18 11 5
split_gain=4.31895 4.21796 4.21808 4.88173 4.86898
threshold=2.0384037112062594 0.38262254810110236 -0.00013307621488219999 -0.52808407942139213 -0.0010260795617160498
decision_type=2 2 2 2 2
left_child=1 -1 3 -3 -4
right_child=-2 2 4 -5 -6
leaf_value=0.069073659692204095 0.07771019293472306 -0.0062569840398116082 -0.067255276204760336 0.066497947615452052 -0.0085832734832660771
leaf_weight=4.8373423367738715 4.3679777383804312 16.574628308415416 10.956018611788748 9.1667916029691678 52.09445908665657
leaf_count=21 22 70 50 38 229
internal_value=-4.64919e-05 -0.00367399 -0.00763724 0.0196518 -0.0187785
internal_weight=97.9972 93.6292 88.7919 25.7414 63.0505
internal_count=430 408 387 108 279
is_linear=0
shrinkage=0.08


Tree=18
num_leaves=9
num_cat=0
split_feature=5 23 6 4 26 17 16 11
split_gain=3.83567 4.62863 6.49113 5.57025 5.30269 4.61715 5.45222 1.98626
threshold=0.0017655234657072501 297.47753037077797 0.00050873011744785015 -0.00038048227683569995 0.51750339575505888 -0.00032546543658154993 -0.0040383425961374496 0.043931937498402206
decision_type=2 2 2 2 2 2 2 2
left_child=1 5 4 -4 -3 6 -1 -2
right_child=7 2 3 -5 -6 -7 -8 -9
leaf_value=0.062898800333032315 0.013063569581757377 0.06202327340760138 -0.068649043922727249 -0.0093736940482987592 -0.01004503513210658 0.089536264926216483 -0.044268763326724823 0.088850767151326226
leaf_weight=5.4517741501331338 4.5221088379621488 9.9546464979648608 17.678709954023361 23.813351288437843 19.016062647104263 5.8412009179592124 6.8630463629961023 4.3347425311803818
leaf_count=23 22 44 80 103 83 25 30 20
internal_value=-4.23899e-05 -0.00505933 -0.0143401 -0.0346294 0.0147184 0.0309589 0.00317434 0.0501555
internal_weight=97.4756 88.6188 70.4628 41.4921 28.9707 18.156 12.3148 8.85685
internal_count=430 388 310 183 127 78 53 42
is_linear=0
shrinkage=0.08


Tree=19
num_leaves=5
num_cat=0
split_feature=19 0 26 23
split_gain=3.66302 3.74804 3.37814 3.83705
threshold=2.0384037112062594 21.077458367813524 0.38262254810110236 305.81479200783593
decision_type=2 2 2 2
left_child=1 -1 -3 -4
right_child=-2 2 3 -5
leaf_value=0.05821749763499761 0.073260458491238287 0.060024267118472724 -0.018866830991352859 0.027955748584747694
leaf_weight=5.9240404367446891 4.1747578978538504 4.4889690130949012 68.812147691845894 13.379123017191885
leaf_count=25 22 20 305 58
internal_value=-4.20463e-05 -0.00334665 -0.00755416 -0.011245
internal_weight=96.779 92.6043 86.6802 82.1913
internal_count=430 408 383 363
is_linear=0
shrinkage=0.08


Tree=20
num_leaves=9
num_cat=0
split_feature=31 13 2 17 13 0 1 4
split_gain=3.30987 8.85046 6.91534 7.01842 6.35485 4.85534 6.20513 3.38201
threshold=0.49251899841059016 0.067748204729030065 0.010935671053347152 0.00040672938140025007 0.084876333857853717 61.111338525305463 0.4624109544367912 0.00041751352099115001
decision_type=2 2 2 2 2 2 2 2
left_child=1 7 3 4 -2 6 -3 -1
right_child=2 5 -4 -5 -6 -7 -8 -9
leaf_value=-0.085923920546337462 0.050112325278396361 0.050851545595498648 0.082831599481694079 -0.11260135360234864 -0.024316615071454706 0.10537335680850518 -0.053154900137072872 0.0011236878697750768
leaf_weight=5.4053331911563856 8.9597803652286512 14.650541186332708 4.5560059249401084 4.7568660080432883 40.655805557966232 6.3360902816057196 4.898788481950759 6.058016911149025
leaf_count=24 39 62 20 21 184 31 21 28
internal_value=-3.36672e-05 0.0185983 -0.0118426 -0.0197756 -0.0108759 0.044514 0.024789 -0.039922
internal_weight=96.2772 37.3488 58.9285 54.3725 49.6156 25.8854 19.5493 11.4634
internal_count=430 166 264 244 223 114 83 52
is_linear=0
shrinkage=0.08


Tree=21
num_leaves=6
num_cat=0
split_feature=11 11 5 19 0
split_gain=4.62878 4.68797 4.76523 4.58774 1.35509
threshold=-2.2878969804058893 -1.3508844468233259 0.0017655234657072501 -0.69333278957800282 39.392486243942109
decision_type=2 2 2 2 2
left_child=-1 4 3 -3 -2
right_child=1 2 -4 -5 -6
leaf_value=0.09086794916955146 -0.029473325153817322 0.016662972220480257 0.064689594165946565 -0.023284329001876429 -0.086479294585051977
leaf_weight=3.4560105055570594 6.7376423180103284 37.630729392170906 7.3487869352102271 36.002970680594444 4.4191420823335648
leaf_count=16 30 164 37 162 21
internal_value=-2.69846e-05 -0.00343632 0.00326151 -0.00286914 -0.0520531
internal_weight=95.5953 92.1393 80.9825 73.6337 11.1568
internal_count=430 414 363 326 51
is_linear=0
shrinkage=0.08


Tree=22
num_leaves=6
num_cat=0
split_feature=11 11 5 19 23
split_gain=3.96843 4.03954 4.12671 3.88642 1.32535
threshold=-2.2878969804058893 -1.3508844468233259 0.0017655234657072501 -0.69333278957800282 297.00003462363242
decision_type=2 2 2 2 2
left_child=-1 4 3 -3 -2
right_child=1 2 -4 -5 -6
leaf_value=0.084660618080378211 -0.016139097835250735 0.015301667959085994 0.060832393200811234 -0.02147035951702805 -0.072425922871834178
leaf_weight=3.4143788367509833 4.6275109648704511 37.697314083576202 7.1960217803716651 35.924532145261765 6.3527442514896393
leaf_count=16 21 164 37 162 30
internal_value=-2.57677e-05 -0.00317563 0.00301011 -0.00264162 -0.0487044
internal_weight=95.2125 91.7981 80.8179 73.6218 10.9803
internal_count=430 414 363 326 51
is_linear=0
shrinkage=0.08


Tree=23
num_leaves=5
num_cat=0
split_feature=26 11 13 12
split_gain=3.43976 3.69985 3.54956 3.56319
threshold=0.37841533555552914 -2.2878969804058893 0.9149797827132734 2.5574627524801494
decision_type=2 2 2 2
left_child=-1 -2 3 -3
right_child=1 2 -4 -5
leaf_value=0.071474935144321933 0.079005733556495567 -0.01148086605336503 -0.063621238014691453 0.027511980976269741
leaf_weight=4.1192302107810965 3.3680008947849265 61.010489583015442 6.4367271810770026 19.887592285871506
leaf_count=19 16 279 30 86
internal_value=-2.43156e-05 -0.00327142 -0.00644438 -0.00189505
internal_weight=94.822 90.7028 87.3348 80.8981
internal_count=430 411 395 365
is_linear=0
shrinkage=0.08


Tree=24
num_leaves=6
num_cat=0
split_feature=26 2 2 26 26
split_gain=2.97447 3.66829 4.45413 6.01608 3.9451
threshold=0.37841533555552914 0.0013969673640278001 0.0034208407979758005 0.62834410661125262 0.51426926847223686
decision_type=2 2 2 2 2
left_child=-1 -2 3 -3 -4
right_child=1 2 4 -5 -6
leaf_value=0.067175846076852438 0.078142574865914111 -0.0066455116446183281 0.056729095942175151 -0.073675037266673044 -0.0010887786675985224
leaf_weight=4.035730466246604 3.4289195388555518 34.094403564929962 9.9266992807388288 11.446758851408957 31.58461207151413
leaf_count=19 16 156 45 54 140
internal_value=-2.24605e-05 -0.0030197 -0.00621661 -0.0234934 0.0127373
internal_weight=94.5171 90.4814 87.0525 45.5412 41.5113
internal_count=430 411 395 210 185
is_linear=0
shrinkage=0.08


Tree=25
num_leaves=9
num_cat=0
split_feature=11 31 13 24 6 11 16 6
split_gain=3.05734 3.55469 6.23901 7.74492 6.14846 5.27616 11.8098 5.06325
threshold=-2.2878969804058893 0.47816020992828107 0.46360179817585206 167.55587853726368 0.00086346291834400008 -0.42629288716387465 -0.0012400184548238997 0.00085477281730890009
decision_type=2 2 2 2 2 2 2 2
left_child=-1 2 3 -2 -4 7 -7 -3
right_child=1 5 4 -5 -6 6 -8 -9
leaf_value=0.075373228863869296 -0.027099714522613356 -0.069491695034128539 0.13527140108210703 0.081837063023272871 0.0063270544227309582 0.070787984065855888 -0.030536254827185909 0.0056760147839126042
leaf_weight=3.3205002993345252 19.348887085914615 16.02294805645943 4.8837567716836912 5.3267203718423835 4.5919914543628693 11.618723273277284 20.094801783561707 8.9323918074369413
leaf_count=16 89 78 21 26 20 50 90 40
internal_value=-2.52639e-05 -0.00278193 0.0176058 -0.00358355 0.0727844 -0.0150685 0.00658539 -0.0425865
internal_weight=94.1407 90.8202 34.1514 24.6756 9.47575 56.6689 31.7135 24.9553
internal_count=430 414 156 115 41 258 140 118
is_linear=0
shrinkage=0.08


Tree=26
num_leaves=9
num_cat=0
split_feature=2 31 24 11 13 17 15 14
split_gain=2.95473 3.39345 7.14147 8.26522 6.14584 5.81584 4.20998 4.01375
threshold=0.0013969673640278001 0.49251899841059016 163.11967264674925 -0.47904700399374295 0.068808499819464006 -0.00044695251725149996 -0.00061520116533669985 8.1015086436700838e-05
decision_type=2 2 2 2 2 2 2 2
left_child=-1 4 3 -3 7 -4 -6 -2
right_child=1 2 5 -5 6 -7 -8 -9
leaf_value=0.072694063291593308 0.029048085125842775 -0.018014066492493395 0.029321526003849102 0.074977062828253366 -0.031592899451391585 -0.063224817520280543 0.05442503766635947 -0.070314360192457584
leaf_weight=3.4441402405500403 4.1669357419013959 18.082844451069832 5.4431769549846676 9.2444521486759204 4.4508050382137325 21.556957870721817 20.027086615562439 6.927409365773201
leaf_count=16 20 87 24 40 19 100 92 32
internal_value=-2.44404e-05 -0.00281035 -0.0153874 0.0134436 0.0163978 -0.0445676 0.0387844 -0.0329947
internal_weight=93.3438 89.8997 54.3274 27.3273 35.5722 27.0001 24.4779 11.0943
internal_count=430 414 251 127 163 124 111 52
is_linear=0
shrinkage=0.08


Tree=27
num_leaves=12
num_cat=0
split_feature=4 8 24 31 4 5 4 9 6 24 0
split_gain=2.85509 4.8278 5.11283 5.60342 4.47976 5.80628 4.11957 5.44745 2.98245 2.65823 2.54658
threshold=-0.00034233264241769997 -0.00042873778958164995 167.55587853726368 0.27313683761217394 0.00022770265852370004 -0.00093401967704574999 -0.0010477278293146998 0.47871948635586764 0.00042521035762615008 162.66211953779069 31.532108705178583
decision_type=2 2 2 2 2 2 2 2 2 2 2
left_child=6 4 3 -3 5 -2 7 -1 -8 -10 -9
right_child=1 2 -4 -5 -6 -7 8 10 9 -11 -12
leaf_value=0.057698325587866119 0.013269803904912092 0.066315970433746554 0.056514270577594998 -0.033880991645625816 -0.0082367938105196523 0.13260020694297989 0.015397675021278577 0.006037263330692033 -0.0016194575107697676 -0.075278607749462947 -0.072714778377504175
leaf_weight=8.7122125923633593 4.710229143500329 4.1846875846385982 7.1289757043123236 24.401727482676506 5.7773171067237845 5.851548597216607 4.7744129151105907 6.1878367215394956 4.214794576168063 12.245940685272215 4.5678759217262268
leaf_count=39 20 21 36 114 26 25 22 27 20 57 23
internal_value=-3.0219e-05 0.0123809 -0.00409779 -0.0192134 0.0484013 0.0793825 -0.0159025 0.0106784 -0.0402714 -0.0564181 -0.0274082
internal_weight=92.7576 52.0545 35.7154 28.5864 16.3391 10.5618 40.7031 19.4679 21.2351 16.4607 10.7557
internal_count=430 242 171 135 71 45 188 89 99 77 50
is_linear=0
shrinkage=0.08


Tree=28
num_leaves=6
num_cat=0
split_feature=26 2 2 23 26
split_gain=2.6144 2.8185 3.34616 4.82379 3.37185
threshold=0.37841533555552914 0.0013969673640278001 0.0034208407979758005 303.21186046792189 0.51426926847223686
decision_type=2 2 2 2 2
left_child=-1 -2 3 -3 -4
right_child=1 2 4 -5 -6
leaf_value=0.064155705477448879 0.068352179838950061 -0.040958061465123444 0.051998575214645876 0.014187805102569357 -0.0020713522400786499
leaf_weight=3.88934302330017 3.4185266345739356 28.101747810840607 9.6838044673204404 15.89322319626808 31.045326292514801
leaf_count=19 16 137 45 73 140
internal_value=-3.3441e-05 -0.00286582 -0.00573939 -0.0210366 0.0107844
internal_weight=92.032 88.1426 84.7241 43.995 40.7291
internal_count=430 411 395 210 185
is_linear=0
shrinkage=0.08


Tree=29
num_leaves=5
num_cat=0
split_feature=11 6 6 6
split_gain=2.68178 3.47024 4.66213 4.43794
threshold=-2.2878969804058893 0.0011516435418283003 0.00088287797371620013 0.00075287381212430003
decision_type=2 2 2 2
left_child=-1 2 3 -2
right_child=1 -3 -4 -5
leaf_value=0.071222590894265969 0.0026489884530923524 -0.054957171178866407 0.060621552110487489 -0.061261046233787461
leaf_weight=3.2600867003202429 65.257017634809017 7.4375750124454489 7.8762459009885779 7.7831996977329245
leaf_count=16 307 33 35 39
internal_value=-3.30504e-05 -0.00266224 0.00214454 -0.00416129
internal_weight=91.6141 88.354 80.9165 73.0402
internal_count=430 414 381 346
is_linear=0
shrinkage=0.08


Tree=30
num_leaves=11
num_cat=0
split_feature=4 19 0 26 24 31 31 3 24 4
split_gain=2.39774 4.20851 4.66934 5.34712 4.54187 3.83661 6.14667 2.88629 2.58903 4.41432
threshold=-0.00034233264241769997 -0.69333278957800282 60.082096143034533 0.53789313789553805 165.66400225208056 0.82168197182944047 0.76659398740412221 0.0008421575292616001 162.27221949309663 1.0000000180025095e-35
decision_type=2 2 2 2 2 2 2 2 2 2
left_child=5 8 4 -4 -3 6 7 -1 -2 -10
right_child=1 2 3 -5 -6 -7 -8 -9 9 -11
leaf_value=-0.046198383083251152 0.097442521567033064 -0.056627599795385057 0.10798005624425383 0.0001212194555216546 0.015510927558339112 -0.065283135353938343 0.071864851318461945 0.0066241752874264806 0.077151467931866877 -0.027553186380453069
leaf_weight=12.824606969952585 4.5641170442104331 12.919776901602747 4.2669919952750197 9.4705823585391027 9.8399127274751645 7.7424381077289572 5.8195217549800864 13.684706479310988 5.1807037442922574 5.1274990886449814
leaf_count=61 21 60 23 47 46 38 28 61 22 23
internal_value=-3.27039e-05 0.0114088 -0.00320823 0.033623 -0.0254393 -0.0147003 -0.00258615 -0.0189302 0.0472797 0.0250694
internal_weight=91.4409 51.3696 36.4973 13.7376 22.7597 40.0713 32.3288 26.5093 14.8723 10.3082
internal_count=430 242 176 70 106 188 150 122 66 45
is_linear=0
shrinkage=0.08


Tree=31
num_leaves=7
num_cat=0
split_feature=26 17 17 23 17 11
split_gain=2.28247 2.54854 4.84521 5.78757 4.40342 4.46917
threshold=0.37841533555552914 -0.00033828776326664997 -0.00025555789217604995 296.27709068726159 -0.0004899141884096499 0.10056884273759902
decision_type=2 2 2 2 2 2
left_child=-1 4 -3 -4 5 -2
right_child=1 2 3 -5 -6 -7
leaf_value=0.060785882552946882 -0.023873847094742384 0.074200758940668826 0.095788854646227758 -0.0085512734283925348 -0.078259660290770278 0.056599436271650205
leaf_weight=3.7846116945147505 19.117204993963249 6.2176156491041175 3.6772101521491996 45.510876730084419 6.72243608534336 5.7437717318534842
leaf_count=19 91 28 17 219 32 24
internal_value=-3.23881e-05 -0.00267839 0.00766007 -0.000750999 -0.0208148 -0.00528165
internal_weight=90.7737 86.9891 55.4057 49.1881 31.5834 24.861
internal_count=430 411 264 236 147 115
is_linear=0
shrinkage=0.08


Tree=32
num_leaves=10
num_cat=0
split_feature=23 31 2 26 12 23 31 16 4
split_gain=2.38025 3.62158 2.77389 3.25382 4.28084 2.51857 3.72325 2.65358 2.01146
threshold=305.81479200783593 0.4963190454492456 0.0032072212475972505 0.51426926847223686 1.7296347971377803 301.3313751682179 0.49251899841059016 -0.00065040758622884984 0.00048533229578745003
decision_type=2 2 2 2 2 2 2 2 2
left_child=2 -2 5 8 -5 7 -7 -1 -4
right_child=1 -3 3 4 -6 6 -8 -9 -10
leaf_value=-0.022473215592387717 0.074078256870558676 -0.0074782022121346204 0.018048813352834522 -0.052619504401628082 0.012546214215482946 0.041704539342326472 -0.034207884595284545 -0.09314305013806326 0.082019465546126422
leaf_weight=9.4942482560873014 6.4876332283020002 7.5282888561487198 9.8738288432359678 9.360746882855894 20.759778648614883 7.0758144110441235 9.9491850435733777 5.2981065511703518 4.616639867424964
leaf_count=49 32 34 45 42 95 32 49 27 25
internal_value=-3.35742e-05 0.0302723 -0.00559126 0.00727991 -0.00770575 -0.0236379 -0.00265768 -0.0477847 0.0384298
internal_weight=90.4443 14.0159 76.4283 44.611 30.1205 31.8174 17.025 14.7924 14.4905
internal_count=430 66 364 207 137 157 81 76 70
is_linear=0
shrinkage=0.08


Tree=33
num_leaves=6
num_cat=0
split_feature=19 2 4 11 8
split_gain=2.67739 3.48789 3.2879 5.07765 4.61835
threshold=-3.198328945942523 0.0014248166867914503 -0.00034233264241769997 -0.13434369643257157 -0.00038684830839549991
decision_type=2 2 2 2 2
left_child=-1 -2 3 -3 -4
right_child=1 2 4 -5 -6
leaf_value=0.079551866865454249 0.073438633116659977 -0.049034549866252199 0.041227475073316006 0.012747207127259168 -0.010603543046092481
leaf_weight=2.626286268234252 3.7128534168004981 21.249905824661255 17.081057384610176 14.205032423138617 30.916704520583153
leaf_count=12 18 106 76 64 154
internal_value=-3.26306e-05 -0.0024305 -0.00580596 -0.0242817 0.00784166
internal_weight=89.7918 87.1656 83.4527 35.4549 47.9978
internal_count=430 418 400 170 230
is_linear=0
shrinkage=0.08


Tree=34
num_leaves=6
num_cat=0
split_feature=23 31 11 19 30
split_gain=2.16209 3.14449 2.58126 4.2138 3.15575
threshold=305.81479200783593 0.4963190454492456 -2.2878969804058893 1.7493094531911439 0.0025988666492235001
decision_type=2 2 2 2 2
left_child=2 -2 -1 4 -4
right_child=1 -3 3 -5 -6
leaf_value=0.06582976489126996 0.07037366164650348 -0.0062067997610749858 -0.067202159282139545 0.069816715411854857 -0.0077008449718482851
leaf_weight=3.1261906325817099 6.3626092746853811 7.4491769075393677 6.2812823355197898 4.1544003933668128 62.142189100384712
leaf_count=16 32 34 32 23 293
internal_value=-3.68153e-05 0.0290712 -0.0053474 -0.00841326 -0.0131631
internal_weight=89.5158 13.8118 75.7041 72.5779 68.4235
internal_count=430 66 364 348 325
is_linear=0
shrinkage=0.08


Tree=35
num_leaves=5
num_cat=0
split_feature=2 6 0 6
split_gain=2.03884 2.21855 2.52964 3.23763
threshold=0.0014248166867914503 0.00032331248517765003 21.077458367813524 0.0010891971215083501
decision_type=2 2 2 2
left_child=-1 -2 -3 -4
right_child=1 2 3 -5
leaf_value=0.056382775265867532 -0.066165620309371842 0.054134098158919501 0.002130827499406815 -0.050384340920959704
leaf_weight=3.9195217937231055 3.3776869177818289 5.1741044521331778 68.104286678135395 8.4450886100530607
leaf_count=19 17 24 332 38
internal_value=-3.1223e-05 -0.00262949 -3.50277e-06 -0.00366276
internal_weight=89.0207 85.1012 81.7235 76.5494
internal_count=430 411 394 370
is_linear=0
shrinkage=0.08


Tree=36
num_leaves=6
num_cat=0
split_feature=17 15 2 2 17
split_gain=1.96891 3.02574 2.46592 5.02254 3.09294
threshold=0.00084639757286470005 0.00098572375347475024 0.0034208407979758005 0.0028201058901276502 -0.00033828776326664997
decision_type=2 2 2 2 2
left_child=1 2 3 -1 -4
right_child=-2 -3 4 -5 -6
leaf_value=0.0083495729872252525 0.042449415264914137 -0.06587732924442205 -0.005949649163489043 -0.048104622491403355 0.04224284150128766
leaf_weight=27.646224655210972 6.4749331027269355 4.6744816303253165 18.340594366192818 15.878581821918486 15.922153539955614
leaf_count=134 36 23 83 80 74
internal_value=-2.93168e-05 -0.00336475 0.000391809 -0.0122459 0.0164458
internal_weight=88.937 82.462 77.7876 43.5248 34.2627
internal_count=430 394 371 214 157
is_linear=0
shrinkage=0.08


Tree=37
num_leaves=6
num_cat=0
split_feature=23 31 16 4 2
split_gain=1.81184 2.72793 2.47401 2.79281 2.5959
threshold=305.81479200783593 0.4963190454492456 -0.0051787196479573987 -0.0022596895642426496 0.0032072212475972505
decision_type=2 2 2 2 2
left_child=2 -2 -1 -4 -5
right_child=1 -3 3 4 -6
leaf_value=0.061873484157219931 0.065945653888385442 -0.0059573380649716691 -0.070623318772644231 -0.021112619509161518 0.010409461637072331
leaf_weight=3.3903104811906806 6.205846816301344 7.4079170376062393 4.2933814972639075 30.935036562383175 36.386715307831764
leaf_count=16 32 34 21 156 171
internal_value=-3.02294e-05 0.0268197 -0.00490359 -0.00806487 -0.00407526
internal_weight=88.6192 13.6138 75.0054 71.6151 67.3218
internal_count=430 66 364 348 327
is_linear=0
shrinkage=0.08


Tree=38
num_leaves=8
num_cat=0
split_feature=26 30 23 16 7 11 16
split_gain=1.81533 3.44736 2.01581 2.81239 2.45932 6.96182 3.14778
threshold=0.41549425228379328 0.0026234473280783003 305.81479200783593 0.00026334221641120006 -0.79944698925758961 0.12975765272895509 0.00055175306716840017
decision_type=2 2 2 2 2 2 2
left_child=1 -1 4 -4 5 -2 -6
right_child=2 -3 3 -5 6 -7 -8
leaf_value=-0.014272266495057919 -0.028649013210329373 0.081573371736357508 0.056079189164759041 -0.022088385563351031 -0.0091071041626838052 0.10313928902370702 -0.066597166725448242
leaf_weight=4.8908976018428785 6.2134725004434568 4.7190330624580383 7.5511744916439039 4.8300444334745407 48.627019971609116 4.3693380057811737 6.9688980579376212
leaf_count=23 32 26 35 25 234 20 35
internal_value=-2.72263e-05 0.0327935 -0.00404206 0.0255852 -0.00958495 0.0257626 -0.0163134
internal_weight=88.1699 9.60993 78.5599 12.3812 66.1787 10.5828 55.5959
internal_count=430 49 381 60 321 52 269
is_linear=0
shrinkage=0.08


Tree=39
num_leaves=8
num_cat=0
split_feature=31 25 17 4 3 9 2
split_gain=1.75167 3.18276 3.20082 3.09004 2.71054 3.61332 3.5936
threshold=0.26371355156816451 0.049999999999999954 0.00027083563152895004 -9.1249136248627283e-05 0.0011987449802959502 0.48257190452165449 0.0025265212246807505
decision_type=2 2 2 2 2 2 2
left_child=-1 4 3 -3 6 -6 -2
right_child=1 2 -4 -5 5 -7 -8
leaf_value=0.039364430158569344 0.030892976346021752 -0.034784383423805264 -0.090028336709048112 0.033913500109565495 0.094353542202121263 -0.0054285668958483661 -0.015952509799016922
leaf_weight=6.6772050336003295 15.563645638525484 13.86027200520039 4.3154704421758643 6.0063376873731622 4.8480915948748571 4.4587396532297134 32.08749820291996
leaf_count=37 75 67 22 28 25 19 157
internal_value=-2.20239e-05 -0.00326323 -0.0275799 -0.0140147 0.00706067 0.0465497 -0.000652005
internal_weight=87.8173 81.1401 24.1821 19.8666 56.958 9.30683 47.6511
internal_count=430 393 117 95 276 44 232
is_linear=0
shrinkage=0.08


Tree=40
num_leaves=5
num_cat=0
split_feature=11 17 6 6
split_gain=1.78376 2.644 5.16518 3.29254
threshold=-2.2878969804058893 0.00084639757286470005 0.0011516435418283003 0.00088287797371620013
decision_type=2 2 2 2
left_child=-1 2 3 -2
right_child=1 -3 -4 -5
leaf_value=0.061320272417311465 -0.0065119817540804639 0.049504579774778915 -0.088271288594552286 0.049979867289481533
leaf_weight=2.9323337227106085 66.596544347703457 5.8990180417895308 4.601058602333068 7.3297033309936515
leaf_count=16 326 34 21 33
internal_value=-1.87656e-05 -0.00214922 -0.00602949 -0.000910879
internal_weight=87.3587 84.4263 78.5273 73.9262
internal_count=430 414 380 359
is_linear=0
shrinkage=0.08


Tree=41
num_leaves=7
num_cat=0
split_feature=5 15 2 2 17 26
split_gain=1.6848 2.9227 2.13794 3.33487 3.20588 1.95041
threshold=0.0017655234657072501 0.00098572375347475024 0.0034208407979758005 0.0027486273142982502 -0.00033828776326664997 0.58548388973274312
decision_type=2 2 2 2 2 2
left_child=1 2 3 -1 -4 -2
right_child=5 -3 4 -5 -6 -7
leaf_value=0.0064495244405271025 0.084514833160348732 -0.058344826061678845 -0.005939542817639836 -0.040094398477157844 0.045020664724170177 0.00031100910513504206
leaf_weight=26.359950244426727 3.1318121477961531 5.7398605719208708 17.965254738926888 15.732176817953585 14.102691538631914 4.0207924544811249
leaf_count=129 19 29 83 82 65 23
internal_value=-1.73683e-05 -0.00334727 0.00090944 -0.0109465 0.0164715 0.0371802
internal_weight=87.0525 79.8999 74.1601 42.0921 32.0679 7.1526
internal_count=430 388 359 211 148 42
is_linear=0
shrinkage=0.08


Tree=42
num_leaves=10
num_cat=0
split_feature=26 19 0 31 26 15 13 23 31
split_gain=1.6891 4.62425 7.53127 3.67667 3.11043 4.15188 4.29563 4.11493 3.57203
threshold=0.51551657409467833 0.97564100715980906 48.093630864586039 0.73907611247982896 0.56092538980963702 -0.00056076319868149989 0.13520980786642867 295.7949273855283 0.56141430473032672
decision_type=2 2 2 2 2 2 2 2 2
left_child=1 2 3 -1 8 7 -7 -6 -2
right_child=4 -3 -4 -5 5 6 -8 -9 -10
leaf_value=0.054192539721627631 0.0032664975331658116 0.087207964299405027 -0.062629312130602896 -0.02978935715345854 -0.030388677666503289 -0.058820692676376768 0.0049424242929268789 0.064981617286310814 -0.086943744017305813
leaf_weight=12.434336900711068 5.1827209293842298 4.8149215355515471 7.9616752862930289 4.5597163438796988 4.0759837403893462 9.8152159079909342 21.736766681075096 9.9970329105854017 6.1340837255120277
leaf_count=59 23 30 39 23 20 50 107 45 34
internal_value=-1.44638e-05 0.0154274 0.00157812 0.0316591 -0.00808785 0.0012242 -0.0148931 0.0373594 -0.0456304
internal_weight=86.7125 29.7707 24.9557 16.9941 56.9418 45.625 31.552 14.073 11.3168
internal_count=430 151 121 82 279 222 157 65 57
is_linear=0
shrinkage=0.08


Tree=43
num_leaves=8
num_cat=0
split_feature=26 30 0 0 11 18 31
split_gain=1.44898 2.85237 1.68215 4.52393 5.17104 4.04975 4.0967
threshold=0.41549425228379328 0.0026234473280783003 61.111338525305463 57.310623020300959 0.43886302435833052 7.3736748265143694e-05 0.32832703724588291
decision_type=2 2 2 2 2 2 2
left_child=1 -1 3 4 -2 -4 -7
right_child=2 -3 5 -5 -6 6 -8
leaf_value=-0.012452467035040521 -0.012662597738180683 0.076577299231834678 0.088303370533956441 -0.085122896808769166 0.053418248350371601 0.05578315750075731 -0.059526363330380257
leaf_weight=4.8388659209012967 51.22389517724514 4.3949441090226173 4.1091446802020064 4.609359234571456 8.8949733525514585 3.4904686808586103 4.5324394553899765
leaf_count=23 253 26 20 23 40 21 24
internal_value=-2.06461e-05 0.0299223 -0.00361792 -0.00874171 -0.00288551 0.0237191 -0.00935948
internal_weight=86.0941 9.23381 76.8603 64.7282 60.1189 12.1321 8.02291
internal_count=430 49 381 316 293 65 45
is_linear=0
shrinkage=0.08


Tree=44
num_leaves=9
num_cat=0
split_feature=18 18 18 14 3 31 6 15
split_gain=1.44718 4.91058 3.5258 3.26851 5.40837 2.95166 2.7827 2.44289
threshold=-0.00013307621488219999 -9.0079973465075899e-05 -0.00018456498111844998 0.00021647631784010003 0.0011194840646787001 0.76838831937944863 0.0006576098367764002 -0.00054564749726409981
decision_type=2 2 2 2 2 2 2 2
left_child=2 7 3 4 -1 6 -3 -2
right_child=1 5 -4 -5 -6 -7 -8 -9
leaf_value=-0.085411906374298865 -0.0076430579504160132 0.0079085582344412177 0.065065108503760655 0.047895759730101045 0.023830269410912732 0.04969161253792783 -0.037113013545692221 -0.089018738900056404
leaf_weight=5.4018465429544502 3.8264918550848961 31.896734163165092 6.8693482875823966 5.5345125198364249 6.2636352330446243 7.5355082973837844 12.126706525683401 6.1646442189812642
leaf_count=25 20 165 30 27 29 39 64 31
internal_value=-1.69139e-05 -0.00652095 0.0166152 -0.00273478 -0.0267557 0.00342618 -0.00449309 -0.0578528
internal_weight=85.6194 61.5501 24.0693 17.2 11.6655 51.5589 44.0234 9.99114
internal_count=430 319 111 81 54 268 229 51
is_linear=0
shrinkage=0.08


Tree=45
num_leaves=9
num_cat=0
split_feature=26 19 0 24 26 12 12 31
split_gain=1.40665 3.88852 6.46372 3.51005 2.78653 3.87653 14.0057 3.12345
threshold=0.51551657409467833 0.97564100715980906 48.093630864586039 164.27025887225662 0.56092538980963702 0.073648541160385703 0.74411210278567241 0.56141430473032672
decision_type=2 2 2 2 2 2 2 2
left_child=1 2 3 -1 7 -6 -7 -2
right_child=4 -3 -4 -5 5 6 -8 -9
leaf_value=0.0056229714525030932 0.0021397958441934373 0.082152347416636462 -0.05820588710277904 0.085284395447319583 0.054735557790590736 -0.11389065852809496 0.013680208012434367 -0.083087682894246589
leaf_weight=11.709675893187532 5.1486496329307538 4.551450587809085 7.8592237234115592 5.0738045275211325 7.3063506484031668 6.6938169077038756 31.086703583598137 5.9122415408492088
leaf_count=58 23 30 39 24 36 35 151 34
internal_value=-2.77949e-05 0.0142158 0.0016681 0.0297054 -0.00743379 0.00139346 -0.00892234 -0.0434158
internal_weight=85.3419 29.1942 24.6427 16.7835 56.1478 45.0869 37.7805 11.0609
internal_count=430 151 121 82 279 222 186 57
is_linear=0
shrinkage=0.08


Tree=46
num_leaves=8
num_cat=0
split_feature=26 23 16 5 2 11 18
split_gain=1.37933 1.54421 2.46571 2.36975 2.3285 2.80215 2.27055
threshold=0.38262254810110236 305.81479200783593 0.00026334221641120006 -0.00041614271416214992 0.0032072212475972505 0.17063986506373618 -7.6636457860369684e-05
decision_type=2 2 2 2 2 2 2
left_child=-1 4 3 -3 6 -6 -2
right_child=1 2 -4 -5 5 -7 -8
leaf_value=0.046077428140313605 -0.074647726611437787 0.0080382125666084957 -0.022917048320338692 0.094151084947611804 -0.0064430756138626069 0.043791442730788381 -0.01438468213668888
leaf_weight=3.9558451510965815 4.8269047513604191 4.2380595058202735 4.7368109524250022 3.9528612047433844 30.120755776762962 9.30122411996126 23.396225653588772
leaf_count=22 26 20 25 20 150 43 124
internal_value=-4.33815e-05 -0.00230775 0.0230264 0.0495955 -0.00714939 0.00540926 -0.0246913
internal_weight=84.5287 80.5728 12.9277 8.19092 67.6451 39.422 28.2231
internal_count=430 408 65 40 343 193 150
is_linear=0
shrinkage=0.08


Tree=47
num_leaves=8
num_cat=0
split_feature=2 19 11 2 5 31 31
split_gain=1.34064 1.73911 3.91716 3.41025 3.20204 2.88153 2.36797
threshold=0.0014248166867914503 -0.69333278957800282 0.20539287811660653 0.0024374650469898506 -0.00012750643117999998 0.42784156132621964 0.27313683761217394
decision_type=2 2 2 2 2 2 2
left_child=-1 2 3 -2 5 -3 -6
right_child=1 4 -4 -5 6 -7 -8
leaf_value=0.046336436117696118 0.062054849589573302 -0.0022533688775875603 0.058503632990727028 -0.013489632626292861 0.048548873865543345 -0.088197358486389849 -0.011199953880323755
leaf_weight=3.8090056627988806 4.4297536313533774 4.2643075436353666 8.274718374013899 27.984580405056477 5.1511093676090267 6.0234165862202644 24.138241246342659
leaf_count=19 22 20 38 141 32 34 124
internal_value=-3.73749e-05 -0.00223803 0.00937567 -0.0031657 -0.014178 -0.0525732 -0.000691945
internal_weight=84.0751 80.2661 40.6891 32.4143 39.5771 10.2877 29.2894
internal_count=430 411 201 163 210 54 156
is_linear=0
shrinkage=0.08


Tree=48
num_leaves=10
num_cat=0
split_feature=18 18 18 14 3 16 24 16 30
split_gain=1.31991 3.93356 2.78863 2.74347 4.61506 2.68509 3.32707 3.13827 1.96551
threshold=-0.00013307621488219999 -9.0079973465075899e-05 -0.00018456498111844998 0.00021647631784010003 0.0011194840646787001 -0.00033937481659984995 165.41464219400976 0.0010017027265075001 0.0026123997796452503
decision_type=2 2 2 2 2 2 2 2 2
left_child=2 8 3 4 -1 6 -3 -7 -2
right_child=1 5 -4 -5 -6 7 -8 -9 -10
leaf_value=-0.079319836623606157 -0.013315795732521006 0.0067098167834719041 0.059473438929330213 0.045125463477526828 0.022669269876011963 -0.032810405301219932 0.080541560491437833 0.025491170630373487 -0.086379367960359221
leaf_weight=5.2022198289632851 4.2827185094356519 18.109775930643085 6.740201234817504 5.4915973395109168 6.2522335425019264 18.723253786563877 4.9804810583591452 8.6336637921631318 5.2390163391828537
leaf_count=25 23 96 30 27 29 95 26 51 28
internal_value=-4.05105e-05 -0.00635591 0.0159488 -0.00136284 -0.0236507 0.00254551 0.022635 -0.0144108 -0.0535166
internal_weight=83.6552 59.9689 23.6863 16.9461 11.4545 50.4472 23.0903 27.3569 9.52173
internal_count=430 319 111 81 54 268 122 146 51
is_linear=0
shrinkage=0.08


Tree=49
num_leaves=5
num_cat=0
split_feature=6 6 6 17
split_gain=1.30371 3.28527 3.11634 2.73396
threshold=0.0011516435418283003 0.00088287797371620013 0.00075287381212430003 -0.00062408179741919986
decision_type=2 2 2 2
left_child=1 2 3 -1
right_child=-2 -3 -4 -5
leaf_value=0.042029882829550273 -0.031220912838182381 0.051251160599391832 -0.053767974477372138 -0.0042855623674959197
leaf_weight=9.7218925505876523 7.7814361825585356 8.1166016608476621 6.849720485508441 50.667821124196053
leaf_count=48 39 39 39 265
internal_value=-4.55148e-05 0.00317373 -0.00262979 0.00317057
internal_weight=83.1375 75.356 67.2394 60.3897
internal_count=430 391 352 313
is_linear=0
shrinkage=0.08


end of trees

feature_importances:
Column_26=36
Column_2=30
Column_11=30
Column_31=25
Column_23=22
Column_4=20
Column_6=20
Column_19=17
Column_0=13
Column_17=13
Column_18=13
Column_5=12
Column_24=12
Column_3=11
Column_13=10
Column_16=10
Column_30=7
Column_9=6
Column_12=6
Column_15=6
Column_8=4
Column_1=3
Column_14=3
Column_7=1
Column_25=1

parameters:
[boosting: gbdt]
[objective: binary]
[metric: binary_logloss]
[tree_learner: serial]
[device_type: cpu]
[data_sample_strategy: bagging]
[data: ]
[valid: ]
[num_iterations: 50]
[learning_rate: 0.08]
[num_leaves: 15]
[num_threads: 1]
[seed: 42]
[deterministic: 0]
[force_col_wise: 0]
[force_row_wise: 0]
[histogram_pool_size: -1]
[max_depth: 4]
[min_data_in_leaf: 20]
[min_sum_hessian_in_leaf: 0.001]
[bagging_fraction: 0.8]
[pos_bagging_fraction: 1]
[neg_bagging_fraction: 1]
[bagging_freq: 0]
[bagging_seed: 400]
[bagging_by_query: 0]
[feature_fraction: 1]
[feature_fraction_bynode: 1]
[feature_fraction_seed: 30056]
[extra_trees: 0]
[extra_seed: 12879]
[early_stopping_round: 0]
[early_stopping_min_delta: 0]
[first_metric_only: 0]
[max_delta_step: 0]
[lambda_l1: 0]
[lambda_l2: 0]
[linear_lambda: 0]
[min_gain_to_split: 0]
[drop_rate: 0.1]
[max_drop: 50]
[skip_drop: 0.5]
[xgboost_dart_mode: 0]
[uniform_drop: 0]
[drop_seed: 17869]
[top_rate: 0.2]
[other_rate: 0.1]
[min_data_per_group: 100]
[max_cat_threshold: 32]
[cat_l2: 10]
[cat_smooth: 10]
[max_cat_to_onehot: 4]
[top_k: 20]
[monotone_constraints: ]
[monotone_constraints_method: basic]
[monotone_penalty: 0]
[feature_contri: ]
[forcedsplits_filename: ]
[refit_decay_rate: 0.9]
[cegb_tradeoff: 1]
[cegb_penalty_split: 0]
[cegb_penalty_feature_lazy: ]
[cegb_penalty_feature_coupled: ]
[path_smooth: 0]
[interaction_constraints: ]
[verbosity: -1]
[saved_feature_importance_type: 0]
[use_quantized_grad: 0]
[num_grad_quant_bins: 4]
[quant_train_renew_leaf: 0]
[stochastic_rounding: 1]
[linear_tree: 0]
[max_bin: 255]
[max_bin_by_feature: ]
[min_data_in_bin: 3]
[bin_construct_sample_cnt: 200000]
[data_random_seed: 175]
[is_enable_sparse: 1]
[enable_bundle: 1]
[use_missing: 1]
[zero_as_missing: 0]
[feature_pre_filter: 1]
[pre_partition: 0]
[two_round: 0]
[header: 0]
[label_column: ]
[weight_column: ]
[group_column: ]
[ignore_column: ]
[categorical_feature: ]
[forcedbins_filename: ]
[precise_float_parser: 0]
[parser_config_file: ]
[objective_seed: 16083]
[num_class: 1]
[is_unbalance: 0]
[scale_pos_weight: 1]
[sigmoid: 1]
[boost_from_average: 1]
[reg_sqrt: 0]
[alpha: 0.9]
[fair_c: 1]
[poisson_max_delta_step: 0.7]
[tweedie_variance_power: 1.5]
[lambdarank_truncation_level: 30]
[lambdarank_norm: 1]
[label_gain: ]
[lambdarank_position_bias_regularization: 0]
[eval_at: ]
[multi_error_top_k: 1]
[auc_mu_weights: ]
[num_machines: 1]
[local_listen_port: 12400]
[time_out: 120]
[machine_list_filename: ]
[machines: ]
[gpu_platform_id: -1]
[gpu_device_id: -1]
[gpu_use_dp: 0]
[num_gpu: 1]

end of parameters

pandas_categorical:null
