tree
version=v4
num_class=1
num_tree_per_iteration=1
label_index=0
max_feature_idx=47
objective=binary sigmoid:1
feature_names=Column_0 Column_1 Column_2 Column_3 Column_4 Column_5 Column_6 Column_7 Column_8 Column_9 Column_10 Column_11 Column_12 Column_13 Column_14 Column_15 Column_16 Column_17 Column_18 Column_19 Column_20 Column_21 Column_22 Column_23 Column_24 Column_25 Column_26 Column_27 Column_28 Column_29 Column_30 Column_31 Column_32 Column_33 Column_34 Column_35 Column_36 Column_37 Column_38 Column_39 Column_40 Column_41 Column_42 Column_43 Column_44 Column_45 Column_46 Column_47
feature_infos=[3.8429673079188651e-05:0.0033618861965398999] [0:1] [0:1] [-0.0011087565368185:0.00084745425273820003] [-0.0012917796106792:0.0013493978710558] [1.0795114131222709e-05:0.0003640997633349051] [-1:1] [-0.0012966756243768:0.000602073390237] [-0.0017915309446241:0.00095958455633270005] [-0.0016725236314422999:0.0012610103139344001] [-0.0016289297931248001:0.0020531173478983999] [0:1] [0:1] [-1:1] [-7.5497744964376921:11.559276047526348] [0.0025764140127689998:0.0026152154841348001] [-0.0013479907773019:0.0015067276619378] [-3:2.6560191325162452] [-0.85999029494132762:10] [0:0.44999999999925] [0.20000000000000001:1] none none [0:14.54361790319706] [-3.2111176457650883:3.2464656919421024] [-3.0774325743094395:3.2952371279634245] [-26.145829644557054:21.073061445590142] none [-0.19910337346345686:5.7727957028043981] [-0.23961821483702672:5.4272560544828155] [-5.393258366367597:5.0191051546137944] [0:0.90965552767634272] [0:1] [0.031021617122327108:84.828423077552671] [0.10000000000000001:0.90000000000000002] [-0.36014970164152799:0.35842415520195836] [-0.42317675974102825:0.44305030358965902] [-0.77708673241985771:0.50920590538967814] [-0.81977750609834743:0.49616672519024624] [-0.16129935780685742:0.37445276251206749] [-0.14959659302966949:0.31405037010670961] [-0.87884921830304519:0.57033668776209401] [-0.52452583811795073:0.18061378489018523] [-0.2049280966399975:0.41945417251761663] [-0.55530589791394092:0.45542118027596795] [-0.19034165049397711:0.6404017455072093] [-0.42742959776355582:0.59849534922694037] [-0.66895149725707936:0.92251440384989336]
tree_sizes=2727 2381 2402 2628 2295 2948 3595 1656 3038 2408 2741 2198 2099 1652 1983 2308 1422 3384 3823 2293 1443 3508 1878 2421 1885 3190 3934 2196 1235 3610 1780 1993 3623 2757

Tree=0
num_leaves=24
num_cat=0
split_feature=37 33 4 17 17 43 37 18 0 34 20 32 18 43 32 31 37 32 31 20 17 0 34
split_gain=33.0277 27.6415 24.9869 26.4672 49.3249 25.6331 24.3834 23.3661 20.3249 20.195 21.4622 21.4407 30.8136 17.3507 16.1777 14.9617 12.8588 12.3877 12.2635 9.82423 9.21861 6.82212 6.62036
threshold=0.35731506686585274 0.031037630869678319 1.4629464469547296e-05 -0.37208733038895664 0.053014923062924608 0.21276377319175602 0.28608873397323048 -0.16571547363279987 0.00020829337131150004 0.58897598254910777 0.25000000000000006 0.57057239089797507 4.2509883765110219 0.22926732204588293 0.19809935492131522 8.7634075734584695e-05 -0.40739521792393857 0.46065818499796418 0.00012118832802935561 0.75000000000000011 -0.069128063291783046 0.00015499601587000002 0.57744410268959367
decision_type=2 2 2 2 2 2 2 2 2 2 2 2 2 2 2 2 2 2 2 2 2 2 2
left_child=1 2 8 5 7 17 13 -5 16 10 -10 12 -11 -6 -9 -12 -1 19 -13 -4 -18 -22 -19
right_child=-2 -3 3 4 6 -7 -8 14 9 11 15 18 -14 -15 -16 -17 20 22 -20 -21 21 -23 -24
leaf_value=0.02268006143601593 -0.021202510596078309 -0.015673407466584022 -0.011773834166748209 -0.0087323631506489325 -0.0043852233611399631 0.0097012556173998125 0.014136182683161162 0.016815384831547497 0.010093534129884422 0.005535041056045689 -0.0058287192031442293 0.0072978652165608801 -0.013478131284474714 -0.021483903424274167 0.0052973056147217999 0.0041410964557996952 -0.0019375322055283884 -0.012187727875697182 0.022731902375907002 0.0014640591517125483 0.018018288620272094 0.0045481015580351334 -0.026878236178713582
leaf_weight=15.776453733444212 16.100778162479401 23.411817729473114 37.588638067245483 17.551991999149323 186.23911321163177 14.611085057258604 14.891433179378508 44.789736986160278 31.453961133956909 119.84058147668839 133.7700360417366 27.562069416046143 22.636737585067749 14.352725088596342 73.236827075481415 44.943653702735901 16.732935667037964 15.523590803146364 20.927163541316986 18.47549170255661 17.727896630764008 17.376087248325348 14.479156613349913
leaf_count=52 75 105 164 75 770 54 53 156 116 459 559 104 100 67 281 174 68 68 69 73 61 67 70
internal_value=-9.93411e-09 0.000364968 0.000777822 -0.00173614 0.000203002 -0.00851044 -0.00424937 0.00729287 0.00320515 0.00191396 -0.00128543 0.00544507 0.00248746 -0.00563501 0.00970312 -0.00330752 0.010811 -0.0116397 0.0140548 -0.0073791 0.00710041 0.0114622 -0.0194503
internal_weight=960 943.899 920.487 451.74 351.062 100.678 215.483 135.579 468.748 401.134 210.168 190.967 142.477 200.592 118.027 178.714 67.6134 86.0669 48.4892 56.0641 51.8369 35.104 30.0027
internal_count=3840 3765 3660 1831 1402 429 890 512 1829 1581 849 732 559 837 437 733 248 375 173 237 196 128 138
is_linear=0
shrinkage=1


Tree=1
num_leaves=21
num_cat=0
split_feature=37 33 4 17 17 43 40 0 43 36 43 20 31 37 28 5 32 20 8 45
split_gain=32.0571 26.8258 24.252 25.6858 47.8604 24.8811 23.7811 19.7274 16.6107 15.0059 14.7231 15.9794 24.9871 12.4796 12.2165 11.8807 10.8244 9.12555 7.05587 7.00909
threshold=0.35731506686585274 0.031037630869678319 1.4629464469547296e-05 -0.37208733038895664 0.053014923062924608 0.21276377319175602 0.059621996736822537 0.00020829337131150004 0.22926732204588293 -0.39439827344724171 0.32866074363425457 0.25000000000000006 5.0020731069634116e-05 -0.40739521792393857 0.84392754996807318 7.7963140636147095e-05 0.19809935492131522 0.50000000000000011 2.5161109731008495e-05 0.039503069285782171
decision_type=2 2 2 2 2 2 2 2 2 2 2 2 2 2 2 2 2 2 2 2
left_child=1 2 7 5 9 14 8 13 -6 -5 11 15 -13 -1 19 -9 -11 -15 -16 -4
right_child=-2 -3 3 4 6 -7 -8 10 -10 16 -12 12 -14 17 18 -17 -18 -19 -20 -21
leaf_value=0.022345934300795883 -0.020889736216599133 -0.015440740056583942 -0.0039551417600519369 -0.0035995062439669856 -0.0044256054082860256 0.009557448413002342 0.012618981399826869 0.013769914527636526 -0.021167397710641682 0.015357624126855901 0.014222040836263003 -0.010341059350616391 0.0016003094944411263 0.0003327535678952119 -0.027735462070380194 0 0.0056921162232232607 0.01301200060957354 -0.012666809786029829 -0.016498873820705928
leaf_weight=15.774425551295279 16.098968654870987 23.410380423069 41.429354339838028 23.598184913396835 183.92382425069809 14.610741376876829 17.205081820487976 35.828846797347069 14.35106886923313 43.451101690530777 20.530871108174324 45.83370304107666 276.19310460984707 24.851256012916565 12.730074599385263 22.740531355142593 68.525256961584091 26.984119474887848 18.408414080739021 13.494530469179152
leaf_count=52 75 105 171 97 761 54 62 128 67 153 73 198 1091 99 62 91 262 97 81 61
internal_value=0 0.000359632 0.000766381 -0.00171032 0.000199885 -0.00838406 -0.0041858 0.00315779 -0.0056638 0.00718393 0.00188564 0.00120891 -9.63313e-05 0.0106514 -0.0114674 0.00840565 0.0094783 0.00699501 -0.0190025 -0.00711447
internal_weight=959.974 943.875 920.464 451.728 351.055 100.673 215.48 468.737 198.275 135.575 401.127 380.596 322.027 67.6098 86.0624 58.5694 111.976 51.8354 31.1385 54.9239
internal_count=3840 3765 3660 1831 1402 429 890 1829 828 512 1581 1508 1289 248 375 219 415 196 143 232
is_linear=0
shrinkage=0.015


Tree=2
num_leaves=21
num_cat=0
split_feature=41 33 4 14 17 17 40 43 0 4 43 36 43 32 36 44 32 20 44 42
split_gain=31.5085 26.044 23.4946 29.8718 25.3589 46.1478 29.0313 24.2631 17.5496 22.1889 16.0388 14.5651 14.3866 12.1367 10.9078 10.5434 10.505 9.47585 7.53279 4.81605
threshold=0.41142191464717764 0.031037630869678319 1.4629464469547296e-05 0.28982760544209984 -0.37208733038895664 0.053014923062924608 0.062547677687145156 0.21276377319175602 0.00020334575301545003 -0.00011352808663289998 0.22926732204588293 -0.39439827344724171 -0.059254719210926662 0.46065818499796418 0.26858748436549867 -0.2669489558780741 0.19809935492131522 0.75000000000000011 0.4049955406853824 0.0049383902461585917
decision_type=2 2 2 2 2 2 2 2 2 2 2 2 2 2 2 2 2 2 2 2
left_child=1 2 3 8 7 11 10 13 15 14 -7 -6 -11 17 -10 -1 -13 -4 -17 -15
right_child=-2 -3 4 -5 5 6 -8 -9 9 12 -12 16 -14 19 -16 18 -18 -19 -20 -21
leaf_value=0.0015207691838126306 -0.020713276720618463 -0.015213352833514215 -0.011433990806613819 0.018950893472320061 -0.0035458215290128342 -0.0044109609649889475 0.015807378249983246 0.0094161946633537046 0.0069356744416010155 0.0029833396154651756 -0.020860223838458002 0.015130625755643093 -0.00491785063959579 -0.026021800633952749 -0.0037231701012784245 0.021180574261316542 0.0056070125141443527 0.0015666216203077067 0.0071870784788554045 -0.013263805659769416
leaf_weight=22.047668620944023 16.094393014907837 23.40615251660347 37.583089783787727 25.228204682469368 23.598404854536057 185.79007260501385 15.130708128213881 14.609730184078215 136.58956763148308 81.160259813070297 14.346199244260786 43.443734228610992 141.9231778383255 13.253303423523905 25.263316139578819 19.504446744918823 68.524138212203979 18.475048243999481 17.003909066319466 16.943602293729782
leaf_count=87 75 105 164 86 97 769 53 54 517 317 67 153 589 64 104 65 262 73 64 75
internal_value=0 0.000356415 0.000757211 0.00311103 -0.00168056 0.000219894 -0.00408984 -0.00830359 0.0021988 0.00102677 -0.00561605 0.00707689 -0.00203316 -0.0113421 0.00525616 0.00984288 0.00933756 -0.00711661 0.0147805 -0.0190383
internal_weight=959.919 943.825 920.419 468.721 451.698 350.833 215.267 100.865 443.492 384.936 200.136 135.566 223.083 86.255 161.853 58.556 111.968 56.0581 36.5084 30.1969
internal_count=3840 3765 3660 1829 1831 1401 889 430 1743 1527 836 512 906 376 621 216 415 237 129 139
is_linear=0
shrinkage=0.015


Tree=3
num_leaves=23
num_cat=0
split_feature=41 33 1 0 41 17 0 17 42 0 42 38 17 18 17 31 31 38 25 16 40 34
split_gain=30.5926 25.2808 20.8684 27.8961 26.0212 23.3992 40.1388 26.1739 28.9299 22.4622 21.3062 20.787 18.2337 17.9576 17.3319 15.9978 14.5303 9.96661 7.53237 7.43046 8.9918 2.95104
threshold=0.41142191464717764 0.031037630869678319 1.0000000180025095e-35 0.00020334575301545003 -0.69067278594265191 -0.34449162852520865 0.00027306729973840005 0.053014923062924608 -0.27751872497117197 0.00063811697002910011 0.028172100535649249 0.1486932151410883 0.97884575603570656 0.034863867035244307 0.20098891436793839 9.4268608632228057e-05 4.9904172504297395e-05 -0.29463909580628395 -0.89978777100434237 -3.7388780028531982e-05 0.026969601997388883 0.57157394436802633
decision_type=2 2 2 2 2 2 2 2 2 2 2 2 2 2 2 2 2 2 2 2 2 2
left_child=1 2 3 19 14 6 16 11 -9 15 -11 13 -10 -7 18 -6 -4 -8 -5 -1 -21 -19
right_child=-2 -3 5 4 9 7 17 8 12 10 -12 -13 -14 -15 -16 -17 -18 21 -20 20 -22 -23
leaf_value=0.0040060922353485351 -0.02041468643802204 -0.01499102104517565 -0.0057706619103738265 0.0090853347988234141 -0.0031929068945835697 -0.0040346632405982123 -0.0098402902000045978 -0.026923895603426985 0.00010949288625048363 0.0092583306408963329 -0.0097112962013007741 -0.0059488365956493275 -0.012456465294484883 0.012996569738145683 -0.0019438082270360267 0.0074900736662094555 0.014309863471080814 -0.017836513012156458 0.022159267788282432 0.022461616739400499 0.0076534606495202049 -0.029061766255387356
leaf_weight=16.316398367285728 16.087091863155365 23.399260431528091 16.242510467767719 20.209555193781853 263.0105298012495 17.220629245042801 22.70716992020607 10.689262688159941 174.28099639713764 84.858045130968094 15.560445219278334 25.102262258529663 30.314036473631859 67.671275362372398 16.725234717130661 35.593399047851562 15.73921726644039 13.371460050344469 21.775199308991432 22.744691804051399 16.799177303910255 13.417058557271956
leaf_count=63 75 105 68 75 1078 71 98 52 697 315 67 105 133 243 68 134 56 61 72 75 63 66
internal_value=0 0.000351139 0.000746027 0.00275749 0.00152868 -0.00178831 -0.00896883 6.69049e-06 -0.00302742 0.000149528 0.0062864 0.00596162 -0.00174913 0.00951424 0.0108396 -0.00190885 0.00406224 -0.017421 0.0159742 0.0127555 0.0162801 -0.0236727
internal_weight=959.835 943.748 920.349 513.593 457.732 406.756 81.4774 325.278 215.284 399.022 100.418 109.994 204.595 84.8919 58.71 298.604 31.9817 49.4957 41.9848 55.8603 39.5439 26.7885
internal_count=3840 3765 3660 2010 1809 1650 349 1301 882 1594 382 419 830 314 215 1212 124 225 147 201 138 127
is_linear=0
shrinkage=0.015


Tree=4
num_leaves=20
num_cat=0
split_feature=41 33 4 14 17 17 40 45 0 4 23 34 36 32 36 32 0 44 34
split_gain=29.7087 24.5417 22.5995 28.6722 24.229 43.8861 28.1576 22.6664 16.7919 19.9341 15.5427 15.0683 13.827 11.8804 10.4421 10.1806 9.62649 9.4451 6.1071
threshold=0.41142191464717764 0.031037630869678319 1.4629464469547296e-05 0.28982760544209984 -0.37208733038895664 0.053014923062924608 0.062547677687145156 0.18750388741454474 0.00019545318823970001 -0.00011352808663289998 0.11957500600914996 0.58897598254910777 -0.39439827344724171 0.46065818499796418 0.26858748436549867 0.19809935492131522 0.00041494767341480003 -0.2669489558780741 0.57744410268959367
decision_type=2 2 2 2 2 2 2 2 2 2 2 2 2 2 2 2 2 2 2
left_child=1 2 3 8 7 12 10 13 17 14 -7 -11 -6 16 -10 -14 -4 -1 -15
right_child=-2 -3 4 -5 5 6 -8 -9 9 11 -12 -13 15 18 -16 -17 -18 -19 -20
leaf_value=0.001712623397801781 -0.020124482454424459 -0.014773551838996892 -0.0016230841068618927 0.018565510770848559 -0.0034592004812725478 -0.017606948608051821 0.015594872090725033 0.0093621369103266752 0.0067780935095216781 -0.0051832166049827731 -0.0040374484295067348 0.002502360415252335 0.014796887031135365 -0.011719212927001076 -0.0036497886530357064 0.0054199796152037769 -0.014283086726469107 0.015286555076651241 -0.025805912942538301
leaf_weight=18.797873124480247 16.076527938246727 23.389824837446213 33.45669524371624 25.217794388532639 23.59744867682457 21.296372085809708 15.128528982400892 14.078915715217589 136.57799501717091 127.37683138251305 178.81695100665092 103.81527402997017 43.421948477625847 15.717317268252375 25.262981578707695 68.515231341123581 23.119752466678619 31.62629859149456 14.457392975687979
leaf_count=74 75 105 136 86 97 97 53 52 517 530 739 407 153 69 104 262 103 111 70
internal_value=0 0.000345715 0.000734775 0.00304342 -0.00165635 0.000201147 -0.00400158 -0.00813138 0.00214968 0.00109596 -0.00550488 -0.00172295 0.00688911 -0.0110076 0.00513456 0.00909242 -0.0068603 0.0102908 -0.0186369
internal_weight=959.748 943.671 920.282 468.675 451.607 350.776 215.242 100.83 443.457 393.033 200.113 231.192 135.535 86.7512 161.841 111.937 56.5764 50.4242 30.1747
internal_count=3840 3765 3660 1829 1831 1401 889 430 1743 1558 836 937 512 378 621 415 239 185 139
is_linear=0
shrinkage=0.015


Tree=5
num_leaves=26
num_cat=0
split_feature=37 1 19 0 17 0 17 41 37 41 34 32 5 0 45 15 17 15 32 4 3 34 17 40 18
split_gain=29.0228 20.8578 48.2556 28.6595 27.4497 38.2309 24.9763 20.6903 20.2736 22.2215 19.3959 25.859 26.7508 19.2657 16.3662 11.4251 11.125 10.9061 11.1174 10.7801 10.5337 10.125 8.57667 7.87226 5.05151
threshold=0.35731506686585274 1.0000000180025095e-35 1.0000000180025095e-35 0.00020334575301545003 -0.34449162852520865 0.00027306729973840005 0.97884575603570656 -0.69067278594265191 -0.023632439152391761 0.0812309241532536 0.49997166671516241 0.61419938378681171 0.0001684835353472392 0.00083613593726745018 0.057759300642926038 0.0025821618498096505 -0.28708039114073802 0.0025830414098003507 0.47741161921131542 -3.8335834549953616e-05 -1.7633682064983942e-05 0.56417312519633078 -0.056295576130032193 0.026969601997388883 1.1887763895426804
decision_type=2 2 2 2 2 2 2 2 2 2 2 2 2 2 2 2 2 2 2 2 2 2 2 2 2
left_child=1 3 -3 19 5 15 8 13 14 -10 17 12 -12 22 -6 -4 -13 18 -9 -1 -7 -8 -5 -21 -22
right_child=-2 2 4 7 6 20 21 10 9 -11 11 16 -14 -15 -16 -17 -18 -19 -20 23 24 -23 -24 -25 -26
leaf_value=0.0019221706166247035 -0.019898952473382071 -0.024181132988335741 -0.0056970416216918993 0.019760894550368856 -0.009145047998360056 -0.0074619915705842798 -0.021063132729368484 -0.00037175066975482258 0.017274401462033157 0.0031701014055840649 0.0013268739354634559 0.017891548133810709 -0.018626938264704559 -0.0038635299107060051 0.0020671596438590943 0.012166580899355899 0.0039556420100370629 -0.015719028274200724 -0.011366911666023395 0.022550162237280402 -0.014789940256535803 -0.0035752925600572132 0.0060214987774497583 0.0087023850847497437 -0.027707634610702463
leaf_weight=16.069822326302528 16.06367364525795 21.118459731340408 14.573738217353823 26.96007464826107 46.192186996340752 17.665994077920914 14.145540982484819 83.682988822460175 31.474783271551132 126.2657695710659 210.90021216869354 28.504907160997391 16.132167160511017 17.939590618014336 78.957430869340897 17.401553884148598 24.51958654820919 18.041142776608467 27.547415316104889 22.527604475617409 13.802198782563211 16.487930908799171 17.607351511716843 17.238219261169434 17.795095264911652
leaf_count=63 75 101 61 91 198 75 66 336 109 492 835 98 74 74 311 63 95 81 120 74 62 68 67 64 87
internal_value=0 0.000341464 -0.00216742 0.00232314 -0.000975327 -0.00874018 0.0010327 0.00111354 0.00243438 0.00601239 -0.000109728 0.00210296 -9.24363e-05 0.00914112 -0.00205925 0.00396605 0.011519 -0.00491762 -0.00312666 0.0124743 -0.0170199 -0.011787 0.0144216 0.0166589 -0.0222324
internal_weight=959.615 943.552 415.881 527.671 394.762 81.2386 313.524 471.835 282.89 157.741 409.328 280.057 227.032 62.507 125.15 31.9753 53.0245 129.272 111.23 55.8356 49.2633 30.6335 44.5674 39.7658 31.5973
internal_count=3840 3765 1693 2072 1592 348 1244 1871 1110 601 1639 1102 909 232 509 124 193 537 456 201 224 134 158 138 149
is_linear=0
shrinkage=0.015


Tree=6
num_leaves=32
num_cat=0
split_feature=1 0 46 44 18 17 42 17 0 31 0 47 17 31 32 5 31 0 13 18 32 3 32 32 5 39 17 8 35 29 42
split_gain=27.3144 27.8304 23.1127 22.6414 29.3556 21.1644 20.7892 20.4148 26.1322 37.7644 18.9997 17.4746 20.6837 16.9505 25.8565 23.5362 16.4901 15.6808 14.7455 14.1547 14.0118 11.8897 10.6062 10.5093 10.4738 8.14756 7.83795 6.82349 4.85358 3.52425 3.2422
threshold=1.0000000180025095e-35 0.00020334575301545003 -0.37759440023475799 0.2107603777749317 2.1029252614927323 -0.3816555040563766 -0.2661421133093354 0.45374955099042286 0.00025975686220745001 4.1060943907796566e-05 0.00083613593726745018 0.65496316598331938 -0.080656780760680294 4.2666560517170663e-05 0.61419938378681171 0.0001684835353472392 0.00011992348322162502 0.00055443029671430012 1.0000000180025095e-35 0.034863867035244307 0.27420217405459918 6.5250612929839831e-05 0.57057239089797507 0.42485179358554953 5.6917519503620011e-05 0.16923625975995268 -0.056295576130032193 -6.914781645605422e-05 -0.16077895312261772 1.1067602628297766 -0.0033772438461702301
decision_type=2 2 2 2 2 2 2 2 2 2 2 2 2 2 2 2 2 2 2 2 2 2 2 2 2 2 2 2 2 2 2
left_child=1 24 -2 4 5 -4 10 8 9 -5 26 13 25 -8 15 -15 -16 28 29 -20 -6 27 -22 -23 30 -13 -3 -10 -9 -7 -1
right_child=2 6 3 7 20 18 11 17 21 -11 -12 12 -14 14 16 -17 -18 -19 19 -21 22 23 -24 -25 -26 -27 -28 -29 -30 -31 -32
leaf_value=0.020737814983582816 -0.02220672438002648 0.019475152040294111 -0.0089379755722729468 -0.017496779367182119 -0.018520053544805268 0.0092310230947725679 -0.012790648475482183 0.00087188154262606802 -0.01103143587685399 0.011300795026065586 -0.0038060558651269714 -0.022648872787470461 0.0034546066360175722 0.0011170864953513383 0.0052562679422969117 -0.016493107419381033 0.022478625059897374 0.012193306927197993 -0.0080234534926944198 0.0058994590819071166 0.0028967500017217126 0.0011342281909468488 -0.013132739856878782 -0.01473289150320114 0.002473140528764268 -0.0073751334376951248 0.0063842788931774315 -0.022305803460984718 -0.011227715258748926 0.019374715656667676 0.011329734968129489
leaf_weight=21.304008051753044 13.253121703863142 26.947591602802277 24.147457107901573 16.250349968671799 19.626927569508553 16.188407883048058 18.609429180622101 15.102041035890581 21.118943750858307 27.136190846562386 17.939597919583321 17.196177810430527 21.022460103034973 261.00930282473564 38.353853926062584 18.120343580842018 18.882391542196274 20.36440010368824 19.536494597792625 96.567329913377762 25.004884257912636 18.137830525636673 14.456566616892813 18.760383054614067 17.438939914107323 15.793976277112959 17.930171594023705 33.953553959727287 13.973180487751959 18.286426946520805 17.073685422539711
leaf_count=71 63 91 104 74 90 60 82 60 92 99 74 81 82 1035 147 82 62 74 83 368 98 72 64 84 68 67 68 160 61 62 62
internal_value=0 0.00228878 -0.00279752 -0.00216992 0.000923218 0.00402272 0.00109683 -0.00609326 -0.00910685 0.000439914 0.00912073 -0.000132967 -0.00807416 0.00107192 0.00185091 -2.63077e-05 0.0110211 0.00211466 0.0061229 0.00353 -0.00819108 -0.0136283 -0.00294629 -0.00689944 0.0122939 -0.015471 0.0143336 -0.0180648 -0.00489382 0.0147371 0.0166711
internal_weight=959.486 527.622 431.864 418.611 233.814 174.726 471.805 184.797 135.357 43.3865 62.8174 408.988 54.0126 354.975 336.366 279.13 57.2362 49.4396 150.579 116.104 59.0884 91.9707 39.4615 36.8982 55.8166 32.9902 44.8778 55.0725 29.0752 34.4748 38.3777
internal_count=3840 2072 1768 1705 929 677 1871 776 581 173 233 1638 230 1408 1326 1117 209 195 573 451 252 408 162 156 201 148 159 252 121 122 133
is_linear=0
shrinkage=0.015


Tree=7
num_leaves=14
num_cat=0
split_feature=41 33 4 14 41 0 0 4 15 34 39 36 43
split_gain=27.5077 22.9925 21.4226 27.4571 23.2375 17.4367 15.6698 19.0946 15.6329 14.4678 13.5383 9.85409 9.06755
threshold=0.41142191464717764 0.031037630869678319 1.4629464469547296e-05 0.28982760544209984 0.37894322103273331 0.00015018915129510002 0.00019545318823970001 -0.00011352808663289998 0.0025821256848014003 0.58897598254910777 -0.10143340410983513 0.26858748436549867 -0.051143950761030017
decision_type=2 2 2 2 2 2 2 2 2 2 2 2 2
left_child=1 2 3 6 5 -4 12 11 -7 -9 -10 -8 -1
right_child=-2 -3 4 -5 -6 8 7 9 10 -11 -12 -13 -14
leaf_value=0.0015452750430108846 -0.01939308374162383 -0.014312271257937657 -0.017910674354200122 0.018154473236642224 0.016807599919215384 0.010955771375508971 0.0066144831928166056 -0.0050857143593081872 -0.0121983390592789 0.0024454327309540755 -0.0015556847552096889 -0.0035147791306564995 0.014848633126029584
leaf_weight=18.793862655758858 16.0304014980793 23.358217492699623 15.314858078956602 25.191304728388786 14.713300675153731 20.759435296058655 136.53704161942005 127.36036032438278 28.956450805068016 103.80216671526432 371.6669479906559 25.258960783481598 31.589489728212357
leaf_count=74 75 105 70 86 51 76 517 530 127 407 1507 104 111
internal_value=0 0.000331894 0.000708441 0.00295648 -0.00162009 -0.00225167 0.00208199 0.00106404 -0.00167105 -0.00169478 -0.00233481 0.00501746 0.00995009
internal_weight=959.333 943.302 919.944 468.533 451.411 436.698 443.342 392.959 421.383 231.163 400.623 161.796 50.3834
internal_count=3840 3765 3660 1829 1831 1780 1743 1558 1710 937 1634 621 185
is_linear=0
shrinkage=0.015


Tree=8
num_leaves=27
num_cat=0
split_feature=37 1 19 0 17 0 13 18 18 42 34 32 5 0 31 31 44 31 4 20 31 3 18 40 17 18
split_gain=26.9864 19.2695 46.153 26.6407 26.2446 36.4879 31.1975 29.0291 22.6078 18.4782 18.7183 24.2764 25.2924 17.6265 15.9757 14.1249 19.7466 13.7715 13.4093 11.419 11.3606 10.2011 9.83283 8.67439 7.68655 4.88723
threshold=0.35731506686585274 1.0000000180025095e-35 1.0000000180025095e-35 0.00020829337131150004 -0.34449162852520865 0.00027306729973840005 1.0000000180025095e-35 2.1029252614927323 0.63946269539677159 -0.2661421133093354 0.49997166671516241 0.61419938378681171 0.0001684835353472392 0.00083613593726745018 0.00011992348322162502 9.8663256122614966e-05 0.22196080144917119 4.9904172504297395e-05 -3.8984442394302931e-05 0.25000000000000006 6.5877779393804588e-05 -1.7633682064983942e-05 5.8242928403598144 0.026969601997388883 -0.056295576130032193 1.1887763895426804
decision_type=2 2 2 2 2 2 2 2 2 2 2 2 2 2 2 2 2 2 2 2 2 2 2 2 2 2
left_child=1 3 -3 18 5 17 15 8 -8 13 19 12 -12 24 -13 16 -6 -4 -1 -11 -21 -7 -9 -20 -5 -23
right_child=-2 2 4 9 6 21 7 22 -10 10 11 14 -14 -15 -16 -17 -18 -19 23 20 -22 25 -24 -25 -26 -27
leaf_value=0 -0.01922018132054432 -0.023631820569029623 -0.0056758168578823591 0.018935424267864383 0.012695009023216698 -0.007203129196085868 -0.0037419567843760904 -0.0075176980060341616 0.0063101108761695092 0.0070389455545969972 0.0013015301515593293 0.0052668786397837607 -0.018115348499600562 -0.0037530198898958565 0.022887033438391536 0.02169427905940606 -0.0064262360213586146 0.013878549479086951 0.021774593528505783 -0.012273533601470616 -0.0025431019826773972 -0.014418675084582534 -0.023231682392795987 0.0077967947695162061 0.0058459466917965457 -0.027134107279122265
leaf_weight=16.346843257546425 16.010953426361084 21.080886512994766 16.229382574558262 26.279741555452347 34.189016059041023 17.66031414270401 109.78321802616119 27.330541521310806 92.594600811600685 15.625776767730711 208.3686850965023 35.507487833499908 16.120897829532623 17.936253011226654 17.48410601913929 17.150750041007996 18.517115488648415 15.732081040740011 25.165983021259308 46.029134452342987 67.073827177286148 13.787901178002359 13.896336585283278 17.951251342892647 17.60253232717514 17.764742538332939
leaf_count=65 75 101 68 89 123 75 452 116 352 59 825 136 74 74 57 57 78 56 83 202 274 62 66 67 67 87
internal_value=0 0.00032857 -0.00208329 0.00223367 -0.00091796 -0.00851408 0.0010451 -0.00148222 0.000847357 0.00102515 -0.000133273 0.00205412 -9.39711e-05 0.00865537 0.011171 0.00987477 0.00593545 0.00389904 0.0116814 -0.00486266 -0.00653394 -0.0166087 -0.0129338 0.0160543 0.0137737 -0.0217432
internal_weight=959.22 943.209 415.717 527.493 394.636 81.1744 313.462 243.605 202.378 468.028 406.21 277.481 224.49 61.8185 52.9916 69.8569 52.7061 31.9615 59.4641 128.729 113.103 49.213 41.2269 43.1172 43.8823 31.5526
internal_count=3840 3765 1693 2072 1592 348 1244 986 804 1857 1627 1092 899 230 193 258 201 124 215 535 476 224 182 150 156 149
is_linear=0
shrinkage=0.015


Tree=9
num_leaves=21
num_cat=0
split_feature=37 33 1 37 35 5 17 17 16 31 17 38 26 17 18 40 31 17 25 35
split_gain=26.2274 21.8103 17.9366 21.6053 20.5831 21.2512 30.8571 20.4668 25.9184 23.6981 23.5821 19.1786 17.5171 17.1959 17.0853 17.0398 16.5125 12.8277 5.97048 2.74878
threshold=0.35731506686585274 0.031037630869678319 1.0000000180025095e-35 -0.61445849320558377 -0.17074069373612608 5.6917519503620011e-05 0.18444901637905434 -0.34449162852520865 8.9441392442320543e-05 6.8868567253594525e-05 0.053014923062924608 0.1486932151410883 -3.4105691540918244 0.20098891436793839 0.034863867035244307 0.059621996736822537 4.9700559635891714e-05 1.506342964968552 -0.89978777100434237 0.10301085607869297
decision_type=2 2 2 2 2 2 2 2 2 2 2 2 2 2 2 2 2 2 2 2
left_child=1 2 3 13 -5 12 -7 8 9 16 11 14 -6 18 -9 17 -4 -12 -1 -10
right_child=-2 -3 7 4 5 6 -8 10 19 -11 15 -13 -14 -15 -16 -17 -18 -19 -20 -21
leaf_value=0.0095512428537340762 -0.018961808606689962 -0.013949908470592954 -0.008007808338429458 -0.013072864564814945 -0.005810657255458253 0.0028381872694935844 -0.0079600626502563561 -0.0041292547825985265 -0.025318025144410054 -0.019050571233460521 -0.0031300975509754169 -0.0057683197964240127 0.011566034303497397 -0.0020479263631513617 0.012485281531092062 0.0096683813835134504 0.011439348384550964 -0.017427461160382705 0.020815432977876983 -0.014648310547966163
leaf_weight=21.478354170918465 15.987896099686621 23.322943717241287 16.385562941431999 20.875161796808243 15.507265016436575 262.65523105859756 76.810722917318344 17.214980199933052 14.020116090774538 14.046961084008215 178.37338627874851 25.095874845981598 75.141646713018417 16.718835711479187 67.613222017884254 21.696460604667664 23.831895902752876 15.309081360697745 24.067538917064667 12.847103491425512
leaf_count=79 75 105 70 92 65 1027 326 71 68 65 733 105 273 68 243 80 87 70 80 58
internal_value=0 0.000323638 0.000690271 0.00255577 0.00140481 0.00211701 0.000385813 -0.00166007 -0.00839281 -0.00236218 1.52832e-05 0.00567084 0.00856394 0.0108329 0.00908572 -0.00286267 0.00346006 -0.00428441 0.0156015 -0.020409
internal_weight=959 943.012 919.689 513.255 450.99 430.115 339.466 406.435 81.1316 54.2644 325.303 109.924 90.6489 62.2647 84.8282 215.379 40.2175 193.682 45.5459 26.8672
internal_count=3840 3765 3660 2010 1783 1691 1353 1650 348 222 1302 419 338 227 314 883 157 803 159 126
is_linear=0
shrinkage=0.015


Tree=10
num_leaves=24
num_cat=0
split_feature=37 33 4 17 17 37 18 45 0 4 16 31 8 23 32 25 36 29 12 17 17 18 16
split_gain=25.4929 21.1817 20.3973 21.5016 40.2582 21.9158 21.6489 21.0845 16.6108 18.0817 16.7945 16.1747 15.8985 15.6234 14.3224 11.3386 11.0869 10.866 10.6095 7.69057 6.98653 6.63396 5.63467
threshold=0.35731506686585274 0.031037630869678319 1.4629464469547296e-05 -0.37208733038895664 0.053014923062924608 0.28108761327928761 -0.16571547363279987 0.18750388741454474 0.00027108209380265002 -7.5718795171883236e-05 3.4415431342664815e-05 5.6411279763553787e-05 -0.00010061659694464999 0.11957500600914996 0.19809935492131522 -1.0343179252866157 0.10933764264136119 0.26895788924089131 1.0000000180025095e-35 -0.27253870904270006 -0.085728674954664033 2.0196631799119191 -0.00017043538205604997
decision_type=2 2 2 2 2 2 2 2 2 2 2 2 2 2 2 2 2 2 2 2 2 2 2
left_child=1 2 8 7 6 13 -5 17 15 11 16 22 -13 -6 -8 -1 -11 21 -19 -17 -21 -4 -10
right_child=-2 -3 3 4 5 -7 14 -9 9 10 -12 12 -14 -15 -16 19 -18 18 -20 20 -22 -23 -24
leaf_value=-0.00037458298686390796 -0.018709903488142911 -0.013754097064803987 -0.0097581559634251566 -0.0088619079755355105 -0.017656623340223405 0.01227176920365961 0.015588795955302489 0.0091687378397364416 0.00026776883469765988 -0.0080217343515833327 0.011935390006055891 0.00094327542298090663 0.010157626783356119 -0.0038308523534815262 0.0047412412394942606 0.0020824192619440314 0.0010050968189831654 -0.0078673725049301403 -0.021194485229292584 0.021519333183718712 0.010011129421496099 0.0040770879277803387 -0.011511743413389007
leaf_weight=28.473459795117378 15.962316021323202 23.302446439862251 16.341814711689953 17.544030025601387 20.544147849082947 17.186706468462944 44.693928018212318 14.063391551375387 19.807834476232529 80.399626642465591 15.266250923275946 77.502993166446686 93.79680447280407 177.59720179438591 73.175248071551323 19.935317412018776 48.674648687243462 28.507022276520729 27.14837820827961 16.277349457144737 51.958681911230087 14.39945414662361 16.245920673012733
leaf_count=114 75 105 71 75 94 62 156 52 79 342 55 307 345 734 281 78 193 122 128 54 191 56 71
internal_value=0 0.000318441 0.000679691 -0.00159293 0.000154186 -0.00386842 0.00656456 -0.00770621 0.00287376 0.0012379 -0.0028277 0.00407884 0.00600628 -0.00528799 0.00888809 0.00777883 -0.00460304 -0.0104902 -0.0144481 0.0104335 0.0128304 -0.00321645 -0.00500367
internal_weight=958.805 942.843 919.54 451.201 350.741 215.328 135.413 100.46 468.339 351.694 144.341 207.354 171.3 198.141 117.869 116.645 129.074 86.3967 55.6554 88.1713 68.236 30.7413 36.0538
internal_count=3840 3765 3660 1831 1402 890 512 429 1829 1392 590 802 652 828 437 437 535 377 250 323 245 127 150
is_linear=0
shrinkage=0.015


Tree=11
num_leaves=19
num_cat=0
split_feature=41 33 4 14 41 17 17 43 43 5 29 34 32 17 5 4 16 31
split_gain=24.9583 20.5775 19.7774 26.0127 22.3998 15.4643 43.4059 20.6391 15.0608 13.7819 12.0015 11.2456 20.0027 31.7696 12.8064 19.5289 17.0164 12.1969
threshold=0.41142191464717764 0.031037630869678319 1.4629464469547296e-05 0.28982760544209984 0.37894322103273331 -0.37208733038895664 0.053014923062924608 0.21276377319175602 0.22926732204588293 8.966482839611062e-05 0.26895788924089131 0.57555465183808241 0.57057239089797507 -0.95429010204653275 5.7323965058911744e-05 -3.8984442394302931e-05 -9.6224259639975338e-05 0.00012118832802935561
decision_type=2 2 2 2 2 2 2 2 2 2 2 2 2 2 2 2 2 2
left_child=1 2 3 11 5 7 9 10 -8 -7 -4 14 13 -13 15 -1 -16 -14
right_child=-2 -3 4 -5 -6 6 8 -9 -10 -11 -12 12 17 -15 16 -17 -18 -19
leaf_value=-0.0020211573047027474 -0.018527667543608985 -0.013562154414050906 -0.0024798546135919352 0.017639557931427054 0.016538617087629957 0.0011352876431472423 -0.0038388102001387973 0.0089464053265372254 -0.019786776155783406 0.010859203311356938 -0.014396955506631646 -0.018337470898450912 0.0065877967933181368 0.0039213230584777244 0.00191384308146571 0.015236665994333006 -0.0078761836569470594 0.021684027357632515
leaf_weight=33.437949806451797 15.936599299311636 23.280048653483391 29.925425723195076 25.141318708658218 14.691544517874716 65.860925480723381 190.44241027534008 14.58833062648773 14.293489649891852 66.400088861584663 54.885402694344521 15.723661571741102 31.964977622032166 156.32030561566353 85.137499317526817 25.944129452109337 74.59054259955883 20.022171676158905
leaf_count=136 75 105 123 86 51 260 787 54 67 242 247 72 121 605 335 91 317 66
internal_value=0 0.000314929 0.000670923 0.00283147 -0.00156719 -0.00218737 -0.000645315 -0.00738399 -0.00497686 0.00604083 -0.0102303 0.00198059 0.00434345 0.00185975 -0.000426399 0.00550041 -0.00264698 0.0124907
internal_weight=958.587 942.65 919.37 468.283 451.088 436.396 336.997 99.3992 204.736 132.261 84.8108 443.141 224.031 172.044 219.11 59.3821 159.728 51.9871
internal_count=3840 3765 3660 1829 1831 1780 1356 424 854 502 370 1743 864 677 879 227 652 187
is_linear=0
shrinkage=0.015


Tree=12
num_leaves=18
num_cat=0
split_feature=37 33 4 47 0 0 4 31 8 10 33 39 36 4 43 32 31
split_gain=24.2919 19.9894 19.1921 18.7206 16.4676 15.9272 17.3844 15.6299 15.397 14.9365 14.0139 17.3724 12.1231 11.0029 12.3813 6.92962 3.76974
threshold=0.35731506686585274 0.031037630869678319 1.4629464469547296e-05 -0.42090826331102776 0.00015018915129510002 0.00027108209380265002 -7.5718795171883236e-05 5.6411279763553787e-05 -0.00010061659694464999 7.5536308147382153e-05 0.03102177596071367 -0.10143340410983513 0.10933764264136119 -6.0959370133611352e-05 0.12730404741671622 0.19631596080187699 4.0194276528928616e-05
decision_type=2 2 2 2 2 2 2 2 2 2 2 2 2 2 2 2 2
left_child=1 2 5 -4 -5 13 7 16 -9 12 -6 -12 -8 -1 15 -15 -7
right_child=-2 -3 3 4 10 6 9 8 -10 -11 11 -13 -14 14 -16 -17 -18
leaf_value=-0.0013046345871466055 -0.018295561870965552 -0.013373944563071278 0.011618513554469471 -0.017477831668024194 0.010537772954920891 -0.010533248366911715 -0.0085839307671281111 0.00088634909106964546 0.0099556080813185659 0.0089804046006445037 -0.01515108451767214 -0.001525725155814445 0.00096365774914282008 0.011216730966943264 0.019962595281385245 0.0017168083838368384 -0.00062526202998896814
leaf_weight=24.273383513092995 15.90716405212879 23.255843207240105 22.871328338980675 15.297482445836065 19.886260524392128 15.42954860627651 74.617003247141838 77.491643786430359 93.7585808634758 20.497375220060349 22.239549890160561 370.68401911854744 49.191336929798126 38.014931663870811 21.462505608797073 32.840565085411072 20.620950281620026
leaf_count=98 75 105 83 70 73 67 319 307 345 76 100 1505 195 138 72 129 83
internal_value=0 0.000310529 0.000661329 -0.00154367 -0.00225593 0.00278985 0.00118781 0.00397393 0.00586921 -0.00279895 -0.00168026 -0.00230813 -0.00477577 0.00759416 0.00995659 0.00685826 -0.00495409
internal_weight=958.339 942.432 919.176 450.979 428.107 468.198 351.606 207.301 171.25 144.306 412.81 392.924 123.808 116.591 92.318 70.8555 36.0505
internal_count=3840 3765 3660 1831 1748 1829 1392 802 652 590 1678 1605 514 437 339 267 150
is_linear=0
shrinkage=0.015


Tree=13
num_leaves=14
num_cat=0
split_feature=41 33 4 14 41 0 15 0 4 18 39 20 43
split_gain=23.7637 19.4213 18.6097 25.0554 21.4481 16.1908 14.3768 14.1006 17.5466 18.2107 12.6956 9.20315 8.64448
threshold=0.41142191464717764 0.031037630869678319 1.4629464469547296e-05 0.28982760544209984 0.37894322103273331 0.00015018915129510002 0.0025821256848014003 0.00019545318823970001 -0.00011352808663289998 5.8242928403598144 -0.10143340410983513 0.25000000000000006 -0.051143950761030017
decision_type=2 2 2 2 2 2 2 2 2 2 2 2 2
left_child=1 2 3 7 5 -4 -7 12 11 -10 -8 -9 -1
right_child=-2 -3 4 -5 -6 6 10 8 9 -11 -12 -13 -14
leaf_value=0.0011826365954396051 -0.018112677301950441 -0.013189337650584148 -0.017227597418726284 0.017293696605709178 0.016207464110546754 0.010550011829240839 -0.011760733639283708 0.01462647625698534 -0.0004670906173266898 -0.016250157598680526 -0.0014479318974747301 0.0034158615722767391 0.014177062097867586
leaf_weight=18.781015977263451 15.877346888184546 23.229921475052834 15.28912580013275 25.101838752627373 14.676086992025374 20.734152466058731 28.917829871177673 18.721081659197807 213.35746711492538 17.709323585033417 371.3282977938652 142.95059759914875 31.499563425779343
leaf_count=74 75 105 70 86 51 76 127 66 857 80 1507 555 111
internal_value=0 0.000306873 0.000652542 0.00274877 -0.00151873 -0.00212556 -0.0015658 0.00191399 0.00094845 -0.00169622 -0.00220278 0.00474027 0.0093859
internal_weight=958.174 942.296 919.066 468.121 450.945 436.269 420.98 443.019 392.738 231.067 400.246 161.672 50.2806
internal_count=3840 3765 3660 1829 1831 1780 1710 1743 1558 937 1634 621 185
is_linear=0
shrinkage=0.015


Tree=14
num_leaves=17
num_cat=0
split_feature=37 19 38 42 18 2 5 17 44 17 31 1 0 2 18 8
split_gain=23.1594 17.3304 36.4406 25.6566 27.4586 26.3065 24.9103 23.082 23.018 18.0605 15.1578 23.8601 13.2258 9.24829 7.18959 4.44708
threshold=0.35731506686585274 1.0000000180025095e-35 -0.069918985835064354 -0.24804942975978261 5.8242928403598144 1.0000000180025095e-35 0.00019323279899543445 -0.34449162852520865 -0.38359048285208402 0.033758407369257559 0.00012822623675482088 1.0000000180025095e-35 0.00049131927063620013 1.0000000180025095e-35 9.9763193002312907 1.2596441603262375e-05
decision_type=2 2 2 2 2 2 2 2 2 2 2 2 2 2 2 2
left_child=1 2 -1 13 6 12 7 8 -5 -9 11 -4 -6 15 -7 -3
right_child=-2 3 10 4 5 14 -8 9 -10 -11 -12 -13 -14 -15 -16 -17
leaf_value=0.011800620285550227 -0.01789954149121525 0.0097221518350406322 0.0042800046271407061 -0.013782573017929333 -0.024811194299200846 -0.0053796926230722936 0.019428963066243806 0.0057682543131127757 -0.0011595662467463817 4.0196555224442146e-05 -0.026482384264141699 -0.021872067450105025 -0.0075183272234752288 0.017915639053575978 0.0088183600606601634 -0.00044910480625459664
leaf_weight=16.312309071421623 15.844503775238989 23.881286844611168 16.464440852403641 40.382445186376572 21.175552204251289 16.034869953989983 16.007727518677711 203.21369563043118 166.89749173820019 318.8157172203064 15.082867607474325 14.591197371482851 19.905532956123352 22.267480179667473 15.633834615349771 15.481848776340483
leaf_count=59 75 88 64 180 102 67 54 774 676 1276 74 70 85 76 58 62
internal_value=0 0.000302687 -0.00731936 0.000847498 0.00014077 -0.00864239 0.00100267 0.000591234 -0.00363783 0.00227532 -0.0141442 -0.00798127 -0.0165445 0.0101689 0.00156725 0.00567825
internal_weight=957.993 942.148 62.4508 879.697 818.067 72.7498 745.317 729.309 207.28 522.029 46.1385 31.0556 41.0811 61.6306 31.6687 39.3631
internal_count=3840 3765 267 3498 3272 312 2960 2906 856 2050 208 134 187 226 125 150
is_linear=0
shrinkage=0.015


Tree=15
num_leaves=20
num_cat=0
split_feature=37 33 24 17 5 44 31 0 1 32 46 5 5 20 15 3 45 16 14
split_gain=22.5257 18.3449 16.1066 16.799 12.1531 21.5914 17.3636 17.4374 12.1935 10.9324 18.6566 15.7101 24.1106 10.3825 9.56714 7.50149 4.27884 6.68045 10.3393
threshold=0.35731506686585274 0.031037630869678319 -0.8303170814088443 1.6160869349567317 5.330540552412763e-05 0.41998491188998011 5.0020731069634116e-05 0.00027108209380265002 1.0000000180025095e-35 0.21926613402166611 -0.1555554406415712 8.1088906693535742e-05 5.6422264629584931e-05 0.90000000000000013 0.0025827188676927505 -2.002996882863047e-06 -0.005128778163767782 -8.3238683202877333e-05 -1.799691019397444
decision_type=2 2 2 2 2 2 2 2 2 2 2 2 2 2 2 2 2 2 2
left_child=1 2 9 4 5 8 15 -8 -4 16 14 12 -12 -13 -11 -6 -1 18 -18
right_child=-2 -3 3 -5 6 -7 7 -9 -10 10 11 13 -14 -15 -16 -17 17 -19 -20
leaf_value=0.015129395825655432 -0.017672917887900232 -0.012836083772717041 0.012845098720909665 -0.015936494011936236 -0.0014622373482446698 -0.012479467864256097 0.0076979290480212841 -0.0013810061629937571 0.0027013743258222337 -0.0012735323891553605 0.0091308215481236774 0.012676961573810742 -0.014413537044957136 0.0013538956965654101 -0.016710317105154457 -0.013998130559844011 0.0030416895748505632 -0.00026379459799704427 0.018496062486510745
leaf_weight=17.879066079854965 15.809155061841009 23.169173210859299 38.26244156062603 15.411151766777037 16.826854377985001 16.288064256310463 53.487528920173645 421.12585611641407 90.302472174167633 23.738088518381119 18.591889411211014 49.846402019262314 20.231337666511536 29.475169733166695 14.82250654697418 31.982653945684433 21.861532881855965 20.501983776688576 18.157831653952599
leaf_count=63 75 105 137 70 68 72 201 1707 354 96 69 179 90 116 67 142 85 82 62
internal_value=0 0.000298103 0.000633797 -0.000528092 -0.000165895 0.00367316 -0.00123337 -0.000350989 0.0057492 0.00402031 0.00171117 0.00467919 -0.003089 0.00850822 -0.00730724 -0.00974012 0.00859507 0.00659499 0.0101526
internal_weight=957.771 941.962 918.793 683.687 668.276 144.853 523.423 474.613 128.565 235.106 156.705 118.145 38.8232 79.3216 38.5606 48.8095 78.4004 60.5213 40.0194
internal_count=3840 3765 3660 2751 2681 563 2118 1908 491 909 617 454 159 295 163 210 292 229 147
is_linear=0
shrinkage=0.015


Tree=16
num_leaves=12
num_cat=0
split_feature=41 33 43 19 31 46 32 17 46 26 41
split_gain=22.05 17.95 18.4949 23.2345 19.7237 31.1366 17.3365 20.0051 15.5588 12.9436 3.64865
threshold=0.41142191464717764 0.031030426409295698 0.32866074363425457 1.0000000180025095e-35 0.00010230914443540069 -0.21025677024939771 0.26182227986936124 0.97884575603570656 0.49622244125026033 2.6019077270513757 -0.53284695729464504
decision_type=2 2 2 2 2 2 2 2 2 2 2
left_child=1 2 3 -1 6 -6 7 -5 -8 -7 -3
right_child=-2 10 -4 4 5 9 8 -9 -10 -11 -12
leaf_value=-0.014241379924641749 -0.017504793265996656 -0.0054249549187651343 0.013866217537112589 0.003316239561540351 -0.011311532300470668 0.013048088052451896 -0.0029774560250964946 -0.01006780289346576 0.010277549167207916 -0.0001750020629246033 -0.016382736078919935
leaf_weight=23.82303361594677 15.774442359805105 14.206991225481035 23.141966819763184 325.22094212472439 18.089406281709671 73.052599683403969 380.18389530479908 27.01823765039444 20.816356420516968 21.124622911214828 15.164015322923659
leaf_count=107 75 61 82 1266 79 262 1560 117 76 85 70
internal_value=0 0.00029453 0.00066919 0.000320969 0.000726795 0.00658813 -0.00014496 0.00227939 -0.00228018 0.0100626 -0.0112131
internal_weight=957.617 941.842 912.471 889.329 865.506 112.267 753.239 352.239 401 94.1772 29.371
internal_count=3840 3765 3634 3552 3445 426 3019 1383 1636 347 131
is_linear=0
shrinkage=0.015


Tree=17
num_leaves=30
num_cat=0
split_feature=1 19 0 17 0 41 17 42 44 17 41 34 0 31 39 47 17 17 5 15 31 43 16 4 44 34 18 40 34
split_gain=21.6122 38.2732 23.8367 20.0138 33.8444 22.6219 22.9671 18.2194 18.1956 19.1569 18.3293 17.1309 16.7213 15.7593 13.538 18.6557 14.3924 12.779 12.3816 10.6912 15.4961 23.2643 12.0726 10.1002 9.96314 8.34912 7.35164 7.28499 2.73683
threshold=1.0000000180025095e-35 1.0000000180025095e-35 0.00020334575301545003 -0.34449162852520865 0.00027306729973840005 0.41142191464717764 0.97884575603570656 -0.2661421133093354 0.22196080144917119 0.45374955099042286 0.0812309241532536 0.49997166671516241 0.00083613593726745018 4.9700559635891714e-05 0.13800993695362926 0.083247195380037067 -0.094704053784875744 1.0000000180025095e-35 0.0001684835353472392 0.0025830414098003507 6.5877779393804588e-05 -0.08436461648317771 -9.6224259639975338e-05 -3.8335834549953616e-05 -0.36158761758829733 0.56417312519633078 0.2850483355444931 0.026969601997388883 0.57157394436802633
decision_type=2 2 2 2 2 2 2 2 2 2 2 2 2 2 2 2 2 2 2 2 2 2 2 2 2 2 2 2 2
left_child=2 -2 23 4 13 6 8 12 10 -10 -5 19 26 -3 15 18 -16 -17 -13 20 21 -9 -22 -1 -6 -8 -4 -25 -26
right_child=1 3 7 5 24 -7 25 11 9 -11 -12 14 -14 -15 16 17 -18 -19 -20 -21 22 -23 -24 27 28 -27 -28 -29 -30
leaf_value=0.0011045352676591184 -0.02223300694014764 -0.006853166559106335 0.0057714758599915318 0.015398045461517712 -0.0083555053469849851 -0.017286978074415954 -0.01973869747979351 0.0049551101120940697 -0.0062425405724802919 0.0062630319484555932 0.0030356361359410865 0.001974831081975013 -0.0036776477842295719 0.014096176447048721 -0.012639266010106833 0.015088809406931195 0.0046250829342502249 0.0012128911588172092 -0.011955508852847355 -0.015438133941043828 0.012041812497977467 -0.014856836214086845 -0.0027231318616652185 0.021064096107940088 -0.016565128259921038 -0.0037250593211820386 0.018427033826715147 0.007722059220821087 -0.027381634145578312
leaf_weight=16.03188256919384 20.887999936938286 15.546931564807894 18.197822600603104 34.48430272936821 22.59320205450058 15.735783413052557 14.085756674408914 19.797926917672157 80.390325799584389 41.627701997756958 126.24028363823891 153.52063329517841 17.885293632745743 16.352879613637924 26.737459972500801 41.749788343906403 17.886385008692741 23.820598810911179 15.666981250047682 18.013662949204445 20.153831526637077 39.46626740694046 31.731842532753944 22.378952577710152 13.326783686876299 16.141782835125923 26.508044958114624 17.173610970377922 13.321962520480154
leaf_count=63 101 66 69 121 98 75 66 76 338 159 492 604 74 58 118 147 69 94 69 81 73 177 130 74 61 67 90 64 66
internal_value=0 -0.00249321 0.00203613 -0.00147392 -0.00813866 0.000167411 0.00106004 0.000933249 0.00239704 -0.00195527 0.00571393 -0.000217075 0.00846008 0.00383165 0.00186561 0.00331157 -0.00567671 0.0100964 0.00066213 -0.00473628 -0.00296318 -0.00820474 0.00298692 0.0113162 -0.0159269 -0.011322 0.0133622 0.0153788 -0.0221794
internal_weight=957.457 430.736 526.721 409.848 81.1418 328.706 312.97 471.137 282.743 122.018 160.725 408.545 62.5912 31.8998 279.382 234.758 44.6238 65.5704 169.188 129.164 111.15 59.2642 51.8857 55.5844 49.2419 30.2275 44.7059 39.5526 26.6487
internal_count=3840 1768 2072 1667 349 1318 1243 1871 1110 497 613 1638 233 124 1101 914 187 241 673 537 456 253 203 201 225 133 159 138 127
is_linear=0
shrinkage=0.015


Tree=18
num_leaves=34
num_cat=0
split_feature=1 19 0 17 13 0 18 17 20 46 17 18 4 20 20 32 26 14 18 40 18 10 31 31 47 0 4 31 39 40 14 18 46
split_gain=20.9884 37.2468 23.1614 19.4437 35.8097 32.8929 27.4936 17.3946 25.4667 35.6722 24.8031 31.1246 20.5643 23.5452 17.196 27.9269 27.321 16.6318 16.2686 15.9012 15.8128 15.6128 15.3012 13.725 18.3586 11.5235 9.82108 9.03062 8.83055 7.09472 6.73518 2.89624 1.48894
threshold=1.0000000180025095e-35 1.0000000180025095e-35 0.00020334575301545003 -0.34449162852520865 1.0000000180025095e-35 0.00027306729973840005 2.1029252614927323 0.20887008616167577 0.50000000000000011 -0.29662663526526795 -0.95429010204653275 -0.15382338952804242 7.7311275740828207e-05 0.25000000000000006 0.75000000000000011 0.49066825791477114 -0.0012980335831621682 -0.062244715950410097 1.1003153790819906 0.010172629569996159 2.6139830075694364 8.1657265818417456e-05 4.9700559635891714e-05 9.8663256122614966e-05 0.083247195380037067 0.00033799465060245005 -3.8335834549953616e-05 7.1789168042897089e-05 -0.057012584660652267 0.026969601997388883 1.2885325938667644 3.5381527232942553 0.29111815251362722
decision_type=2 2 2 2 2 2 2 2 2 2 2 2 2 2 2 2 2 2 2 2 2 2 2 2 2 2 2 2 2 2 2 2 2
left_child=2 -2 26 5 23 22 17 8 12 -10 -11 -12 13 25 16 -16 20 19 -19 -6 -9 -15 -3 24 30 -4 -1 31 -7 -28 -5 -8 -30
right_child=1 3 7 4 6 28 27 14 9 10 11 -13 -14 21 15 -17 -18 18 -20 -21 -22 -23 -24 -25 -26 -27 29 -29 32 -31 -32 -33 -34
leaf_value=0.0010881780438393219 -0.021956066367284977 -0.0067522052711862833 0.00091524191755333389 0.019258052740175075 0.017461187574515032 -0.0087299175456004366 -0.012295717055999572 0.015432172646111162 -0.014926667708873305 -0.0046219305538759943 -0.0030894748144918763 0.014471743584728245 -0.01575369517577473 -0.0055400137457422057 -0.022769603430678905 0.0023503322395117369 -0.014279321286743939 -0.0049060155588758559 0.0051635461060594882 -0.0025713324064945949 -0.0012093733027564407 0.010556651837297258 0.013892411506731626 0.021349268453526079 -0.0067585158889551643 0.016921176279433233 0.020786873344207001 -0.0211975531484376 -0.025847206577398474 0.0076104617085535438 0.0058442815622770658 -0.0025936531764618373 -0.017101070242514341
leaf_weight=16.031037539243698 20.836473509669304 15.544961035251619 18.444018676877022 15.926692247390745 21.222699075937271 23.186204850673676 14.201281949877741 22.462879717350006 15.878259092569349 27.064219191670418 28.069451600313187 113.50222928822041 20.167106747627258 96.474163040518761 23.103132650256157 17.109542444348335 20.831497639417648 125.26002216339111 50.378820091485977 14.937156319618223 29.181414112448692 15.552151516079901 16.346091851592064 17.137850388884544 17.250605911016464 23.198733910918236 22.339540779590607 17.853099793195724 13.233661964535715 17.166312292218208 19.487133219838142 14.967403367161749 12.767330780625342
leaf_count=63 101 66 73 54 73 101 63 79 71 113 115 402 91 403 109 67 93 522 194 61 118 57 58 57 73 80 74 85 65 64 74 62 59
internal_value=0 -0.00245778 0.00200656 -0.00145298 0.000164564 -0.00802502 -0.00240084 0.000919534 0.00253983 0.00642129 0.00845616 0.0109744 -0.00156909 0.000291375 -0.00420962 -0.0120569 0.000129316 -8.35439e-05 -0.002003 0.00914762 0.00600922 -0.00327419 0.00377469 0.00969377 0.00580842 0.00991454 0.0111585 -0.0127574 -0.0157093 0.0151686 0.0119959 -0.00743275 -0.0217613
internal_weight=957.113 430.537 526.576 409.701 328.623 81.0783 258.82 471.039 358.35 184.514 168.636 141.572 173.836 153.669 112.688 40.2127 72.4758 211.799 175.639 36.1599 51.6443 112.026 31.8911 69.8023 52.6644 41.6428 55.5369 47.0218 49.1872 39.5059 35.4138 29.1687 26.001
internal_count=3840 1768 2072 1667 1318 349 1060 1871 1405 701 630 517 704 613 466 176 290 850 716 134 197 460 124 258 201 153 201 210 225 138 128 125 124
is_linear=0
shrinkage=0.015


Tree=19
num_leaves=20
num_cat=0
split_feature=37 33 24 18 43 5 41 42 32 46 34 18 18 32 33 32 34 5 10
split_gain=20.6857 16.7483 15.1651 14.7403 23.4974 18.3385 14.9913 12.3805 10.3151 17.8405 14.7111 13.8421 10.5643 8.45566 8.12734 8.02565 7.79123 7.98687 4.94877
threshold=0.35731506686585274 0.031037630869678319 -0.8303170814088443 -0.030323336909433948 0.27477113376756729 0.00011710742042050775 0.37894322103273331 0.039237371517428572 0.21926613402166611 -0.1555554406415712 0.59635402630392831 0.5887944597667828 2.2084497709473578 0.66591766316722134 0.031022621717336486 0.081732511673025685 0.46189080493173346 8.1088906693535742e-05 -0.00013838131620324997
decision_type=2 2 2 2 2 2 2 2 2 2 2 2 2 2 2 2 2 2 2
left_child=1 2 8 5 6 16 7 -5 12 14 11 -11 15 -12 -10 -1 -4 -18 -17
right_child=-2 -3 3 4 -6 -7 -8 -9 9 10 13 -13 -14 -15 -16 18 17 -19 -20
leaf_value=0.0048361020793376069 -0.017006998269150767 -0.01229829711449717 -0.011585915785455292 0.00015456160911308072 0.014724109898803503 -0.018390349203487852 0.014309729139558337 -0.0066762424137719488 -0.0014374221606693364 -0.0080219162027106092 0.0056862004696787167 0.0054775137406263387 -0.0024150385596151069 0.018971565501829799 -0.015600272924725 0.021722037751456435 0.007041216009738391 -0.0044831976148155643 0.0099905724696909611
leaf_weight=27.137008622288704 15.678953081369398 23.049802854657173 16.02858854830265 483.00076194107533 24.367975562810898 20.956270381808281 15.266671121120451 67.883329272270203 23.202920541167259 27.51772004365921 27.36060731112957 44.504923611879349 15.970609232783316 18.649226620793343 15.344615653157232 17.249881118535992 22.776398122310638 32.821681424975395 17.982145667076114
leaf_count=104 75 105 70 1935 86 97 54 287 94 117 104 170 65 63 69 57 86 136 66
internal_value=0 0.000284063 0.000604391 -0.000523454 0.000345936 -0.00608451 -0.000272686 -0.000684677 0.00389176 0.00164738 0.00455213 0.000282653 0.00833731 0.0111641 -0.00717199 0.0111258 -0.00242185 0.000203795 0.0158657
internal_weight=956.75 941.071 918.021 683.102 590.519 92.5829 566.151 550.884 234.92 156.58 118.032 72.0226 78.3396 46.0098 38.5475 62.369 71.6267 55.5981 35.232
internal_count=3840 3765 3660 2751 2362 389 2276 2222 909 617 454 287 292 167 163 227 292 222 123
is_linear=0
shrinkage=0.015


Tree=20
num_leaves=12
num_cat=0
split_feature=41 33 43 19 31 36 15 47 32 34 36
split_gain=20.2487 16.3986 17.0608 21.3995 18.9581 33.332 16.7022 20.9228 15.1497 9.5566 6.10781
threshold=0.41142191464717764 0.031030426409295698 0.32866074363425457 1.0000000180025095e-35 0.00010187543984702261 0.20976740771351846 0.0025828444465625503 -0.039175347953328062 0.25581984643987415 0.52922426902950603 -0.39468957451584935
decision_type=2 2 2 2 2 2 2 2 2 2 2
left_child=1 2 3 -1 6 9 8 -8 -5 -6 -3
right_child=-2 10 -4 4 5 -7 7 -9 -10 -11 -12
leaf_value=-0.013697105461585075 -0.016847653108769716 -0.017853865452148909 0.013329006878672771 0.0034561064699944505 -0.00058592397466155775 -0.011366757278365851 -0.011940288034445905 -0.00013210941321800812 -0.0012911856013747007 0.012075874599903226 -0.0038836766644419741
leaf_weight=23.736329942941666 15.639570802450178 14.078251585364344 23.08657893538475 281.0593060106039 15.672034382820128 19.609520837664604 55.914161816239357 85.872381567955017 326.30991376936436 80.420449569821358 15.162735149264334
leaf_count=107 75 67 82 1093 63 86 245 344 1323 291 64
internal_value=0 0.000280762 0.000638513 0.000304075 0.000693253 0.00634073 -0.000177054 -0.00481227 0.000902225 0.00998975 -0.0107431
internal_weight=956.561 940.922 911.681 888.594 864.858 115.702 749.156 141.787 607.369 96.0925 29.241
internal_count=3840 3765 3634 3552 3445 440 3005 589 2416 354 131
is_linear=0
shrinkage=0.015


Tree=21
num_leaves=31
num_cat=0
split_feature=1 19 0 17 0 13 17 14 42 34 32 5 0 47 0 40 31 0 33 31 43 16 3 5 34 31 47 17 42 3
split_gain=19.801 35.2426 22.4629 18.9817 31.9696 31.3628 24.6148 19.0559 17.0531 16.2981 21.9664 23.1177 16.7347 16.0985 15.7311 15.4014 13.7288 13.4303 12.4141 17.1833 22.2846 11.8968 9.82674 9.77414 9.7054 7.51286 7.29652 6.87153 2.95468 0.586507
threshold=1.0000000180025095e-35 1.0000000180025095e-35 0.00020334575301545003 -0.3816555040563766 0.00027306729973840005 1.0000000180025095e-35 0.74713171641037224 0.067374686192699471 -0.2661421133093354 0.49997166671516241 0.61419938378681171 0.0001684835353472392 0.00052609920582475007 0.083247195380037067 0.00083613593726745018 0.010172629569996159 0.00011992348322162502 0.00017096180579575002 0.031023109863560501 6.5877779393804588e-05 -0.08436461648317771 -9.6224259639975338e-05 -1.7633682064983942e-05 5.6917519503620011e-05 0.59635402630392831 7.1789168042897089e-05 -0.073531502781534766 -0.056295576130032193 -0.0033772438461702301 5.935987199504108e-05
decision_type=2 2 2 2 2 2 2 2 2 2 2 2 2 2 2 2 2 2 2 2 2 2 2 2 2 2 2 2 2 2
left_child=2 -2 23 4 -3 13 7 15 14 18 11 12 -11 26 27 -7 24 -9 19 20 -10 -21 -6 28 -12 -8 -5 -4 -1 -24
right_child=1 3 8 5 22 6 25 17 9 10 16 -13 -14 -15 -16 -17 -18 -19 -20 21 -22 -23 29 -25 -26 -27 -28 -29 -30 -31
leaf_value=0.01910274288529016 -0.021413110997752397 0.0034904319625807816 0.017769976242136613 0.008758019172372929 -0.0071698653274301803 0.015315037594789659 -0.0069287699228110485 -0.016230794863614992 0.0048093167157971855 -0.0018793810109533724 -0.0034753734442863342 -0.017498499279829188 0.0070888458273416855 -0.0011922562982064381 -0.0036079869911403778 -0.0021924580159023549 0.021420990071275153 -0.0014518816473277022 -0.015442816123040801 0.013144716752587425 -0.014583139685121999 -0.0018584795823942688 -0.025465595685240119 0.0014720097931369925 0.012151195430630642 -0.02084005890262167 0.020812714697024073 0.0054793668825836202 0.010111709185703 -0.018595074421199082
leaf_weight=21.124988749623299 20.715174749493599 29.244293749332428 26.731554582715034 30.100134566426277 15.625734582543371 27.119856640696526 18.923840373754501 15.006115198135374 19.792310982942581 140.46588969230652 16.065508157014847 16.054305970668793 69.897639617323875 24.434280380606651 17.856337338685989 18.910228326916695 17.334875255823135 166.90399388968945 20.132232874631882 19.017082989215851 39.441766038537025 30.715563639998436 14.198080420494081 17.353588789701462 19.408180519938469 17.617226272821426 19.484661057591438 17.857782408595085 16.991842672228813 11.853096008300779
leaf_count=71 101 114 91 112 67 95 81 68 76 570 66 74 264 99 74 77 57 679 91 68 177 125 70 68 70 84 65 68 62 56
internal_value=0 -0.00238905 0.0019489 -0.00141352 -0.00846112 5.95142e-05 -0.00234994 -0.000503916 0.000878327 -0.000233837 0.00179804 -0.000226268 0.00109274 0.00868652 0.00816972 0.00809007 0.0104958 -0.00269575 -0.00464294 -0.0026085 -0.00806973 0.00385571 -0.0168836 0.0109674 0.00502616 -0.0137548 0.0135887 0.0129328 0.0152088 -0.0225498
internal_weight=956.378 430.137 526.241 409.422 70.9212 338.5 264.481 227.94 470.771 408.325 279.226 226.418 210.364 74.0191 62.4457 46.0301 52.8086 181.91 129.099 108.967 59.2341 49.7326 41.6769 55.4704 35.4737 36.5411 49.5848 44.5893 38.1168 26.0512
internal_count=3840 1768 2072 1667 307 1360 1084 919 1871 1638 1101 908 834 276 233 172 193 747 537 446 253 193 193 201 136 165 177 159 133 126
is_linear=0
shrinkage=0.015


Tree=22
num_leaves=16
num_cat=0
split_feature=41 33 43 17 46 17 44 31 5 31 14 31 25 33 36
split_gain=19.5242 15.5663 16.3814 13.1733 37.8067 22.3584 32.7751 32.0793 19.7095 21.319 16.3593 12.3496 11.6045 9.6117 5.81263
threshold=0.41142191464717764 0.031030426409295698 0.32866074363425457 0.20098891436793839 0.49755254760102757 -0.34449162852520865 -0.37953725579963354 4.1060943907796566e-05 5.3771567340511719e-05 9.4268608632228057e-05 -0.17513538467157472 3.2766561449335731e-05 -0.12683958247253044 0.031022712031655204 -0.39468957451584935
decision_type=2 2 2 2 2 2 2 2 2 2 2 2 2 2 2
left_child=1 2 3 5 8 6 12 -8 10 -10 -5 -7 -1 -13 -3
right_child=-2 14 -4 4 -6 11 7 -9 9 -11 -12 13 -14 -15 -16
leaf_value=-0.023961850553041911 -0.01657624974126207 -0.017443735151709192 0.013067256829963403 0.012529943608587038 -0.022410801776687132 -0.0084064320057733576 -0.017938582681735218 0.0025310160509137178 -0.0062881822809217102 0.0048470197903824506 -0.00014523891895784817 0.0072070804169972495 -0.0075516816686348395 0.001209743890089883 -0.0037878388511635363
leaf_weight=14.901517629623411 15.578988552093504 14.007824227213861 23.054014340043068 37.266686290502548 19.304630652070045 15.420325562357901 18.579531893134117 213.05953797698021 152.18535800278187 51.505022883415222 58.200838789343834 188.14571319520473 29.735868185758591 89.867209538817406 15.143336728215216
leaf_count=71 75 67 82 134 93 66 86 837 641 199 234 708 128 355 64
internal_value=0 0.00027486 0.000623132 0.000295439 -0.00214423 0.00166335 -0.00139258 0.000868917 -0.000818339 -0.00346001 0.00479101 0.0045475 -0.0131421 0.00527824 -0.0104823
internal_weight=955.956 940.377 911.226 888.172 318.463 569.71 276.276 231.639 299.158 203.69 95.4675 293.433 44.6374 278.013 29.1512
internal_count=3840 3765 3634 3552 1301 2251 1122 923 1208 840 368 1129 199 1063 131
is_linear=0
shrinkage=0.015


Tree=23
num_leaves=21
num_cat=0
split_feature=37 33 4 14 17 17 18 18 43 41 17 32 20 18 46 18 28 47 45 8
split_gain=19.0319 14.9555 15.9191 23.6311 19.2013 34.6117 21.1892 20.5295 19.269 18.7039 14.7842 13.2287 10.6108 29.4074 14.2914 16.3791 10.1511 9.61658 6.78689 6.66991
threshold=0.35731506686585274 0.031037630869678319 1.4629464469547296e-05 0.28982760544209984 -0.37208733038895664 0.053014923062924608 0.51194096587782278 -0.16571547363279987 0.21276377319175602 -0.038503501774719652 0.97884575603570656 0.19809935492131522 0.90000000000000013 0.056220314251848404 0.5081416366550161 5.8242928403598144 0.84392754996807318 0.10862893970913191 0.039503069285782171 5.0225229120951291e-05
decision_type=2 2 2 2 2 2 2 2 2 2 2 2 2 2 2 2 2 2 2 2
left_child=1 2 3 12 8 7 9 -6 16 -7 -8 -9 14 -14 15 -1 18 -15 -4 -18
right_child=-2 -3 4 -5 5 6 10 11 -10 -11 -12 -13 13 17 -16 -17 19 -19 -20 -21
leaf_value=0.0030223006983558917 -0.016390114277578239 -0.011661033067766911 -0.0028767670928003543 0.016675647938676617 -0.0088689551240464411 -0.016383110211612918 0.0023779185267193024 0.01488344290224778 0.0085810570345170104 -0.0006903717876159415 -0.0092665095671891264 0.0044438478202224003 -0.020611919134028218 -0.0073782256104136671 0.013771236177633124 -0.0073536868041127711 -0.024441473510580587 0.0069179165967099138 -0.015230890734240323 -0.0099868740923848426
leaf_weight=315.07554592192173 15.533933088183401 22.889669477939606 41.269298240542412 24.973891004920006 17.515893891453743 43.148476406931877 111.69924949109554 44.543532148003578 14.552664965391157 28.763351306319237 31.266263410449028 73.088201403617859 17.205724790692329 15.565732792019842 24.314988747239113 38.157070279121399 14.327095448970796 31.87320365011692 13.410048544406889 16.512047171592712
leaf_count=1229 75 105 171 86 75 197 441 156 54 116 136 281 80 66 86 162 70 120 61 73
internal_value=-2.81447e-07 0.000270703 0.000572762 0.00251377 -0.00143702 0.000214178 -0.00351921 0.006164 -0.00722666 -0.010152 -0.000160016 0.00843003 0.00170347 -0.0038916 0.00266859 0.00189245 -0.00995323 0.0021713 -0.00598102 -0.0168605
internal_weight=955.686 940.152 917.262 467.166 450.096 350.025 214.877 135.148 100.071 71.9118 142.966 117.632 442.192 64.6447 377.548 353.233 85.5185 47.4389 54.6793 30.8391
internal_count=3840 3765 3660 1829 1831 1402 890 512 429 313 577 437 1743 266 1477 1391 375 186 232 143
is_linear=0
shrinkage=0.015


Tree=24
num_leaves=16
num_cat=0
split_feature=41 33 4 14 39 0 17 17 18 0 4 34 46 8 41
split_gain=18.5772 14.7349 15.8081 22.7254 19.4351 15.2553 15.453 30.1677 18.0209 12.395 15.7062 15.1762 10.2784 8.37786 3.44943
threshold=0.41142191464717764 0.031030426409295698 1.4629464469547296e-05 0.28982760544209984 -0.11890179008375486 0.00015018915129510002 -0.37208733038895664 0.053014923062924608 2.0196631799119191 0.00017629374424220001 -0.00011926023612039999 0.58897598254910777 -0.16251938882561714 -0.00011306071086339998 -0.53284695729464504
decision_type=2 2 2 2 2 2 2 2 2 2 2 2 2 2 2
left_child=1 2 3 9 -4 -6 8 -8 -7 12 13 -12 -1 -11 -3
right_child=-2 14 4 -5 5 6 7 -9 -10 10 11 -13 -14 -15 -16
leaf_value=0.0001997572817766551 -0.016217072103684352 -0.0045864188047822175 0.014806827240748492 0.016452423979946222 -0.016674497801734821 -0.01378702109054065 0.0057557330384380261 -0.0036063167701940674 -0.00066996877871768382 0.001273790284272209 -0.0046483049733244504 0.0027136684778197896 0.016148049670894626 0.0085396313551338275 -0.015269565233388927
leaf_weight=15.389136970043181 15.489049956202505 14.102011978626253 15.887877747416495 24.935365587472916 15.247365042567251 43.963211968541145 128.42725394666195 194.5451574921608 51.449003875255585 72.6756372153759 137.91155022382736 115.38895662128925 23.154934912919998 71.795928806066513 14.967205241322516
leaf_count=61 75 61 56 86 70 199 488 807 209 287 573 451 80 267 70
internal_value=-6.17863e-07 0.000266789 0.000605407 0.00255761 -0.00139293 -0.00199658 -0.0014505 0.000110404 -0.00674963 0.00175299 0.000957948 -0.00128612 0.00986413 0.00490526 -0.0102141
internal_weight=955.33 939.841 910.771 461.252 449.52 433.632 418.385 322.972 95.4122 436.316 397.772 253.301 38.5441 144.472 29.0692
internal_count=3840 3765 3634 1805 1829 1773 1703 1295 408 1719 1578 1024 141 554 131
is_linear=0
shrinkage=0.015


Tree=25
num_leaves=28
num_cat=0
split_feature=1 19 0 37 34 32 41 5 35 18 38 18 31 20 5 33 4 5 5 18 37 5 15 5 23 41 33
split_gain=18.231 33.1422 21.2834 15.5762 14.9875 19.8869 14.7059 14.3664 16.7171 14.0021 21.5508 15.8245 15.6955 13.2999 12.6608 14.9994 12.1886 11.8924 11.4944 15.3663 21.408 12.7856 10.5258 8.24493 5.33746 5.31813 3.89476
threshold=1.0000000180025095e-35 1.0000000180025095e-35 0.00020829337131150004 0.35731506686585274 0.57555465183808241 0.61419938378681171 -0.69067278594265191 0.00016651384131493633 -0.15240496970780715 2.0196631799119191 0.35911424657442476 0.14557417832520159 4.3848407154358037e-05 0.25000000000000006 3.9416157162115689e-05 0.03102297346428002 -3.8984442394302931e-05 4.285649110089471e-05 7.5810081843837704e-05 -0.16571547363279987 -0.018396124348701821 5.6917519503620011e-05 0.0025823299583434506 7.1715883230708162e-05 2.9675912838827916 -0.11130418457215197 0.031022225996125346
decision_type=2 2 2 2 2 2 2 2 2 2 2 2 2 2 2 2 2 2 2 2 2 2 2 2 2 2 2
left_child=2 -2 16 9 13 6 -6 8 -8 10 11 22 -12 -4 -11 23 -1 -13 21 -20 -21 -15 -3 -16 -7 -18 -23
right_child=1 3 4 -5 5 24 7 -9 -10 14 12 17 -14 18 15 -17 25 -19 19 20 -22 26 -24 -25 -26 -27 -28
leaf_value=-0.00055452555678284503 -0.020822293617416339 0.0059982965837068764 0.0072171407166823891 -0.016062212676244789 0.011487362082876729 0.018045752388752168 -0.010780931959268537 -0.014584356148449804 0.0030862503600642454 0.0021023655915551965 -0.021801759233545145 0.016278145624712945 -0.0016545758957445952 -0.0012116570187272408 -0.0089846254113232962 0.00097008693913367956 0.020098681081516433 0.003312984963559586 -0.012086336459273319 0.0055192964106756401 -0.0083539561159064728 -0.020617674220958421 -0.006765325942362582 -0.022959644242625928 0.0072018464701524192 0.0091260970495066884 -0.0092660466827359563
leaf_weight=16.298392310738564 20.546192497014999 19.157689198851585 30.322576686739922 15.443514943122862 27.596658647060394 21.131732106208801 22.750595197081566 14.324181541800497 132.83654673397541 28.5743448138237 14.926564767956732 17.525769963860512 21.270197540521622 25.570959344506264 23.176598817110062 18.848471909761429 20.706227287650108 175.19376684725285 23.616630360484123 79.461239188909531 36.295887023210526 16.879470020532612 57.301794186234474 17.412373498082161 22.166740655899048 22.002261191606522 13.670825347304342
leaf_count=65 101 73 114 75 100 72 99 65 518 113 71 61 87 104 100 76 69 685 104 305 155 79 242 84 83 81 59
internal_value=-5.98755e-07 -0.00229557 0.00186996 -0.00135169 0.000789917 0.00339562 0.00136058 -0.000279644 0.00103566 -0.000762573 0.000750792 0.00222042 -0.0100803 -0.00197919 -0.00603138 -0.00997486 0.0103492 0.00451544 -0.00342155 -0.00109172 0.00114472 -0.00914921 -0.00353242 -0.0150975 0.01259 0.0145501 -0.0156814
internal_weight=955.008 429.377 525.631 408.831 466.624 240.806 197.508 169.911 155.587 393.388 305.376 269.179 36.1968 225.818 88.0118 59.4374 59.0069 192.72 195.495 139.374 115.757 56.1213 76.4595 40.589 43.2985 42.7085 30.5503
internal_count=3840 1768 2072 1667 1857 937 782 682 617 1592 1219 1061 158 920 373 260 215 746 806 564 460 242 315 184 155 150 138
is_linear=0
shrinkage=0.015


Tree=26
num_leaves=35
num_cat=0
split_feature=1 19 0 17 13 0 18 14 18 40 17 20 46 17 18 4 20 20 24 18 36 4 34 31 0 31 44 4 44 31 40 3 24 34
split_gain=17.6996 32.2945 20.6835 17.7388 33.0643 30.6422 24.7762 15.2659 15.4726 14.7279 14.6595 25.4028 33.5193 22.7638 28.5249 18.8618 19.935 17.3788 24.4562 20.0072 22.301 15.8579 15.248 14.579 13.141 13.0663 17.4746 11.8628 9.61813 8.38717 7.94553 4.59448 3.1795 2.62133
threshold=1.0000000180025095e-35 1.0000000180025095e-35 0.00020829337131150004 -0.34449162852520865 1.0000000180025095e-35 0.00027306729973840005 2.1029252614927323 -0.062244715950410097 1.1003153790819906 0.010172629569996159 0.20887008616167577 0.50000000000000011 -0.29662663526526795 -0.95429010204653275 -0.15382338952804242 7.7311275740828207e-05 0.25000000000000006 0.75000000000000011 0.094344245154784859 2.6139830075694364 0.12114338445535615 -0.00016541226376459996 0.50499742435062356 4.9700559635891714e-05 0.00033799465060245005 9.8663256122614966e-05 0.22196080144917119 -3.8984442394302931e-05 -0.36158761758829733 7.1789168042897089e-05 0.026969601997388883 4.4433519581733601e-05 0.94119717482555409 0.57157394436802633
decision_type=2 2 2 2 2 2 2 2 2 2 2 2 2 2 2 2 2 2 2 2 2 2 2 2 2 2 2 2 2 2 2 2 2 2
left_child=2 -2 27 5 25 23 7 9 -9 -6 11 15 -13 -14 -15 16 24 18 19 -12 -21 -19 -18 -3 -4 26 31 -1 -7 32 -29 -5 -8 -30
right_child=1 3 10 4 6 28 29 8 -10 -11 17 12 13 14 -16 -17 22 21 -20 20 -22 -23 -24 -25 -26 -27 -28 30 33 -31 -32 -33 -34 -35
leaf_value=-0.00054626736563909205 -0.020584274088119293 -0.0065155945126855958 -0.00086545401753400494 0.017472560299475508 0.01680798844958566 -0.0076205526531921957 -0.01205399756362952 -0.0047301142406887403 0.0051012393630056286 -0.0024778709678403431 0.015529076659822458 -0.01455155383639609 -0.0044176039141634359 -0.0029155402977930874 0.013912114474580925 -0.015453021252134455 -0.011906421076033812 -2.438705651267641e-05 -0.015568195234682038 -0.014229900661544885 0.010937880385455519 -0.019475771190992142 0.00024762240536112929 0.013651516475217125 0.01631512223998691 0.020755817275839281 -0.0060471505009504802 0.019869663321304635 -0.015739873192173751 -0.020293967848514519 0.0064464327919622781 0.0061209747253537722 -0.001920646802106083 -0.026342188241749519
leaf_weight=16.298875495791435 20.474289879202843 15.516691461205484 17.143573373556137 17.165921792387962 21.175277337431908 22.484291404485703 14.201210454106333 125.08556795120239 50.245220437645912 14.931729242205618 23.942750945687294 15.862390592694281 26.972467556595802 28.031685963273048 112.8558275103569 20.14152030646801 32.727781191468239 15.799580127000807 16.348541498184204 16.999371409416202 14.514033854007719 24.130349844694138 77.913686871528625 16.317968904972076 23.121594280004501 17.111996859312057 18.496540576219559 24.827140629291534 13.259978130459787 17.697423979640007 17.815468862652779 16.944832295179367 14.876272067427633 13.19424459338188
leaf_count=65 101 66 69 59 73 98 63 522 194 61 84 71 113 115 401 91 144 63 74 76 53 112 311 58 80 57 78 83 61 85 67 64 62 66
internal_value=-7.95647e-07 -0.00226268 0.00184253 -0.00133214 0.000213173 -0.00762252 -0.00225567 -5.6648e-05 -0.00189793 0.00879318 0.000778009 0.00227427 0.00614782 0.0081285 0.0105485 -0.0018749 -3.41877e-05 -0.00394936 0.00043632 0.0052242 -0.00257049 -0.0118642 -0.00333849 0.00376696 0.00896847 0.0093742 0.00558088 0.0102065 -0.0150661 -0.0121161 0.0143565 0.0119507 -0.00698314 -0.0212311
internal_weight=954.626 429.179 525.447 408.705 327.932 80.7732 258.213 211.438 175.331 36.107 466.505 354.771 183.722 167.86 140.888 171.048 150.907 111.735 71.8047 55.4562 31.5134 39.9299 110.641 31.8347 40.2652 69.7193 52.6073 58.9415 48.9385 46.7749 42.6426 34.1108 29.0775 26.4542
internal_count=3840 1768 2072 1667 1318 349 1060 850 716 134 1857 1395 700 629 516 695 604 462 287 213 129 175 455 124 149 258 201 215 225 210 150 123 125 127
is_linear=0
shrinkage=0.015


Tree=27
num_leaves=19
num_cat=0
split_feature=37 33 24 17 18 43 5 17 32 46 5 5 44 18 35 32 33 0
split_gain=17.5327 13.651 13.54 14.5727 15.4672 20.1915 16.5454 14.8272 9.61011 16.8756 13.7356 22.3313 10.2551 10.0252 8.56548 7.77759 7.53638 1.68704
threshold=0.35731506686585274 0.031037630869678319 -0.8303170814088443 1.6160869349567317 -0.030323336909433948 0.27477113376756729 0.00011710742042050775 -0.3816555040563766 0.21926613402166611 -0.1555554406415712 8.1088906693535742e-05 5.6422264629584931e-05 0.2886585176687318 2.2084497709473578 -0.065257503052737961 0.081732511673025685 0.031022621717336486 0.00035872918197980006
decision_type=2 2 2 2 2 2 2 2 2 2 2 2 2 2 2 2 2 2
left_child=1 2 8 4 6 7 14 -6 13 16 11 -11 -12 15 -4 -1 -10 -17
right_child=-2 -3 3 -5 5 -7 -8 -9 9 10 12 -13 -14 -15 -16 17 -18 -19
leaf_value=0.0044761790057009677 -0.015813114383341747 -0.011180961566468885 0.0040872025329218705 -0.014913644710553049 -0.003483688032864789 0.014090966395926224 -0.017610449435665951 0.0018128111905478621 -0.00156317044843308 0.0088328438878309459 0.013844758637589622 -0.013851424748107398 0.002905969741081794 -0.0025279867795327186 -0.0065237663611798303 0.011240259615551723 -0.015219122038182199 0.018645336485282028
leaf_weight=27.077646270394325 15.376303762197493 22.733695358037949 27.587278589606285 15.322911173105238 173.72632977366447 24.224680811166763 20.82684725522995 375.91181083023548 23.178134083747864 18.529195055365562 35.798058450222015 20.206978857517242 43.229290783405304 15.946631118655203 43.953921318054199 16.277016669511795 15.323873266577719 18.870832532644272
leaf_count=104 75 105 107 70 721 86 97 1485 94 69 127 90 168 65 185 59 69 64
internal_value=-1.21952e-06 0.000257868 0.000546004 -0.000520848 -0.000183163 0.000730752 -0.00587742 0.000134139 0.00365548 0.00148677 0.00431688 -0.00295048 0.00790632 0.00795085 -0.00240065 0.010672 -0.00709445 0.0153421
internal_weight=954.101 938.725 915.991 681.554 666.231 573.863 92.368 549.638 234.438 156.266 117.764 38.7362 79.0273 78.1721 71.5412 62.2255 38.502 35.1478
internal_count=3840 3765 3660 2751 2681 2292 389 2206 909 617 454 159 295 292 292 227 163 123
is_linear=0
shrinkage=0.015


Tree=28
num_leaves=10
num_cat=0
split_feature=41 33 19 43 19 31 44 15 41
split_gain=17.1652 13.4666 14.9025 14.1489 19.6058 21.0687 30.9776 15.8967 3.26036
threshold=0.41142191464717764 0.031030426409295698 0.27499999999954167 0.32866074363425457 1.0000000180025095e-35 0.00010230914443540069 -0.33404168104978238 0.0025828444465625503 -0.53284695729464504
decision_type=2 2 2 2 2 2 2 2 2
left_child=1 2 3 4 -1 7 -7 -6 -3
right_child=-2 8 -4 -5 5 6 -8 -9 -10
leaf_value=-0.012909469895929454 -0.015670381249744559 -0.0043193409573535598 -0.012610618452986869 0.012450074858193615 0.0011044401912026229 -0.012823446611567034 0.010431907374822781 -0.0044724315506821525 -0.014736614292129396
leaf_weight=23.520602777600288 15.329869270324705 14.057878896594049 18.706355467438698 22.95129457116127 595.72546541690826 14.783421978354452 91.574169293045998 142.34985226392746 14.840305700898169
leaf_count=107 75 61 83 82 2369 66 336 591 70
internal_value=-1.2629e-06 0.000254747 0.000578059 0.000859583 0.000548406 0.000928148 0.00716484 2.51115e-05 -0.00979493
internal_weight=953.839 938.509 909.611 890.905 867.954 844.433 106.358 738.075 28.8982
internal_count=3840 3765 3634 3551 3469 3362 402 2960 131
is_linear=0
shrinkage=0.015


Tree=29
num_leaves=32
num_cat=0
split_feature=1 0 5 17 0 40 46 18 17 20 17 20 46 17 18 4 20 20 32 30 10 18 0 16 0 3 5 17 3 42 18
split_gain=16.8252 19.975 15.9069 16.0133 21.0398 16.5167 19.806 27.5162 19.2678 17.4979 15.7436 23.5011 32.5625 21.8562 27.6231 18.8847 21.6246 16.6034 25.5292 25.076 14.7274 14.2208 13.9252 12.3087 10.4393 9.3625 9.34643 8.30847 6.92264 2.71684 1.88348
threshold=1.0000000180025095e-35 0.00020334575301545003 3.500107641739946e-05 -0.3816555040563766 0.00027306729973840005 0.085140338453449607 0.14271272303846075 2.0196631799119191 0.45374955099042286 0.50000000000000011 0.20887008616167577 0.50000000000000011 -0.29662663526526795 -0.95429010204653275 -0.15382338952804242 7.7311275740828207e-05 0.25000000000000006 0.75000000000000011 0.49066825791477114 -0.1818382694823826 8.1657265818417456e-05 2.6139830075694364 0.00055443029671430012 0.00016369917759615003 0.00033799465060245005 -1.7633682064983942e-05 5.6917519503620011e-05 -0.056295576130032193 9.2641569651412002e-06 -0.0033772438461702301 1.4287411222932656
decision_type=2 2 2 2 2 2 2 2 2 2 2 2 2 2 2 2 2 2 2 2 2 2 2 2 2 2 2 2 2 2 2
left_child=1 26 28 4 -4 6 7 9 27 -5 11 15 -13 -14 -15 16 24 19 -19 21 -18 -12 -10 -9 -3 -6 29 -8 -2 -1 -27
right_child=2 10 3 5 25 -7 8 23 22 -11 17 12 13 14 -16 -17 20 18 -20 -21 -22 -23 -24 -25 -26 30 -28 -29 -30 -31 -32
leaf_value=0.018243350383836524 0.014001685704176883 0.0008347822915345071 0.0027231541863376113 0.014432285055845482 -0.0066875208215080792 -0.016947334937657748 -0.0031880588462777511 -0.016371341992955118 -0.0041692746374777465 0.0022204131868003435 0.014747629244590499 -0.014338906269333526 -0.0042821286628423709 -0.0028669147526057858 0.013692086457363561 -0.015222115858450529 -0.0054522724617343506 -0.022085207609786047 0.0019615027149204041 -0.013650859486228859 0.01019490899236274 -0.0010404548250336138 0.01267591843586892 0.0013814491559135161 0.016096207254045036 -0.016665126618226351 0.0010323299981733717 -0.012322156203897879 0.00052284679726386299 0.0095867378437004182 -0.026181047254970159
leaf_weight=20.953040257096291 17.713471665978432 18.417492151260376 19.147130832076073 35.585059598088264 15.585026830434797 15.263994202017782 36.796472385525703 21.758849143981934 25.832587003707886 103.75971604883671 22.425247609615326 15.853808268904684 26.941895797848701 28.019240453839302 113.02286125719547 20.130485996603966 96.341977968811989 23.02131187915802 17.067842096090317 20.79029344022274 15.520248696207998 29.155548319220543 18.924682199954987 14.268552258610724 23.093883454799652 12.645056933164598 17.297596588730812 60.983384609222412 17.202396526932716 16.932426676154137 13.183801561594008
leaf_count=71 63 73 75 126 67 74 153 100 108 407 79 71 113 115 402 91 403 109 67 93 57 118 69 58 80 60 68 273 69 62 66
internal_value=-1.48489e-06 0.00179628 -0.00220839 -0.00307362 -0.0101671 -0.00177349 -0.00103022 0.00233562 -0.00518528 0.00536731 0.000786836 0.00233126 0.00606875 0.00801922 0.010387 -0.00161768 0.000166387 -0.00409717 -0.0118223 0.000166673 -0.00325048 0.00580293 0.00292181 -0.00930163 0.00940651 -0.0161691 0.0103241 -0.00891794 0.00745572 0.0144866 -0.0217321
internal_weight=953.635 524.985 428.65 393.734 60.561 333.173 317.909 175.372 142.537 139.345 469.802 357.342 183.838 167.984 141.042 173.504 153.374 112.46 40.0892 72.3711 111.862 51.5808 44.7573 36.0274 41.5114 41.4139 55.1831 97.7799 34.9159 37.8855 25.8289
internal_count=3840 2072 1768 1636 268 1368 1294 691 603 533 1871 1405 701 630 517 704 613 466 176 290 460 197 177 158 153 193 201 426 132 133 126
is_linear=0
shrinkage=0.015


Tree=30
num_leaves=15
num_cat=0
split_feature=41 33 4 14 39 0 33 0 4 18 44 39 3 42
split_gain=16.4513 12.9887 14.5589 21.7775 18.8842 14.6498 12.0555 11.2968 14.9747 14.2928 11.5666 11.0616 7.86217 4.81384
threshold=0.41142191464717764 0.031030426409295698 1.4629464469547296e-05 0.28982760544209984 -0.11890179008375486 0.00015018915129510002 0.03102177596071367 0.00017629374424220001 -0.00011926023612039999 7.2492169467870413 -0.25431710301959942 -0.10143340410983513 -0.00013432711870999998 -0.15843495378527897
decision_type=2 2 2 2 2 2 2 2 2 2 2 2 2 2
left_child=1 2 3 7 -4 -6 -7 10 12 -10 -1 -8 -9 -3
right_child=-2 13 4 -5 5 6 11 8 9 -11 -12 -13 -14 -15
leaf_value=-0.00088158998866960127 -0.015386027649856401 -0.0026364207191518362 0.014634957841190271 0.01607477140407752 -0.016349068682044093 0.0097991521721451716 -0.011126984649979261 -0.000103489821081345 -0.00037355454870780771 -0.015204058996400529 0.015881914872298598 -0.001301532365800808 0.0072530890756735194 -0.015200815383495124
leaf_weight=14.729797109961508 15.241501942276953 13.0586404055357 15.847974270582197 24.822249069809914 15.213019549846647 20.305681377649307 27.677337497472763 48.751558274030685 237.50123415887356 15.461193084716795 23.662477508187294 369.62472638487816 95.462414860725403 15.778426170349119
leaf_count=59 75 56 56 86 70 75 122 195 954 70 82 1506 359 75
internal_value=-1.54775e-06 0.000248483 0.000565917 0.00244123 -0.00135356 -0.00194905 -0.0014134 0.00165385 0.000894845 -0.00129736 0.00941356 -0.00199561 0.00475309 -0.00963183
internal_weight=953.138 937.897 909.06 460.391 448.669 432.821 417.608 435.569 397.176 252.962 38.3923 397.302 144.214 28.8371
internal_count=3840 3765 3634 1805 1829 1773 1703 1719 1578 1024 141 1628 554 131
is_linear=0
shrinkage=0.015


Tree=31
num_leaves=17
num_cat=0
split_feature=41 43 19 31 44 15 47 0 26 32 32 28 31 1 42 3
split_gain=16.0207 12.4829 29.9433 14.6492 37.034 15.3149 19.2908 17.4372 14.032 15.6531 13.3913 18.4791 13.3725 19.442 13.3269 11.1683
threshold=0.41142191464717764 0.32866074363425457 1.0000000180025095e-35 0.00010187543984702261 -0.3361213930963059 0.0025828444465625503 -0.039175347953328062 0.00050172263616680014 2.6019077270513757 0.63333306278474866 0.25581984643987415 0.26078285021675479 0.00012822623675482088 1.0000000180025095e-35 -0.24804942975978261 -6.5392116535941511e-06
decision_type=2 2 2 2 2 2 2 2 2 2 2 2 2 2 2 2
left_child=1 2 12 5 -5 10 15 -8 9 -6 11 -4 13 -1 -12 -7
right_child=-2 -3 3 4 8 6 7 -9 -10 -11 14 -13 -14 -15 -16 -17
leaf_value=0.0054074772036622667 -0.015210028606906937 0.01072310027054094 -0.00096106694854382964 -0.012943527684989575 0.0071693404042216594 -0.0023843804582097611 -0.009591520933020941 0.0046617640124900408 -0.0013191165864028282 0.021339192604857629 0.010304861918004995 0.0067544484117915094 -0.024260063366852887 -0.018920734940444679 -0.0020512436800883159 -0.016528270755355554
leaf_weight=15.111331596970558 15.188731312751768 24.752491444349289 128.17522828280926 20.453216508030891 52.732461541891098 20.018136322498322 29.121598854660988 56.575424984097481 22.396818101406097 26.948531195521355 20.802391618490219 152.06805481016636 13.983267918229101 14.040442764759064 304.70608723163605 35.786735087633133
leaf_count=59 75 90 518 92 199 82 126 218 91 89 76 575 70 70 1247 163
internal_value=-1.70188e-06 0.000244642 -3.8717e-05 0.000564687 0.0053694 -0.000221075 -0.00466375 -0.00016388 0.00907435 0.0120209 0.000813906 0.00321894 -0.0122177 -0.00626987 -0.00125031 -0.0115148
internal_weight=952.861 937.672 912.92 869.785 122.531 747.254 141.502 85.697 102.078 79.681 605.752 280.243 43.135 29.1518 325.508 55.8049
internal_count=3840 3765 3675 3476 471 3005 589 344 379 288 2416 1093 199 129 1323 245
is_linear=0
shrinkage=0.015


Tree=32
num_leaves=32
num_cat=0
split_feature=1 0 17 20 39 17 18 4 20 20 32 30 5 17 0 40 36 18 17 20 10 18 0 16 0 4 3 17 40 3 18
split_gain=15.6338 19.1464 15.2097 22.6976 28.6933 18.9427 26.7943 18.1996 20.8444 16.2697 24.5582 24.1385 15.2053 15.7166 20.3228 15.7053 18.1889 27.2518 20.3349 17.1694 14.2334 13.772 13.3755 12.378 10.1153 9.16397 9.11187 7.98539 6.82551 6.64909 1.85382
threshold=1.0000000180025095e-35 0.00020334575301545003 0.20887008616167577 0.50000000000000011 -0.085387905476026885 -0.95429010204653275 -0.15382338952804242 7.7311275740828207e-05 0.25000000000000006 0.75000000000000011 0.49066825791477114 -0.42590295798854733 3.500107641739946e-05 -0.3816555040563766 0.00027306729973840005 0.085140338453449607 -0.094709319811505946 2.0196631799119191 0.45374955099042286 0.50000000000000011 8.1657265818417456e-05 2.6139830075694364 0.00055443029671430012 0.00016369917759615003 0.00033799465060245005 -3.8335834549953616e-05 -1.7633682064983942e-05 -0.056295576130032193 0.026969601997388883 9.2641569651412002e-06 1.4287411222932656
decision_type=2 2 2 2 2 2 2 2 2 2 2 2 2 2 2 2 2 2 2 2 2 2 2 2 2 2 2 2 2 2 2
left_child=1 25 3 7 -5 -6 -7 8 24 11 -11 21 29 14 -14 16 18 19 27 -18 -10 -4 -20 -19 -3 -1 -16 -15 -27 -2 -28
right_child=12 2 9 4 5 6 -8 -9 20 10 -12 -13 13 15 26 -17 17 23 22 -21 -22 -23 -24 -25 -26 28 30 -29 -30 -31 -32
leaf_value=0.00035930626224743323 0.013739920954357188 0.00077464016354609696 0.015498488920239752 -0.011568452115296658 -0.0036521735247550149 -0.002866027566635215 0.013477647590270541 -0.014979132574517041 -0.0053860741699509112 -0.021785193655804107 0.0018085460922802044 -0.012176280593231129 0.0026544687291227003 -0.0032329132670818337 -0.0065684343774041597 -0.016545587112130812 0.014260320652055994 -0.016264601493518833 -0.003705461183812543 0.0021614498733867854 0.010002044524556043 -0.00054395735964390913 0.012777436771502346 0.0014891054342152622 0.015805763370664003 0.019534068508850009 -0.016395162973500608 -0.012202536617756787 0.0065728673636326332 0.00052167616397223238 -0.025847410456947606
leaf_weight=15.961322739720343 17.696901634335518 18.413185849785805 20.619148045778275 18.678916200995445 26.283749133348465 28.015878945589066 110.63281486928463 20.115432366728783 96.308617770671844 22.988985657691956 17.057233512401581 23.690363541245461 19.136040762066841 36.956476449966431 15.573859468102453 15.144347459077833 35.547373190522194 22.119575366377831 25.411164507269859 103.92840470373631 15.505907014012335 28.013274818658829 19.244239971041679 14.248089998960493 23.048642441630363 22.059577539563179 12.60453373193741 60.136590197682381 17.034824267029762 17.191052675247192 13.128419250249861
leaf_count=63 63 73 72 82 110 115 394 91 403 109 67 105 75 154 67 74 126 102 106 408 57 113 70 58 80 74 60 270 64 69 66
internal_value=-1.85111e-06 0.00173179 0.000743572 0.00226249 0.00593844 0.00794347 0.0101594 -0.00161891 0.000132701 -0.00405872 -0.0117105 0.000162597 -0.00213086 -0.00297775 -0.0100121 -0.00168923 -0.000966249 0.00224725 -0.00496671 0.00527314 -0.00322149 0.00623833 0.00336662 -0.00926991 0.00921137 0.0100911 -0.0159228 -0.00882183 0.0139905 0.00732096 -0.0214263
internal_weight=952.495 524.428 469.372 357.003 183.611 164.932 138.649 173.392 153.276 112.369 40.0462 72.3228 428.067 393.179 60.4429 332.736 317.592 175.843 141.748 139.476 111.815 48.6324 44.6554 36.3677 41.4618 55.0557 41.3068 97.0931 39.0944 34.888 25.733
internal_count=3840 2072 1871 1405 701 619 509 704 613 466 176 290 1768 1636 268 1368 1294 694 600 534 460 185 176 160 153 201 193 424 138 132 126
is_linear=0
shrinkage=0.015


Tree=33
num_leaves=24
num_cat=0
split_feature=4 14 20 38 0 16 31 0 15 34 31 37 39 20 4 13 31 46 15 30 32 5 34
split_gain=15.4535 22.4118 15.7565 16.9293 14.1515 16.199 20.5017 14.1494 15.5665 13.1126 12.4956 11.7892 16.6863 11.3187 10.6473 10.6283 23.4498 16.9068 9.5872 9.44051 9.25754 7.44685 4.07276
threshold=1.4629464469547296e-05 0.28982760544209984 0.90000000000000013 -0.091505043748836015 0.00020829337131150004 -8.3238683202877333e-05 4.2666560517170663e-05 0.00015018915129510002 0.0025820984327816006 0.50256303665204916 0.00014471716901488091 0.35731506686585274 -0.11890179008375486 0.50000000000000011 -0.00012588024204109995 1.0000000180025095e-35 0.00012118832802935561 0.4789333893889885 0.0025833685370164005 -0.33799720031683506 0.18170161732828452 4.1222406217611441e-05 0.72386205068822707
decision_type=2 2 2 2 2 2 2 2 2 2 2 2 2 2 2 2 2 2 2 2 2 2 2
left_child=1 2 4 -4 13 6 -6 -2 -9 20 -8 12 -10 21 18 16 -14 -17 -5 -16 -7 -1 -11
right_child=7 -3 3 14 5 9 10 8 11 22 -12 -13 15 -15 19 17 -18 -19 -20 -21 -22 -23 -24
leaf_value=0.010422556631244743 -0.016112952613842331 0.015763366112755254 0.007332457787607452 0.0055926431643068845 -0.010425952735991503 -0.0014542064070642981 0.0071632071768876707 0.013883411631421047 0.013868795036712274 -0.0014313109740209473 -0.0061885362683082321 -0.014927644361834906 0.0026849219979718899 0.016576453390361755 -0.024413109369325704 -0.0050550097551235306 -0.017177672573075439 0.01054444517080733 -0.011506908679083069 -0.006666313543121004 -0.014730533547216039 -0.0037527761621262701 0.0056318641766382408
leaf_weight=16.198085099458694 15.188918888568876 24.733613640069962 18.292999088764191 14.918886080384256 19.519869610667229 21.378693431615829 148.05562311410904 14.252461060881613 15.180491372942923 60.009228885173798 17.352453246712685 15.094161838293074 149.55183677375317 25.810465633869171 14.075509399175646 232.82716630399227 14.523534238338469 16.532968580722809 14.158979177474974 13.963931635022162 27.554045289754868 16.603346928954124 26.163269892334938
leaf_count=59 70 86 69 57 85 87 558 51 54 243 74 75 590 89 68 980 69 61 63 60 124 68 100
internal_value=-1.89614e-06 0.00189533 0.00112999 -0.0051154 0.00238129 0.00113035 0.0040185 -0.00192647 -0.00144593 -0.0028063 0.00574459 -0.00194792 -0.00148051 0.00915304 -0.00915014 -0.00205437 0.000898951 -0.00400601 -0.00267304 -0.0157373 -0.00899812 0.00319462 0.00069317
internal_weight=951.941 478.789 454.055 75.4103 378.645 320.033 184.928 473.152 457.963 135.105 165.408 443.71 428.616 58.6119 57.1173 413.436 164.075 249.36 29.0779 28.0394 48.9327 32.8014 86.1725
internal_count=3840 1890 1804 317 1487 1271 717 1950 1880 554 632 1829 1754 216 248 1700 659 1041 120 128 211 127 343
is_linear=0
shrinkage=0.015


end of trees

feature_importances:
Column_17=72
Column_0=59
Column_18=48
Column_31=43
Column_4=36
Column_32=35
Column_5=31
Column_33=29
Column_41=28
Column_20=26
Column_34=24
Column_43=23
Column_37=21
Column_40=16
Column_44=16
Column_1=15
Column_14=15
Column_46=15
Column_42=14
Column_3=13
Column_19=13
Column_36=13
Column_15=12
Column_16=11
Column_39=11
Column_47=9
Column_8=7
Column_13=6
Column_38=6
Column_45=6
Column_10=5
Column_24=5
Column_35=5
Column_25=4
Column_26=4
Column_23=3
Column_28=3
Column_29=3
Column_30=3
Column_2=2
Column_12=1

parameters:
[boosting: gbdt]
[objective: binary]
[metric: binary_logloss]
[tree_learner: serial]
[device_type: cpu]
[data_sample_strategy: bagging]
[data: ]
[valid: ]
[num_iterations: 800]
[learning_rate: 0.015]
[num_leaves: 63]
[num_threads: 1]
[seed: 2024]
[deterministic: 0]
[force_col_wise: 0]
[force_row_wise: 0]
[histogram_pool_size: -1]
[max_depth: 7]
[min_data_in_leaf: 60]
[min_sum_hessian_in_leaf: 0.001]
[bagging_fraction: 0.8]
[pos_bagging_fraction: 1]
[neg_bagging_fraction: 1]
[bagging_freq: 0]
[bagging_seed: 4542]
[bagging_by_query: 0]
[feature_fraction: 0.8]
[feature_fraction_bynode: 1]
[feature_fraction_seed: 13336]
[extra_trees: 0]
[extra_seed: 29642]
[early_stopping_round: 0]
[early_stopping_min_delta: 0]
[first_metric_only: 0]
[max_delta_step: 0]
[lambda_l1: 0.15]
[lambda_l2: 0.15]
[linear_lambda: 0]
[min_gain_to_split: 0]
[drop_rate: 0.1]
[max_drop: 50]
[skip_drop: 0.5]
[xgboost_dart_mode: 0]
[uniform_drop: 0]
[drop_seed: 2449]
[top_rate: 0.2]
[other_rate: 0.1]
[min_data_per_group: 100]
[max_cat_threshold: 32]
[cat_l2: 10]
[cat_smooth: 10]
[max_cat_to_onehot: 4]
[top_k: 20]
[monotone_constraints: ]
[monotone_constraints_method: basic]
[monotone_penalty: 0]
[feature_contri: ]
[forcedsplits_filename: ]
[refit_decay_rate: 0.9]
[cegb_tradeoff: 1]
[cegb_penalty_split: 0]
[cegb_penalty_feature_lazy: ]
[cegb_penalty_feature_coupled: ]
[path_smooth: 0]
[interaction_constraints: ]
[verbosity: -1]
[saved_feature_importance_type: 0]
[use_quantized_grad: 0]
[num_grad_quant_bins: 4]
[quant_train_renew_leaf: 0]
[stochastic_rounding: 1]
[linear_tree: 0]
[max_bin: 255]
[max_bin_by_feature: ]
[min_data_in_bin: 3]
[bin_construct_sample_cnt: 200000]
[data_random_seed: 6648]
[is_enable_sparse: 1]
[enable_bundle: 1]
[use_missing: 1]
[zero_as_missing: 0]
[feature_pre_filter: 1]
[pre_partition: 0]
[two_round: 0]
[header: 0]
[label_column: ]
[weight_column: ]
[group_column: ]
[ignore_column: ]
[categorical_feature: ]
[forcedbins_filename: ]
[precise_float_parser: 0]
[parser_config_file: ]
[objective_seed: 12337]
[num_class: 1]
[is_unbalance: 0]
[scale_pos_weight: 1]
[sigmoid: 1]
[boost_from_average: 1]
[reg_sqrt: 0]
[alpha: 0.9]
[fair_c: 1]
[poisson_max_delta_step: 0.7]
[tweedie_variance_power: 1.5]
[lambdarank_truncation_level: 30]
[lambdarank_norm: 1]
[label_gain: ]
[lambdarank_position_bias_regularization: 0]
[eval_at: ]
[multi_error_top_k: 1]
[auc_mu_weights: ]
[num_machines: 1]
[local_listen_port: 12400]
[time_out: 120]
[machine_list_filename: ]
[machines: ]
[gpu_platform_id: -1]
[gpu_device_id: -1]
[gpu_use_dp: 0]
[num_gpu: 1]

end of parameters

pandas_categorical:null
