tree
version=v4
num_class=1
num_tree_per_iteration=1
label_index=0
max_feature_idx=31
objective=binary sigmoid:1
feature_names=Column_0 Column_1 Column_2 Column_3 Column_4 Column_5 Column_6 Column_7 Column_8 Column_9 Column_10 Column_11 Column_12 Column_13 Column_14 Column_15 Column_16 Column_17 Column_18 Column_19 Column_20 Column_21 Column_22 Column_23 Column_24 Column_25 Column_26 Column_27 Column_28 Column_29 Column_30 Column_31
feature_infos=[3.0120481673816784:99.999996000000166] [-0.53433414388727229:1.4469229711846745] [3.093834323695443e-05:0.0017019304877002] [0:1] [0:1] [-0.00065594489625440001:0.00026094819299229998] [-0.00081966228240840002:0.00041356619683369998] [-0.00087428588186749996:0.00057068782931430002] [1.1165808685922799e-05:0.00028649734867021876] [-0.00073151517425030003:0.0005814680505185] [-0.00073151517425030003:0.0005814680505185] [-0.0010626992561096999:0.00050100200400759998] [0:1] [0:1] [-1:1] [0.0025766135871148998:0.0025926574655654] [-0.00087427610134170001:0.00045731061937789999] [-0.82168917284597498:10] [0:0.7833333333320277] [0.20000000000000001:1] [0.03021731152346948:84.898075260263283] [0:1] [0:0.99357560509364073] [0:0.4761866008936243] [0.41182413358450487:3.9782031148386223] [0:0.00025428977148314488] [-0.78947368421052633:0.68421052631578938] [0:0.59627329155533781] [0:3.5079726491661578] [0.10000000000000001:0.90000000000000002] [0:0.96876186003303599] [0:0.99999999954760355]
tree_sizes=3490 3808 3578 3895 3672 4023 3265 4233 3817 4025 3398 3179 3505 3711 3800 3909 3800 3837 3930

Tree=0
num_leaves=31
num_cat=0
split_feature=25 7 2 19 11 21 23 19 31 7 21 22 27 25 21 1 7 29 26 21 21 0 0 9 9 19 8 8 26 7
split_gain=69.8234 44.2801 44.0638 34.1069 29.5147 29.4321 28.81 27.6029 26.9606 21.2681 23.3512 20.8891 20.4354 20.0229 17.9641 14.83 14.7098 14.1227 10.3009 10.2314 9.96339 9.53593 9.3805 9.14143 10.1559 8.58169 8.37718 7.74908 4.00069 2.94765
threshold=3.5998359727215229e-05 -0.00017495045551994996 0.00043704955932570008 0.50000000000000011 4.377804531070888e-05 0.024519984764450969 0.079353020660184126 0.75000000000000011 0.11291951610652036 6.2775339445113288e-05 0.10906493723774043 0.75281749660803754 0.10638297861021159 3.1124438556734428e-05 0.0015433165095857101 0.9389605104188784 0.00011683663094155001 0.60662386973405968 -0.10526315789473688 0.04542149179464576 0.38508579227135609 57.719392195690325 27.999999607990912 -1.8789987442109273e-05 1.8782105662038757e-05 0.25000000000000006 7.2370052574607563e-05 4.9381850765733064e-05 -0.2105263157894737 4.5050188852622509e-05
decision_type=2 2 2 2 2 2 2 2 2 2 2 2 2 2 2 2 2 2 2 2 2 2 2 2 2 2 2 2 2 2
left_child=8 22 3 6 11 7 16 -6 9 14 -11 27 -12 17 -1 -7 18 -10 -3 -4 -14 28 -2 -16 25 -25 -13 -5 -8 -21
right_child=1 2 19 4 5 15 21 -9 13 10 12 26 20 -15 23 -17 -18 -19 -20 29 -22 -23 -24 24 -26 -27 -28 -29 -30 -31
leaf_value=0.023430485122574344 0.0039641477934882815 -0.0074348147591124002 -0.008428173610571037 3.4512117548633198e-09 -0.012750624369908103 -0.018903088801364435 -0.014891492013712114 0.0094550775058070864 -0.0019434747015487919 -0.013274945756760352 -0.0095442391655665062 0.0046397466974881325 0.015619362441764584 0.0061179122441885623 0.00018178844124199699 -0.0011178129241432764 -0.018297675875972811 -0.020701233280558343 0.001117971570978414 -0.018558128701706606 0.0025785461979500276 -0.0066507336155243396 0.01786917047509768 0.0047096736159571223 -0.00052013048939216638 0.013218132051535061 0.015894952382271843 -0.014891492013712111 -0.025523053280329628 -0.029531816821836008
leaf_weight=19.492718786001205 22.185660973191261 57.733002051711082 14.547515422105787 15.502791076898577 19.354830920696259 38.907324373722076 15.700453609228129 35.298163130879402 19.445402935147285 19.966296926140785 16.297500893473625 140.44329865276814 28.382633790373802 26.760317027568817 27.555026844143867 14.856328159570692 15.342225238680838 17.261035799980164 69.10167820751667 13.99988377094269 25.516806825995445 14.259280875325201 22.585045725107193 37.35080187022686 19.157168388366699 104.45947612822056 16.801876381039619 15.700453609228132 23.017467483878139 14.267540127038954
leaf_count=64 86 244 62 62 85 178 70 131 79 88 70 542 100 102 110 60 70 80 274 64 100 60 78 144 77 376 59 70 110 70
internal_value=3.45121e-09 -0.00322685 -0.00443019 -0.00315153 4.3726e-05 -0.00617926 -0.00801992 0.00153671 0.00517084 0.0070624 0.000947513 0.00363788 0.00504451 -0.00367636 0.00969947 -0.0140471 -0.00447139 -0.0108736 -0.00276158 -0.0190096 0.00951156 -0.0174614 0.011065 0.00825029 0.00961607 0.0110003 0.00587068 -0.00751652 -0.0213439 -0.0243027
internal_weight=941.25 579.605 534.834 492.019 296.865 108.417 195.154 54.653 361.645 298.178 90.1632 188.448 70.1969 63.4668 208.015 53.7637 142.177 36.7064 126.835 42.8149 53.8994 52.9772 44.7707 188.522 160.967 141.81 157.245 31.2032 38.7179 28.2674
internal_count=3765 2375 2211 2015 1187 454 828 216 1390 1129 358 733 270 261 771 238 588 159 518 196 200 240 164 707 597 520 601 132 180 134
is_linear=0
shrinkage=1


Tree=1
num_leaves=34
num_cat=0
split_feature=25 6 31 22 19 29 19 25 9 2 17 29 17 1 9 2 24 2 2 2 28 17 17 22 20 2 8 14 24 19 2 18 9
split_gain=67.763 31.3216 26.1657 25.7873 38.2784 19.45 19.4994 19.4352 19.3525 15.2887 18.5538 13.7051 13.233 13.2257 15.6457 13.1899 11.6964 11.3295 13.4 11.1977 11.1165 11.0237 14.4446 10.8356 10.752 10.49 10.1116 8.84942 8.81731 6.72861 6.00131 4.34388 2.94708
threshold=3.5998359727215229e-05 7.0532204086337858e-05 0.11291951610652036 0.74686333003302263 0.75000000000000011 0.48714112891614975 0.50000000000000011 3.1124438556734428e-05 2.5009613076060432e-05 0.00043704955932570008 4.253658705395492 0.60662386973405968 9.9872732543902547 0.91322754799673111 -1.2529051740737904e-05 0.00019058234961615004 0.94611197901937316 0.00026633404883140004 0.00030840414325765002 0.00015812868964775001 0.8275861926277569 1.8148000189246611 0.81193342708674276 0.96401360406218661 0.030217754798327161 0.00031147956889960004 6.4739629065281709e-05 1.0000000180025095e-35 0.91677921309332333 0.75000000000000011 0.00025155731193435006 0.041666666666597151 -6.2550040033843552e-06
decision_type=2 2 2 2 2 2 2 2 2 2 2 2 2 2 2 2 2 2 2 2 2 2 2 2 2 2 2 2 2 2 2 2 2
left_child=2 3 8 4 25 6 21 11 12 10 24 -4 13 14 28 16 27 20 -19 -8 -17 22 -5 -16 30 32 -21 -7 -1 -10 -3 -23 -2
right_child=1 9 7 5 -6 15 19 -9 29 -11 -12 -13 -14 -15 23 17 -18 18 -20 26 -22 31 -24 -25 -26 -27 -28 -29 -30 -31 -32 -33 -34
leaf_value=-0.0026673474593204988 -0.015477070590313105 -0.022611608796598535 -0.001914550997890086 -0.011634942733503031 0.0073886785462711118 0.0014793850288752806 0.010239475557055721 0.0060267076860537989 -0.0094945540012831894 -0.023225533091986179 0.0057652021310866672 -0.020395570972373041 -0.0039754878017256405 -0.0019031595297906568 0.013603013450770567 0.016259580042410533 0.0054447181842205419 -0.0077402717061689219 0.0047315987484562163 -0.0083008730404929617 0.0045355129769714909 -0.02228957852403906 0.006653441797772921 0.0017572403772688986 -0.0027518600110791156 -0.0059100948941633678 0.005173217340340268 -0.010084676906402331 0.011198607976367986 0.0036974806863919202 -0.010295212349061146 -0.010725282280743841 -0.024867801343737863
leaf_weight=28.419105768203735 16.514736026525497 19.383036479353905 19.445384711027145 25.692775592207909 20.673767656087875 22.761799782514572 20.624686107039452 26.760067343711853 19.101168468594551 18.854197338223457 16.74580092728138 17.259186983108521 17.948544532060623 21.43343523144722 159.88953617215157 28.824814140796661 29.479281798005104 27.140636950731277 66.3849987834692 30.556050986051559 51.54493410885334 16.002557948231697 15.284125640988348 20.041892528533936 19.325279876589775 15.516457572579382 20.842449545860291 41.091045677661896 15.881256863474844 15.453020915389059 18.981354787945747 16.38136975467205 20.977578058838844
leaf_count=116 74 91 79 112 78 90 76 102 82 89 64 80 74 87 573 101 113 115 256 130 199 75 58 79 79 65 80 177 58 60 82 71 100
internal_value=0 -0.00317933 0.00509367 -0.00164503 -0.00981001 -0.000178471 -0.00459613 -0.00362193 0.00695721 -0.0111377 -0.00800518 -0.0107134 0.00834288 0.0092539 0.0103309 0.00221775 -0.00231257 0.00466207 0.00108171 0.000920472 0.00879078 -0.0100336 -0.00475939 0.0122986 -0.0120458 -0.0165619 -0.00279423 -0.00593344 0.00227386 -0.00353961 -0.0166401 -0.0165854 -0.0208693
internal_weight=941.216 579.584 361.633 486.294 73.6825 412.612 145.384 63.4646 298.168 93.2897 74.4355 36.7046 263.614 245.665 224.232 267.228 93.3321 173.895 93.5256 72.0232 80.3697 73.3608 40.9769 179.931 57.6897 53.0088 51.3985 63.8528 44.3004 34.5542 38.3644 32.3839 37.4923
internal_count=3765 2375 1390 1970 317 1653 602 261 1129 405 316 159 987 913 826 1051 380 671 371 286 300 316 170 652 252 239 210 267 174 142 173 146 174
is_linear=0
shrinkage=0.015


Tree=2
num_leaves=32
num_cat=0
split_feature=15 7 2 22 19 7 17 17 7 21 21 11 17 31 11 22 19 17 21 0 0 8 7 24 17 17 18 24 7 7 23
split_gain=66.4438 45.7145 42.4358 32.1415 24.8679 23.8494 37.053 18.0243 16.3377 13.6603 27.9882 24.1702 26.2332 18.4309 16.063 13.0434 14.2847 15.2098 20.6628 14.3575 10.6505 10.1911 15.1669 8.42562 7.23376 5.76963 3.31017 2.37696 1.9861 1.93939 0.77524
threshold=0.0025820912250232504 -0.00017495045551994996 0.00043704955932570008 0.74686333003302263 0.75000000000000011 6.2775339445113288e-05 0.88775862584289744 2.6758770057819992 -8.3539887087927326e-05 0.62940455595842171 0.84818272625767022 4.377804531070888e-05 0.91637814689048491 0.047223091554434195 -1.0000000180025095e-35 0.92674119045381298 0.75000000000000011 1.0992624828949913 0.21532609190265792 49.333332412451036 24.390243069615831 3.2596721879973967e-05 8.6358596750751477e-05 0.83473345390232045 0.38144077160754586 0.51344637573522001 0.10833333333315277 0.81524116552373171 -3.4499792023976043e-05 3.2480994488558527e-05 0.032881180061534697
decision_type=2 2 2 2 2 2 2 2 2 2 2 2 2 2 2 2 2 2 2 2 2 2 2 2 2 2 2 2 2 2 2
left_child=5 20 3 4 27 8 24 -4 -1 11 -11 12 -5 -13 -12 16 17 25 -19 -18 -2 22 -8 -17 -7 -10 -24 -3 -29 -21 -9
right_child=1 2 7 9 -6 6 21 30 15 10 14 13 -14 -15 -16 23 19 18 -20 29 -22 -23 26 -25 -26 -27 -28 28 -30 -31 -32
leaf_value=-0.0069144118627008254 0.00081352251378788876 -0.01343801331667998 -0.0048074877054628054 -0.0026267390278867553 0.0017639715882152931 -0.0054289571082108169 -0.010027308819583667 -0.029100194760085137 0.0084411092775342842 -0.022078761280966856 -0.0096134484405496368 -0.010214032179781991 0.0079834200539380534 0.0011764708192949782 0.0062281557675701689 -0.0075683690581801605 0.0064574818754800437 -0.0079943455050306422 0.0080137354482122808 0.017121504978869006 0.016167574430492996 0.012903317114063249 0.0022770122536177337 0.0068680299321915153 -0.019763948625327751 0.020270107074038771 0.011860659865407595 -0.01574577682195908 -0.024539003639318033 0.02492992940568195 -0.021651293842180137
leaf_weight=16.127523243427277 15.62164832651615 21.71297512948513 14.172166332602499 99.990800052881241 20.041527673602104 14.377879649400709 17.638777703046799 14.874178722500803 17.951885312795639 20.723910689353943 28.853456109762192 74.172606408596039 109.43907605111599 55.4635970890522 28.339633956551552 16.534744545817375 23.187400221824646 23.806605383753777 73.562211468815804 17.888349965214729 30.846782490611076 24.705252781510353 17.321437612175941 19.822665020823479 19.536689460277557 22.209483623504639 16.52697628736496 14.437510475516321 16.574838310480118 21.668072834610939 13.025930404663084
leaf_count=68 62 96 59 408 79 60 76 73 67 97 124 320 411 220 108 70 88 101 276 62 108 89 68 75 90 75 60 65 79 70 61
internal_value=0 -0.00315763 -0.00440808 -0.00315756 -0.0123501 0.0050294 -0.000778034 -0.0188487 0.0075671 -0.00154413 -0.00720222 -0.00023467 0.00290869 -0.00532765 -0.00172881 0.00856734 0.0100671 0.00731748 0.00407042 0.0160265 0.0110734 0.00500605 0.00114664 0.000236844 -0.0138034 0.0150895 0.00705423 -0.0177474 -0.0206131 0.0215335 -0.0258371
internal_weight=941.157 578.291 531.822 489.75 72.7669 362.866 110.107 42.0723 252.759 416.983 77.917 339.066 209.43 129.636 57.1931 236.631 200.274 137.53 97.3688 62.7438 46.4684 76.1924 51.4872 36.3574 33.9146 40.1614 33.8484 52.7253 31.0123 39.5564 27.9001
internal_count=3765 2370 2200 2007 319 1395 443 193 952 1688 329 1359 819 540 232 884 739 519 377 220 170 293 204 145 150 142 128 240 144 132 134
is_linear=0
shrinkage=0.015


Tree=3
num_leaves=35
num_cat=0
split_feature=15 22 6 19 1 2 18 8 15 19 17 22 17 24 29 17 8 17 18 11 24 24 17 19 5 17 31 8 8 24 24 15 28 5
split_gain=64.4924 28.3822 30.7118 24.864 16.0629 15.4667 15.319 17.4622 14.8531 13.6378 16.6121 13.0334 16.6446 19.8937 19.268 12.7326 22.9151 12.3215 11.3388 11.3181 10.6807 11.2141 9.76639 9.71656 9.59808 9.54995 10.2455 8.44592 7.03716 11.5387 8.41429 4.90143 4.50332 3.85373
threshold=0.0025820912250232504 0.74686333003302263 7.0532204086337858e-05 0.75000000000000011 0.91322754799673111 0.00038384147343245004 1.0000000180025095e-35 7.1033420124595604e-05 0.0025820280072507504 0.50000000000000011 0.21030792915989527 0.91383772185084478 1.0493312627692408 0.80526051744675919 0.5050016321962757 2.1938604244380442 2.7225166536896809e-05 4.0160565242575865 0.12499999999979165 -0.00011250703172889998 0.74810371383122354 0.93078022739861288 1.1366479501745486 0.75000000000000011 2.7621588311948822e-06 3.9570449664932097 0.023667064921317378 7.8716070462931588e-05 2.679986821773174e-05 0.77618963092070925 0.92769303715013141 0.0025822767257831503 0.97959182007536383 -1.0092501624260327e-05
decision_type=2 2 2 2 2 2 2 2 2 2 2 2 2 2 2 2 2 2 2 2 2 2 2 2 2 2 2 2 2 2 2 2 2 2
left_child=4 3 6 19 8 25 -3 9 28 10 -8 15 -13 -14 -15 20 -17 -18 -11 -2 -10 -22 -6 -24 27 26 -4 -9 29 -1 -31 33 -7 -21
right_child=1 2 5 -5 22 32 7 24 11 18 -12 12 13 14 -16 16 17 -19 -20 31 21 -23 23 -25 -26 -27 -28 -29 -30 30 -32 -33 -34 -35
leaf_value=0.017539396349757531 -0.0043798467752548644 -0.010710206183033283 -0.016838701822536682 0.0016877575113621512 -0.012544987671057254 -0.02486615011725718 -0.016725511417726754 0.010487504614810175 -0.00018968246126063881 0.00080124993696104486 -0.001921127676789853 -0.010331973074169319 -0.0091993480026335943 -0.0021880840988490738 0.017921145506780204 0.01478811479839524 -0.015590021268574953 0.0024746314108625924 0.012525279061264473 -0.02150997507706565 0.016738159940362148 0.0045168610037833144 -0.0065181708214549008 0.0093832218634216941 0.01505706742574147 0.0046892248092024946 -0.0026040654341584839 -0.003394819987279855 0.018119882322464604 -0.0039580047539075252 0.011233591631176879 -0.025871682427155207 -0.012124974392597913 -0.0097758167194358456
leaf_weight=19.705761149525642 14.697170019149778 27.472712174057961 20.095589533448219 24.34086862206459 15.93605527281761 14.411317706108095 19.690611660480499 18.513769805431366 17.485958158969879 142.13362854719162 126.07553608715534 25.9291170835495 17.961399734020233 18.184988915920258 25.251451686024666 17.529273867607117 16.309723243117332 17.116012930870056 21.304870843887329 13.023028299212456 51.396967396140099 26.194009631872177 16.654325470328331 17.545067861676216 25.708410143852234 15.57112282514572 27.158158302307129 20.459678813815117 27.06811735033989 17.741286471486092 14.824520543217657 18.893254742026329 13.654844641685484 15.030908450484276
leaf_count=68 61 119 91 96 70 69 89 68 70 565 512 112 77 74 87 62 73 67 77 61 179 101 70 65 91 60 111 84 93 73 54 91 60 65
internal_value=0 -0.00311121 -0.00171527 -0.0110597 0.00495506 -0.00958105 6.3312e-05 0.00086493 0.00622076 -0.000612103 -0.00395151 0.0042945 -0.000265295 0.00396426 0.00947209 0.00703412 0.000930686 -0.00630308 0.00235336 -0.0161215 0.0102749 0.012658 -0.00288943 0.00157945 0.00794551 -0.00537201 -0.00873922 0.00315719 0.0118393 0.0085015 0.0029085 -0.0197239 -0.0188444 -0.0153882
internal_weight=941.07 578.235 492.25 85.9852 362.834 90.891 401.359 373.887 312.699 309.205 145.766 233.359 87.327 61.3978 43.4364 146.032 50.955 33.4257 163.438 61.6444 95.0769 77.591 50.1354 34.1994 64.6819 62.8249 47.2537 38.9734 79.3397 52.2716 32.5658 46.9472 28.0662 28.0539
internal_count=3765 2370 1996 374 1395 391 1605 1486 1190 1243 601 902 350 238 161 552 202 140 642 278 350 280 205 135 243 262 202 152 288 195 127 217 129 126
is_linear=0
shrinkage=0.015


Tree=4
num_leaves=33
num_cat=0
split_feature=25 7 2 19 11 21 23 19 31 17 7 21 22 25 21 17 2 17 1 2 17 24 22 21 0 8 8 7 8 11 8 7
split_gain=63.0278 41.3144 40.3112 31.8029 27.7706 28.5561 26.6999 26.2725 24.7782 19.9398 19.4916 22.1259 18.8462 18.8355 17.1264 16.9933 18.7312 16.4265 14.487 12.7813 12.7433 12.469 15.2684 14.468 8.85642 7.90142 7.76332 7.4721 7.33344 4.74486 4.1001 0.66514
threshold=3.5998359727215229e-05 -0.00017495045551994996 0.00043704955932570008 0.50000000000000011 4.377804531070888e-05 0.024519984764450969 0.079353020660184126 0.75000000000000011 0.11291951610652036 2.2779382648696278 6.2775339445113288e-05 0.10906493723774043 0.75281749660803754 3.1124438556734428e-05 0.0015433165095857101 9.9872732543902547 0.00026824254986810002 2.6424511320684756 0.9389605104188784 0.00012952752323005002 9.9872732543902547 0.8448603692373281 0.88791167382134917 0.22375346000643959 27.999999607990912 7.2370052574607563e-05 2.5490559117826539e-05 7.4881034498585776e-06 4.9381850765733064e-05 8.7647631486921127e-05 5.0935356343215541e-05 1.1060153238281772e-05
decision_type=2 2 2 2 2 2 2 2 2 2 2 2 2 2 2 2 2 2 2 2 2 2 2 2 2 2 2 2 2 2 2 2
left_child=8 24 3 6 12 7 15 -6 10 -4 14 -12 28 27 -1 16 -3 30 -7 -13 21 22 -16 -23 -2 -14 -21 -10 -5 -28 -8 -11
right_child=1 2 9 4 5 18 17 -9 13 31 11 19 25 -15 20 -17 -18 -19 -20 26 -22 23 -24 -25 -26 -27 29 -29 -30 -31 -32 -33
leaf_value=0.022662780897063674 0.0038356798648339963 -0.0028135630676289622 -0.0034857005559312797 0.00016008016070345144 -0.012298525335947545 -0.018509658737094717 -0.016155921563061774 0.0093671668519305241 -0.0025895231623402504 -0.021304747432179864 -0.012974256943461857 -0.0064990632838415052 0.0044896312688215909 0.005928903636446152 0.0099277989660613297 0.010553495093069572 -0.016305806303740795 -0.0057687160769652693 -0.00093132860779659098 0 -0.0042682772847597505 0.0014941386849776552 -0.0029617594817344696 0.016588916846158513 0.017352207269408747 0.01542389657115645 0.017443191777758788 -0.016449993007348798 -0.014211508090117278 0.006311527540269906 -0.027860833560104156 -0.028409646723610332
leaf_weight=19.477509945631027 22.184429511427879 96.290613010525703 14.286608323454855 15.497670203447344 19.34764364361763 38.897009298205376 13.500147983431814 35.293212190270424 15.870677024126051 12.817489653825762 19.962182000279427 16.652251243591309 140.43156465888023 26.757400244474411 54.557870179414749 15.233364000916479 30.629398718476295 19.772976636886597 14.853312343358992 16.759064644575119 17.419224381446838 18.779228344559669 32.79778678715229 64.904440730810165 22.576963379979134 16.79715958237648 19.382540926337242 20.826076716184616 15.68857306241989 17.388414815068245 19.665695324540138 15.666151374578474
leaf_count=64 86 394 59 62 85 178 61 131 65 60 88 70 542 102 201 56 138 83 60 67 72 74 134 226 78 59 67 94 70 66 96 77
internal_value=0 -0.00306749 -0.00423019 -0.00300725 7.81458e-05 -0.00595866 -0.00770924 0.00164188 0.0049123 -0.0181831 0.00672622 0.000870824 0.0035649 -0.00356912 0.00925139 -0.00429278 -0.00610274 -0.0168028 -0.0137099 0.00486009 0.00783645 0.00908503 0.0050659 0.0132371 0.0107385 0.00568565 0.00844392 -0.0105516 -0.00703132 0.0122872 -0.0232581 -0.0254194
internal_weight=940.965 579.43 534.669 491.898 296.806 108.391 195.092 54.6409 361.535 42.7702 298.081 90.1445 188.415 63.4542 207.936 142.153 126.92 52.9388 53.7503 70.1823 188.459 171.039 87.3557 83.6837 44.7614 157.229 53.53 36.6968 31.1862 36.771 33.1658 28.4836
internal_count=3765 2375 2211 2015 1187 454 828 216 1390 196 1129 358 733 261 771 588 532 240 238 270 707 635 335 300 164 601 200 159 132 133 157 137
is_linear=0
shrinkage=0.015


Tree=5
num_leaves=36
num_cat=0
split_feature=8 7 2 19 31 7 17 7 17 17 22 17 17 5 21 19 9 28 2 22 7 5 2 1 6 19 19 1 20 24 28 24 24 7 8
split_gain=58.1028 43.4271 29.7538 27.1556 22.9977 25.9068 27.7555 45.8579 22.1504 21.7687 20.7997 19.6696 17.528 16.6839 27.3673 16.6266 15.7225 15.6781 21.0752 14.4386 14.2735 26.1163 12.7123 12.1943 10.4852 10.4349 10.25 10.2046 10.188 8.14582 11.3563 4.59315 4.24618 0.991561 0.754282
threshold=4.0895032805791287e-05 -0.00017495045551994996 0.00043704955932570008 0.50000000000000011 0.11189362192738396 6.5825838065258738e-05 7.3589800037319462 -5.799806008140946e-06 2.2779382648696278 0.24083680104490354 0.84279922989552325 0.88775862584289744 2.9826663064123333 1.8975575234694381e-05 0.032680958650210971 0.75000000000000011 1.8778108481394541e-05 0.72198643395290507 0.00015812868964775001 0.92798906016360105 -1.9748845338590206e-06 2.6276496896363005e-05 0.00019058234961615004 0.14384599985448962 -7.3766097521075338e-06 0.25000000000000006 0.75000000000000011 0.14781426111528573 0.03021762741065084 0.83380603927828589 0.92857141198970572 0.83473345390232045 0.74085574783366748 -2.2643833407053604e-05 8.3006921396714363e-05
decision_type=2 2 2 2 2 2 2 2 2 2 2 2 2 2 2 2 2 2 2 2 2 2 2 2 2 2 2 2 2 2 2 2 2 2 2
left_child=4 27 3 9 5 6 16 23 -4 33 12 26 -11 17 15 -15 19 -5 -19 22 -6 32 -1 -8 -21 -12 -7 -2 -16 -13 -31 -18 -22 -3 -10
right_child=1 2 8 13 20 11 7 -9 34 10 25 29 -14 14 28 -17 31 18 -20 24 21 -23 -24 -25 -26 -27 -28 -29 -30 30 -32 -33 -34 -35 -36
leaf_value=0.011302165472192474 0.0042372753095697236 -0.016966817285193243 -0.0020622925347789241 0.013203838055231064 0.0048409915277172746 -0.020592383573329806 -0.0033714541850568573 0.016929167602198453 -0.020911643264098556 -0.02424899810105104 -0.0096702479868195738 -0.0041106045773067262 -0.0044006743958856787 -0.0096554269046984116 -0.023790742771399552 0.0081904311964634963 -0.0062899326534750334 0.012312940546337881 -0.0027593418344013698 0.0093144748731199198 -0.023146963461686643 0.0071039867247877884 0.02297834057009215 -0.022420629376834984 -0.0072554541009223674 0.0014292450229619212 -0.0033297013880215199 0.019579967361914953 -0.0076423787800097634 -0.0012998163381460789 0.013184232755527591 0.0053934854012866185 -0.011500595535150105 -0.024512976606626154 -0.028260107419952149
leaf_weight=143.85081793367863 22.298090130090714 13.168731838464739 14.930670663714407 25.021125286817551 27.246442317962646 13.753726944327353 14.613601744174959 17.028307497501373 13.201704233884813 21.357092052698135 27.183990433812141 22.53460481762886 19.483879163861275 18.764754861593246 17.91264283657074 30.715896964073181 14.782872110605242 25.958614110946655 103.8269916176796 20.501211866736412 13.108484715223311 15.603790536522864 25.260538071393967 16.405288681387901 14.458376765251158 62.068131074309349 18.470698103308678 18.03447724878788 18.603174090385437 21.544769898056984 27.044435039162636 15.161733776330946 19.26395608484745 13.39200499653816 14.235883727669714
leaf_count=524 86 60 61 90 105 64 60 59 62 102 117 93 81 81 85 115 62 94 424 76 62 59 83 77 61 246 76 61 79 87 97 58 84 64 70
internal_value=0 -0.00365212 -0.00502258 -0.00373788 0.00380373 0.00528664 0.00764067 -0.00270016 -0.0169657 -0.0085968 -0.00603164 -0.0011181 -0.0148857 -0.000564202 -0.00586347 0.00136861 0.00977379 0.00236789 0.000248706 0.0112624 -0.00375965 -0.00869071 0.0130784 -0.0135778 0.00239578 -0.00193677 -0.0108284 0.0112004 -0.0156902 0.00326335 0.00673151 -0.000302152 -0.0163707 -0.0209721 -0.0249388
internal_weight=940.792 480.158 439.825 397.457 460.634 385.411 282.063 48.0472 42.3683 156.654 130.093 103.348 40.841 240.803 85.9965 49.4807 234.016 154.807 129.786 204.071 75.2227 47.9762 169.111 31.0189 34.9596 89.2521 32.2244 40.3326 36.5158 71.1238 48.5892 29.9446 32.3724 26.5607 27.4376
internal_count=3765 1978 1831 1638 1787 1477 1060 196 193 670 546 417 183 968 360 196 864 608 518 744 310 205 607 137 137 363 140 147 164 277 184 120 146 124 132
is_linear=0
shrinkage=0.015


Tree=6
num_leaves=29
num_cat=0
split_feature=25 7 2 19 23 31 2 17 7 25 17 5 17 17 27 17 17 22 22 10 17 0 25 6 0 19 27 23
split_gain=59.8699 39.0167 38.0716 30.1011 25.387 23.3962 21.1243 18.844 18.3986 18.0182 17.3281 16.5909 16.4601 16.4142 22.8248 15.5855 14.7976 13.5616 12.7187 11.8691 8.57147 8.52591 8.46297 8.22278 5.13564 4.55092 2.96869 0.689099
threshold=3.5998359727215229e-05 -0.00017495045551994996 0.00043704955932570008 0.50000000000000011 0.079353020660184126 0.11291951610652036 0.00011393964559445 2.2779382648696278 6.2775339445113288e-05 3.1124438556734428e-05 0.88775862584289744 1.9365554385600806e-05 0.14521620268757118 9.9872732543902547 0.18781725878785291 2.6424511320684756 9.9872732543902547 0.92197236271355365 0.75536564806809237 1.8778108481394541e-05 0.30266075673412995 27.999999607990912 3.0683202387144388e-05 -6.4993191721694983e-06 44.680850398376428 0.75000000000000011 0.079650027839180348 0.032881180061534697
decision_type=2 2 2 2 2 2 2 2 2 2 2 2 2 2 2 2 2 2 2 2 2 2 2 2 2 2 2 2
left_child=5 21 3 4 13 8 -5 -4 16 23 -10 18 -13 14 -3 26 17 19 -8 20 -1 -2 25 -7 -19 -12 -6 -9
right_child=1 2 7 6 15 9 11 27 10 -11 22 12 -14 -15 -16 -17 -18 24 -20 -21 -22 -23 -24 -25 -26 -27 -28 -29
leaf_value=0.025373935682031855 0.0036552105556350465 -0.0037504578802189195 -0.0034037136627787425 0.016019446528474812 -0.026399223462744675 -0.0021919451187963498 -0.0077019220286334324 -0.027864147203814884 -0.0095424546846021169 0.0058343473152566733 -0.0042636345106545001 0.0036375349681422239 -0.0097550284837849537 0.010412857317093868 -0.024552163362052983 -0.0056313449304718106 -0.0041073423859477598 0.0066371669796353606 0.0034569910173048147 0.00016650134146392709 0.012299182668991913 0.016920281597119745 0.012295177061362728 -0.016652126030053581 -0.0049762887997210434 0.0056176739637251753 -0.015999149019474548 -0.020801635213313283
leaf_weight=12.866633042693136 22.181780532002449 113.70455744862556 14.285062313079832 17.439680233597755 20.76523432135582 16.39543990790844 26.798762395977974 15.024307250976564 25.510846197605133 26.755378514528275 19.607657849788666 28.787468165159225 70.513903141021729 15.232761830091475 13.191935524344442 19.768083468079567 17.41767980158329 19.816237971186638 153.2063864916563 17.078356087207794 125.95810528099537 22.55938857793808 22.993434906005859 20.288685634732246 14.697628274559973 22.011323422193527 12.348588570952414 13.394300922751425
leaf_count=41 86 469 59 61 101 67 114 74 110 102 81 112 304 56 63 83 72 75 596 68 454 78 83 92 61 84 56 63
internal_value=0 -0.00299118 -0.00412135 -0.00293323 -0.00750882 0.00478763 6.83875e-05 -0.0176927 0.0065508 -0.00345401 0.000860618 -0.000927597 -0.00585027 -0.00417771 -0.00595711 -0.0163822 0.00900502 0.0102185 0.00177816 0.0121028 0.0135533 0.010428 0.00501538 -0.0102857 0.00162657 0.000909901 -0.0226782 -0.0247409
internal_weight=940.6 579.202 534.461 491.757 195.011 361.397 296.746 42.7037 297.958 63.4395 90.1233 279.307 99.3014 142.129 126.896 52.8819 207.835 190.417 180.005 155.903 138.825 44.7412 64.6124 36.6841 34.5139 41.619 33.1138 28.4186
internal_count=3765 2375 2211 2015 828 1390 1187 196 1129 261 358 1126 416 588 532 240 771 699 710 563 495 164 248 159 136 165 157 137
is_linear=0
shrinkage=0.015


Tree=7
num_leaves=38
num_cat=0
split_feature=8 7 2 19 23 31 7 19 2 8 21 5 21 24 20 28 7 5 27 22 7 30 9 22 21 23 24 0 21 21 21 7 24 24 7 2 29
split_gain=54.8798 40.9782 28.0844 25.653 23.5555 21.7391 24.6375 23.2861 25.0678 38.1192 15.9575 30.5418 15.6233 18.0238 14.6143 14.0105 13.607 25.2263 13.1946 12.8663 12.0011 16.4656 11.0464 12.2474 10.9357 10.6613 10.2068 10.0387 9.67867 9.39115 8.99098 8.69274 7.1926 4.05671 2.82378 2.69518 0.0265109
threshold=4.0895032805791287e-05 -0.00017495045551994996 0.00043704955932570008 0.50000000000000011 0.066966056788987219 0.11189362192738396 6.5825838065258738e-05 0.25000000000000006 0.00011393964559445 3.3547455633679131e-05 0.032680958650210971 1.3693335038295038e-05 0.15969390794183172 0.92610470319341798 0.030217402138980495 0.79309059757424782 -1.9748845338590206e-06 2.6276496896363005e-05 0.067848922318944155 0.9631978627412302 1.3048267585290869e-05 0.1327828970105952 2.5009613076060432e-05 0.82536078602737073 0.04542149179464576 0.075017585541551732 0.79810273990377334 27.999999607990912 0.038420938136202724 0.20059574959308496 0.10222251713319781 0.00013105290640660002 0.75486214206101387 0.74085574783366748 4.6689269328403119e-05 0.00020732378269240002 0.48870696104879047
decision_type=2 2 2 2 2 2 2 2 2 2 2 2 2 2 2 2 2 2 2 2 2 2 2 2 2 2 2 2 2 2 2 2 2 2 2 2 2
left_child=5 27 3 4 20 6 7 8 -1 -10 18 15 14 19 -8 -12 -7 33 25 -14 21 -3 23 32 -4 -5 -20 -2 -25 36 -22 -13 -9 -18 -26 -31 -6
right_child=1 2 24 10 29 16 12 22 9 -11 11 31 13 -15 -16 -17 17 -19 26 -21 30 -23 -24 28 34 -27 -28 -29 -30 35 -32 -33 -34 -35 -36 -37 -38
leaf_value=-0.013903354751288281 0.00265377665659663 -0.0047310591340224417 -0.0060144952628689461 0.012879258304691513 -0.025284110636871037 0.0047382824298796379 -0.0196845693220285 0.0073584596803279514 0.015963009165497762 -0.012195004083401148 0.011904367418574735 -0.019221421526963472 0.0033628465170058106 0.012498034902518169 5.1025457725055185e-05 -0.0027046482089308896 -0.022657690985276389 0.0070476822421255839 -0.01204164817905436 -0.013335976856592524 -0.018318465251292857 0.012265880936271765 -0.00039412968780705427 0.015938857789558732 -0.016498538171246961 -0.00035123606404974435 0.0018332910843294318 0.017826660497540971 0.0055444863747140883 -0.015254857240383187 -0.0033029277715620493 -0.0042792876055198483 0.018406187877107273 -0.011259995879499808 -0.027359127230508838 -0.00570734998256546 -0.019895380627115971
leaf_weight=20.770754382014275 18.695844441652298 47.623845607042313 15.171765729784964 38.907023653388023 13.651098802685739 27.245082795619965 16.229966014623642 18.663862481713295 29.973138719797134 16.663514733314514 20.126045197248459 29.28193886578083 26.477695852518082 26.915281966328621 16.953344196081161 53.902219191193581 13.096108824014662 15.600962355732916 15.524784505367277 16.745620474219322 18.297924295067787 17.374716624617577 20.936495766043663 26.349481388926506 13.344795152544977 20.597438424825668 49.194556996226311 21.611393734812737 91.790989309549332 13.464552298188211 18.468904480338097 13.228872537612913 56.777345463633537 19.257910802960396 13.770419567823408 15.709630310535429 11.969809472560881
leaf_count=92 73 198 64 140 66 105 75 70 105 73 73 135 103 97 68 220 62 59 68 74 84 63 84 92 61 83 194 74 350 61 76 55 194 84 68 66 56
internal_value=0 -0.00355122 -0.00488282 -0.00363515 -0.00835956 0.00369653 0.00513874 0.00743517 -0.000222827 0.00584707 -0.00055038 -0.00454237 -0.00110727 0.00288081 -0.0095793 0.00125281 -0.00365754 -0.0084742 0.00317753 -0.0030785 -0.00404992 -0.000135303 0.00985047 0.0109695 -0.0164985 0.00827244 -0.00148047 0.0108805 0.00789909 -0.0162896 -0.0108808 -0.0146557 0.0157228 -0.016026 -0.0222168 -0.010246 -0.0229843
internal_weight=940.365 479.918 439.61 397.323 156.56 460.448 385.247 281.926 67.4074 46.6367 240.763 116.539 103.322 70.1386 33.1833 74.0283 75.2001 47.955 124.224 43.2233 101.765 64.9986 214.518 193.582 42.287 59.5045 64.7193 40.3072 118.14 54.7951 36.7668 42.5108 75.4412 32.354 27.1152 29.1742 25.6209
internal_count=3765 1978 1831 1638 670 1787 1477 1060 270 178 968 483 417 274 143 293 310 205 485 177 421 261 790 706 193 223 262 147 442 249 160 190 264 146 129 127 122
is_linear=0
shrinkage=0.015


Tree=8
num_leaves=34
num_cat=0
split_feature=25 7 2 19 11 21 19 31 29 17 22 9 25 31 29 7 21 17 9 26 22 17 29 21 8 8 7 8 19 21 29 27 7
split_gain=56.7726 36.8529 36.0441 28.482 25.8229 26.6148 24.8833 22.0684 20.949 18.1423 17.7672 17.3732 17.2419 17.0966 13.3365 12.1933 18.5195 18.3008 17.9166 11.7435 9.95212 8.46178 8.38499 7.94617 7.76453 7.59079 7.16159 6.96238 6.29707 6.07413 4.82977 3.96994 0.64258
threshold=3.5998359727215229e-05 -0.00017495045551994996 0.00043704955932570008 0.50000000000000011 4.377804531070888e-05 0.024519984764450969 0.75000000000000011 0.11291951610652036 0.48870696104879047 2.2779382648696278 0.75281749660803754 2.5009613076060432e-05 3.1124438556734428e-05 0.077052460440207846 0.60662386973405968 5.0510610949502058e-05 0.14901531024645218 9.9872732543902547 -1.2529051740737904e-05 -0.10526315789473688 0.81607901340582534 1.9973175335802262 0.44166569915839932 0.014572808166321661 7.2370052574607563e-05 6.8779661228854006e-05 1.8508313101443233e-05 4.9381850765733064e-05 0.75000000000000011 0.38508579227135609 0.57755670620835997 0.094413905682807081 1.1060153238281772e-05
decision_type=2 2 2 2 2 2 2 2 2 2 2 2 2 2 2 2 2 2 2 2 2 2 2 2 2 2 2 2 2 2 2 2 2
left_child=7 25 3 8 10 6 -6 11 20 -4 27 15 14 26 -9 17 -17 18 30 -18 -3 -22 -7 -20 -12 -2 -10 -5 -13 -21 -1 -15 -11
right_child=1 2 9 4 5 22 -8 12 13 32 24 28 -14 31 -16 16 19 -19 23 29 21 -23 -24 -25 -26 -27 -28 -29 -30 -31 -32 -33 -34
leaf_value=-0.0043314585817203636 0.0035184272010465958 -0.022966398039478787 -0.0032161902859551184 0.00013758953183475213 -0.011994543078171806 -0.0039797960153064244 0.009094762765664538 -0.00135488051116064 0.002636737722687005 -0.020162500033794939 0.0042988724633435072 -0.0093318834659731238 0.005742097882989617 -0.0078621416686528028 -0.019586630577098245 -0.0082442142000586621 -0.0016266612997170025 -0.0046357691365831915 0.023756452253286701 0.01698071883544116 -0.0048617258379611171 -0.016745801934056337 -0.017144057115599742 0.012572118421317785 0.015138105804137313 0.016066174518916565 -0.0061877285968515066 -0.013864951073998859 0.0034288043130588572 0.0053647565833476029 0.00710197079032683 -0.019846104326642924 -0.027084809463820594
leaf_weight=15.5376730710268 21.435325160622597 19.066030383110046 14.280290722846983 15.495477125048639 19.337298512458801 16.151424244046211 35.28599189221859 19.431956276297569 61.774367108941078 12.770313128829004 140.39771585166454 19.091141909360886 26.75170624256134 13.985097065567972 17.22941492497921 23.458189383149147 21.739269778132439 17.090786814689636 17.320742040872574 23.407422825694084 31.117522269487381 24.924682602286339 37.551379591226578 108.03373812139034 16.789650171995163 23.271998599171638 30.889003604650497 15.677081629633902 15.445000171661375 19.370530307292938 17.291351452469826 13.132404446601866 15.559923708438872
leaf_count=64 83 91 59 62 85 67 131 79 243 60 542 82 102 60 80 100 88 71 56 81 130 113 171 388 59 81 130 70 60 74 65 61 77
internal_value=-4.49967e-07 -0.00291432 -0.00401296 -0.00285749 6.19925e-05 -0.00576109 0.00157542 0.00466265 -0.00731008 -0.0172336 0.00342471 0.00637573 -0.00334256 -0.00338336 -0.0100291 0.00769037 0.00308943 0.00998228 0.0115788 0.00725466 -0.0135232 -0.0102178 -0.0132487 0.014162 0.00548427 0.0101321 -0.000285871 -0.00686531 -0.00357013 0.0118104 0.00162732 -0.0138255 -0.0241661
internal_weight=940.092 578.893 534.186 491.575 296.686 108.326 54.6233 361.199 194.889 42.6105 188.36 297.786 63.4131 119.781 36.6614 263.25 87.9754 175.274 158.184 64.5172 75.1082 56.0422 53.7028 125.354 157.187 44.7073 92.6634 31.1726 34.5361 42.778 32.829 27.1175 28.3302
internal_count=3765 2375 2211 2015 1187 454 216 1390 828 196 733 1129 261 494 159 987 343 644 573 243 334 243 238 444 601 164 373 132 142 155 129 121 137
is_linear=0
shrinkage=0.015


Tree=9
num_leaves=36
num_cat=0
split_feature=15 7 2 7 17 21 21 8 23 11 0 17 17 8 7 24 24 15 29 0 6 26 21 6 17 27 11 7 24 9 17 29 24 7 23
split_gain=55.117 38.351 35.3379 20.3124 34.2575 19.6194 24.9931 22.0754 23.8418 20.2742 19.7299 15.4416 14.7046 26.8591 20.8749 12.1708 12.1245 11.6734 10.2671 9.52177 9.27472 9.0603 10.274 8.9627 14.5415 6.49571 6.45449 8.11004 7.16052 5.94792 5.50635 4.68565 2.57038 2.05587 0.764828
threshold=0.0025820912250232504 -0.00017495045551994996 0.00043704955932570008 6.7464837674011607e-05 0.88775862584289744 0.62940455595842171 0.84818272625767022 4.3310609734261654e-05 0.08115077647535425 5.0115265127482276e-05 50.990195021698575 2.6758770057819992 2.1938604244380442 3.3529189051713131e-05 -1.2060470277756009e-05 0.73906899367638579 0.74810371383122354 0.0025823407971322502 0.41576803435037551 24.390243069615831 -2.2188997201176619e-05 0.10526315789473685 0.050876437997914713 7.8318480782288145e-05 2.5987447690555476 0.075471698042144444 -6.2610546746583062e-06 -2.4356682343791027e-06 0.88548226568115751 6.2601531859468047e-06 0.44586400310035762 0.56021858830361693 0.847744211248039 2.1416139448633823e-05 0.032881180061534697
decision_type=2 2 2 2 2 2 2 2 2 2 2 2 2 2 2 2 2 2 2 2 2 2 2 2 2 2 2 2 2 2 2 2 2 2 2
left_child=3 19 5 12 30 7 33 21 9 -9 15 -4 16 14 20 -8 -1 -10 -6 -2 -14 22 -3 24 -20 -15 28 -28 -18 32 -5 -29 -16 -7 -13
right_child=1 2 11 4 18 6 10 8 17 -11 -12 34 13 25 29 -17 26 -19 23 -21 -22 -23 -24 -25 -26 -27 27 31 -30 -31 -32 -33 -34 -35 -36
leaf_value=0.0010458404020868423 0.00046297774391608883 0.013877118459879306 -0.004250674528284649 -0.008321632630120231 -0.0063374119384501642 -0.016190773561216881 -0.00024345910724230977 0.0023782325325725925 -0.00741516438611342 -0.0070583105047836315 0.0049960284828351395 -0.02692754942023173 0.0048189902142586451 -0.0029493230533450959 0.011367327827793773 -0.017411793478350226 0.013668910963549115 -0.021623248075186997 -0.0051643827247093033 0.014988919768076044 -0.011084994079915719 -0.0037523123299373711 0.002614445327218393 0.016273074716381983 0.013682436745671957 -0.017611935488630413 0.023145615460579305 0.015274846231742998 0.0022074603905697702 0.0053227761927124185 -0.021571951843158084 0.005404443435563927 0.020111881247731701 -0.025722643621461067 -0.019711484713266617
leaf_weight=28.580385431647301 15.616615638136862 30.755133241415024 14.158031821250914 16.805140465497974 14.775708109140394 13.686703190207483 15.169739857316015 142.07429578900337 53.907919853925705 79.794761911034584 30.065916165709496 14.733463287353517 17.463417872786522 14.928011745214464 16.819481924176216 24.990050062537193 24.157489389181137 17.567720919847488 20.209562256932259 30.771075129508972 15.223150566220282 21.584716454148293 46.172597676515579 18.074970543384552 16.548063844442368 13.174134314060209 20.214264765381813 29.932615175843239 26.006815806031227 18.096163958311081 13.622215688228605 18.619553357362747 19.088478341698647 13.460276722908018 12.928058072924612
leaf_count=113 62 110 59 72 62 62 61 558 230 338 116 73 67 61 61 114 86 83 84 108 66 89 181 63 59 60 66 105 102 69 64 71 64 65 61
internal_value=-8.71252e-07 -0.00288061 -0.00402688 0.00458146 -0.00114913 -0.00288721 -0.00891201 -0.00138153 -0.00344894 -0.00100794 -0.00412789 -0.0172478 0.00677493 0.00271677 0.00686208 -0.0110076 0.00991178 -0.0109767 0.00463116 0.0101643 -0.00253627 0.00474777 0.00716461 0.007637 0.0032805 -0.00995973 0.0120195 0.0150442 0.00779593 0.0125833 -0.0144041 0.0115641 0.0161426 -0.0211148 -0.0237604
internal_weight=939.777 577.437 531.049 362.34 100.036 489.23 97.3727 391.857 293.345 221.869 70.2257 41.8196 262.304 114.793 86.6907 40.1598 147.511 71.4756 69.6083 46.3877 32.6866 98.5124 76.9277 54.8326 36.7576 28.1021 118.931 68.7664 50.1643 54.0041 30.4274 48.5522 35.908 27.147 27.6615
internal_count=3765 2370 2200 1395 404 2007 418 1589 1209 896 291 193 991 448 327 175 543 313 268 170 133 380 291 206 143 121 430 242 188 194 136 176 125 127 134
is_linear=0
shrinkage=0.015


Tree=10
num_leaves=30
num_cat=0
split_feature=15 7 2 22 19 7 17 17 0 9 7 21 21 11 17 31 0 19 6 22 8 0 16 6 17 19 9 20 8
split_gain=53.5139 37.2381 34.3819 27.7966 21.9761 19.7907 32.1902 15.0563 14.4117 16.9217 13.8251 12.4252 25.9293 21.0668 24.4128 17.6074 15.2426 12.1472 15.0486 12.7495 9.48625 9.24902 7.64487 12.1407 7.12159 5.64983 2.96868 1.43844 0.715744
threshold=0.0025820912250232504 -0.00017495045551994996 0.00043704955932570008 0.74686333003302263 0.75000000000000011 6.2775339445113288e-05 0.88775862584289744 2.6758770057819992 61.363634899286083 1.8778108481394541e-05 -8.5724939285338129e-05 0.62940455595842171 0.84818272625767022 4.377804531070888e-05 0.91637814689048491 0.047223091554434195 48.399896778191362 0.25000000000000006 -1.8057192863182147e-05 0.92869664745410785 2.5443168707402446e-05 24.390243069615831 5.7289454739118282e-05 7.9701015083087219e-05 0.369441375198579 0.75000000000000011 -6.2550040033843552e-06 0.030217649054460446 8.3006921396714363e-05
decision_type=2 2 2 2 2 2 2 2 2 2 2 2 2 2 2 2 2 2 2 2 2 2 2 2 2 2 2 2 2
left_child=5 21 3 4 26 8 24 -4 9 10 -1 13 -13 14 -5 -15 -14 18 -12 -19 -8 -2 -22 -24 -7 -10 -3 -28 -9
right_child=1 2 7 11 -6 6 20 28 25 -11 17 12 16 15 -16 -17 -18 19 -20 -21 22 -23 23 -25 -26 -27 27 -29 -30
leaf_value=-0.0076657213204243619 0.00045610223039915299 -0.011945426841389247 -0.0041881472002204198 -0.0025028284246141385 0.001851986462227916 -0.0045328095258282105 -0.0028889720091062063 -0.019646477379427124 0.0092020431780262951 -0.0079396783587714417 0.0092571475986909599 -0.02108037667834264 -0.0093588726386254605 -0.0096349112685324492 0.007735548398257369 0.0015050384118467086 0.0060819764024384959 0.011637312210387095 -0.011595138082850559 -0.00082827888388370505 0.016165393740486738 0.014776541650591401 -0.0054559580409051737 0.012598408972311088 -0.018768391469431871 0.019405168765107585 -0.023788678375004521 -0.015909094364435279 -0.026712186487223052
leaf_weight=14.122872889041899 15.616512432694433 22.372772559523582 14.156116887927054 99.903741091489792 20.027836307883263 14.158234000205992 24.955594316124916 13.492265000939371 29.232480481266975 20.258327260613441 15.943710371851923 20.678324282169342 28.098847389221191 74.076282113790512 109.38676604628563 55.411579251289368 29.048297092318535 112.70172242820263 14.907029047608374 21.651401057839394 18.069454997777939 30.747468411922455 15.828285098075865 17.266233667731285 19.702480837702751 23.426771208643913 13.946129217743875 16.194754555821419 14.104867517948149
leaf_count=60 62 99 59 408 79 59 102 64 108 86 59 97 121 320 411 220 111 408 65 87 63 108 66 62 91 79 67 74 70
internal_value=-9.55365e-07 -0.00283895 -0.00396855 -0.00284497 -0.0114083 0.00451494 -0.000776084 -0.0170206 0.00682987 0.00496372 0.00643936 -0.00134491 -0.00674395 -9.55415e-05 0.00283928 -0.00485422 -0.00147554 0.00766463 -0.000753417 0.00961303 0.00461502 0.0100185 0.00831673 0.00391012 -0.0129284 0.013826 -0.0164991 -0.019729 -0.0234637
internal_weight=939.487 577.263 530.899 489.145 72.5415 362.225 109.98 41.7532 252.244 199.585 179.327 416.604 77.8255 338.778 209.291 129.488 57.1471 165.204 30.8507 134.353 76.1196 46.364 51.164 33.0945 33.8607 52.6593 52.5137 30.1409 27.5971
internal_count=3765 2370 2200 2007 319 1395 443 193 952 765 679 1688 329 1359 819 540 232 619 124 495 293 170 191 128 150 187 240 141 134
is_linear=0
shrinkage=0.015


Tree=11
num_leaves=28
num_cat=0
split_feature=25 7 25 31 21 0 2 11 29 25 10 21 29 7 21 10 26 21 21 0 25 16 5 24 29 31 15
split_gain=52.5648 33.7682 34.1273 21.0464 20.3207 28.6842 22.2226 18.5903 20.4902 16.8686 16.5823 15.4417 12.8398 11.3823 17.5461 15.2407 11.3238 11.0124 10.5152 7.70634 7.23039 6.02289 5.85248 5.56773 4.74889 4.5117 4.4649
threshold=3.5998359727215229e-05 -0.00017495045551994996 7.7005673468354203e-05 0.11291951610652036 0.62940455595842171 69.230763638986488 0.00011861566587575001 4.377804531070888e-05 0.4029779349530847 3.1124438556734428e-05 2.5009613076060432e-05 0.032680958650210971 0.60662386973405968 5.0510610949502058e-05 0.14901531024645218 -1.2529051740737904e-05 -0.10526315789473688 0.014572808166321661 0.040034541869093568 27.999999607990912 2.5982319505196483e-05 4.6147919274298953e-05 4.233095384694963e-05 0.847744211248039 0.57522690958979761 0.071196569411560953 0.0025821224172451504
decision_type=2 2 2 2 2 2 2 2 2 2 2 2 2 2 2 2 2 2 2 2 2 2 2 2 2 2 2
left_child=3 19 4 10 6 25 -3 8 -8 12 13 -9 -5 15 -15 23 -16 -17 -4 -2 -19 -18 -12 -1 -20 26 -6
right_child=1 2 18 9 5 -7 7 11 -10 -11 22 -13 -14 14 16 17 21 20 24 -21 -22 -23 -24 -25 -26 -27 -28
leaf_value=-0.0045530195336823372 0.0032517239968950103 0.011783300878211474 -0.007613761647089632 -0.0014335509616982605 -0.016895523045718095 0.0093621010415148465 -0.0096830936582721124 -0.001783925107036888 0.002411362995219179 0.0056553926495393507 -0.0094153304102755075 -0.011699867410255258 -0.019332128068712491 -0.0080348510068520822 -0.0016654381837761516 0.023173031181546924 0.018799964163285623 0.0057827227228788051 -0.027640765791804665 0.015879102896474231 0.013305251114781484 0.0069363715478957255 0.0028337584051863767 0.0074396125421545738 -0.014420762423059617 -0.020318079942268041 -0.0073983576519652695
leaf_weight=19.38752293586731 22.166813522577286 27.307053685188293 21.936263471841812 19.431776076555252 19.141954690217972 14.757683739066122 37.477909401059151 76.290038019418716 193.44092801213264 26.743897631764412 18.153537794947624 66.806648552417755 17.212403565645218 23.44105626642704 21.727154091000557 17.265133947134018 16.189091101288795 50.572260513901711 15.169052198529245 22.472459152340889 72.32222306728363 26.550380885601044 16.365465208888054 15.493242785334585 12.988251730799673 17.465565592050552 30.872060313820839
leaf_count=80 86 99 94 79 87 55 162 311 761 102 78 294 80 100 88 56 55 192 75 78 258 100 64 58 59 82 132
internal_value=-1.35816e-06 -0.00280679 -0.00385884 0.00448759 -0.00262979 -0.00941963 -0.00122985 -0.0021903 0.000433695 -0.00333073 0.00616201 -0.00643643 -0.00994651 0.00744761 0.00299965 0.00966412 0.00705613 0.0118711 -0.0156349 0.00969077 0.0102388 0.0115326 -0.003556 0.000718652 -0.0217309 -0.0135721 -0.0111177
internal_weight=939.148 578.293 533.653 360.855 483.56 82.2373 401.323 374.016 230.919 63.3881 297.467 143.097 36.6442 262.948 87.9077 175.04 64.4666 140.16 50.0936 44.6393 122.894 42.7395 34.519 34.8808 28.1573 67.4796 50.014
internal_count=3765 2375 2211 1390 1983 356 1627 1528 923 261 1129 605 159 987 343 644 243 506 228 164 450 155 142 138 134 301 219
is_linear=0
shrinkage=0.015


Tree=12
num_leaves=31
num_cat=0
split_feature=15 22 6 19 18 8 1 2 0 8 15 9 19 11 5 22 9 6 17 17 17 8 19 6 21 8 8 15 28 5
split_gain=50.7707 24.5814 26.42 22.0068 14.242 16.4027 14.1443 13.3816 14.9831 18.0397 13.2937 11.6049 12.6543 10.0393 9.95337 9.73312 11.3056 9.9959 14.7462 9.98404 11.9592 15.9104 9.0072 8.69843 8.11457 7.63838 4.76575 4.30804 4.30277 3.6595
threshold=0.0025820912250232504 0.74686333003302263 7.0532204086337858e-05 0.75000000000000011 1.0000000180025095e-35 7.1033420124595604e-05 0.91322754799673111 0.00038384147343245004 72.245563905790618 5.8047323807122908e-05 0.0025820152726232005 -3.756856262824469e-05 0.50000000000000011 -0.00011250703172889998 2.7621588311948822e-06 0.91549009588213337 1.8782105662038757e-05 -9.048037226561237e-06 2.1938604244380442 1.0493312627692408 3.5531383640172192 2.6335253130934048e-05 0.75000000000000011 3.4747876320509597e-05 0.001751011720924167 7.8716070462931588e-05 3.2176247459417871e-05 0.0025822767257831503 0.97959182007536383 -1.0092501624260327e-05
decision_type=2 2 2 2 2 2 2 2 2 2 2 2 2 2 2 2 2 2 2 2 2 2 2 2 2 2 2 2 2 2
left_child=6 3 4 13 -3 11 10 8 9 -4 -1 24 -13 -2 25 16 17 18 -12 26 21 -21 -8 -19 -6 -7 -17 29 -9 -15
right_child=1 2 7 -5 5 14 22 28 -10 -11 15 12 -14 27 -16 19 -18 23 -20 20 -22 -23 -24 -25 -26 -27 -28 -29 -30 -31
leaf_value=0.014659175313002412 -0.0038832528206068848 -0.010224635009984091 -0.020606565759254417 0.0018135328843576686 -0.0025980466662515887 0.009926638579204906 -0.0091834492837998098 -0.02333170238204349 0.0046817492731978834 -0.00030706220849855922 0.010161963377713483 -0.005351870640376081 0.001304675093830897 -0.020256193076169302 0.015076309438712129 -9.3867031372202065e-05 -0.0049313652476811101 0.012893298973369901 -0.004148032775498656 -0.0047377794607519541 -0.0074432528105038351 0.013118105310097793 0.0034686568258684909 0.0014807348606211163 0.010059799031674675 -0.0032964121403705852 -0.012019127017989045 -0.024166322351067276 -0.010875915731967757 -0.0088240109330909675
leaf_weight=32.641896978020668 14.650608792901037 27.371127083897591 19.650868937373161 24.290547206997871 16.378720179200172 18.463564351201057 25.60668608546257 14.284774512052538 23.008379101753235 20.065586611628532 32.708459079265594 119.70389011502266 137.58330880105495 12.957417011260986 25.641375109553337 14.948402583599092 17.082732856273651 81.092091590166092 31.576137319207191 16.142674177885056 15.580463439226149 35.162177711725235 24.458858385682106 19.050017267465591 35.177654445171356 20.370955929160118 15.90460893511772 18.74292628467083 13.570222049951552 14.970603778958321
leaf_count=115 61 119 92 96 67 68 110 69 89 81 120 501 545 61 91 60 71 290 130 67 66 126 95 75 130 84 70 91 60 65
internal_value=-1.46122e-06 -0.00276666 -0.00146728 -0.0101811 0.00018217 0.000955004 0.00439881 -0.00877684 -0.00486385 -0.010447 0.00558906 -0.000475895 -0.00178488 -0.0149618 0.00782911 0.00451348 0.00656852 0.00778035 0.00310478 0.000669869 0.00394496 0.00745873 -0.00296573 0.0107502 0.0059992 0.00294667 -0.00634228 -0.0183679 -0.0174347 -0.0142881
internal_weight=938.838 576.883 491.27 85.6121 400.691 373.319 361.955 90.5798 62.7248 39.7165 311.89 308.844 257.287 61.3216 64.4759 279.248 181.509 164.427 64.2846 97.7383 66.8853 51.3049 50.0655 100.142 51.5564 38.8345 30.853 46.6709 27.855 27.928
internal_count=3765 2370 1996 374 1605 1486 1395 391 262 173 1190 1243 1046 278 243 1075 686 615 250 389 259 193 205 365 197 152 130 217 129 126
is_linear=0
shrinkage=0.015


Tree=13
num_leaves=33
num_cat=0
split_feature=25 7 25 19 11 28 24 17 5 17 8 22 17 2 22 26 25 2 15 26 19 2 16 17 2 27 0 17 20 28 28 25
split_gain=49.9309 32.584 33.0421 28.5825 24.0423 17.4747 17.5165 16.0623 15.6073 14.3594 21.3258 12.9695 12.8912 22.1879 14.3 12.3493 10.2449 10.2214 22.7876 13.9164 10.9081 12.1512 31.9593 10.5985 8.15108 7.5746 7.44835 6.43463 6.24333 6.15956 5.91231 3.69691
threshold=3.5998359727215229e-05 -0.00017495045551994996 7.5419291781288385e-05 0.50000000000000011 4.377804531070888e-05 1.2063491776260127 0.91677921309332333 2.4368443540178988 -7.6438604424228101e-06 0.14521620268757118 6.1452501420163251e-05 0.75281749660803754 9.9872732543902547 0.00026824254986810002 0.77843477684532103 1.0000000180025095e-35 6.3799245092804833e-05 9.5197874441180466e-05 0.0025820291700142505 -0.42105263157894735 0.75000000000000011 0.00022919173791085003 5.3394087957265831e-05 1.0611125604263802 0.00015276843023015002 0.092206477666976955 27.999999607990912 2.7616162540770999 0.030218046891902949 0.99999997613765623 0.78996617220891419 2.9738333978880839e-05
decision_type=2 2 2 2 2 2 2 2 2 2 2 2 2 2 2 2 2 2 2 2 2 2 2 2 2 2 2 2 2 2 2 2
left_child=5 26 3 12 11 17 8 -4 -7 15 -11 29 13 14 -3 -6 -15 18 30 -19 21 22 -21 -22 -10 -13 -2 -20 -9 -5 -1 -25
right_child=1 2 7 4 9 6 -8 28 24 10 -12 25 -14 16 -16 -17 -18 19 27 20 23 -23 -24 31 -26 -27 -28 -29 -30 -31 -32 -33
leaf_value=0.0018127947198491713 0.0032129861269966625 -0.017049907493341298 -0.0033136931728519415 0.00093285661076451711 0.011249094846872736 0.0032630386244342168 0.0094870923856964617 -0.013151065517866153 -0.004167274216284181 -0.013132540451965775 0.0072593551122961293 0.0084651252783888419 0.00305187431340476 -0.025591542435041133 -0.0034328707943843038 -0.0065776113998836849 -0.008481119190385503 0.018968223716783826 -0.0015876412321708976 0.0052187237042268858 0.0027581695508752738 0.014262731360118654 -0.018420531308420994 0.0097863190425573326 -0.018545522971998043 0.0016546932660508888 0.015634697624674943 -0.015470477156645167 -0.026186250767528625 -0.012658284458114023 0.014318058672565605 0.017691644745750936
leaf_weight=15.082483708858488 22.165255054831505 20.690001666545868 19.009711489081383 15.995214045047762 18.095578715205193 25.391488015651703 23.32055452466011 16.521339029073715 17.16888989508152 57.07886029779911 14.196303650736807 87.179552644491196 24.567749202251434 21.488427355885506 109.59197174012661 16.510365471243858 13.453674927353857 22.681887090206146 16.058751657605175 64.362746492028236 28.902908906340599 17.487224906682968 15.918228313326834 28.290491864085197 19.623629957437515 65.21553847193718 22.441173732280731 14.733420044183729 20.25326319038868 13.501253038644789 20.966461047530174 30.617249101400375
leaf_count=59 86 96 79 64 66 99 86 74 71 254 54 325 97 104 453 70 58 77 65 246 113 62 73 104 90 257 78 66 100 60 74 105
internal_value=-1.8519e-06 -0.00273686 -0.00377058 -0.00248648 0.000486834 0.00437471 -0.00152502 -0.0146872 -0.00570382 -0.00518248 -0.00903275 0.00380092 -0.00700346 -0.00851364 -0.00562976 0.00268762 -0.0191321 0.00621642 0.00107063 0.0078552 0.0064706 0.00298457 0.000477912 0.0103147 -0.0119411 0.00556993 0.00954399 -0.0083458 -0.0204682 -0.00524482 0.00917734 0.0139677
internal_weight=938.562 577.955 533.349 477.564 287.773 360.606 85.5046 55.7843 62.184 105.881 71.2752 181.892 189.792 165.224 130.282 34.6059 34.9421 275.102 66.8411 208.261 185.579 97.7682 80.281 87.8106 36.7925 152.395 44.6064 30.7922 36.7746 29.4965 36.0489 58.9077
internal_count=3765 2375 2211 1958 1150 1390 346 253 260 444 308 706 808 711 549 136 162 1044 264 780 703 381 319 322 161 582 164 131 174 124 133 209
is_linear=0
shrinkage=0.015


Tree=14
num_leaves=34
num_cat=0
split_feature=15 22 6 19 1 2 0 8 15 21 6 17 17 0 19 16 17 24 8 17 29 22 24 9 8 6 17 29 19 8 2 28 9
split_gain=48.0157 23.441 25.1584 21.2063 13.5239 12.9256 14.5666 17.3582 12.7638 11.6758 20.237 27.6813 28.9808 20.3371 17.6448 23.0062 22.3592 17.4234 14.6494 13.373 10.9753 9.49535 12.6232 10.9216 10.8997 9.75363 14.2885 8.71521 8.56292 8.31135 6.33669 5.01265 3.60096
threshold=0.0025820912250232504 0.74686333003302263 7.0532204086337858e-05 0.75000000000000011 0.91322754799673111 0.00038384147343245004 72.245563905790618 5.8047323807122908e-05 0.0025820152726232005 0.046824906985686421 -2.0802564882189969e-06 3.0160461065338957 9.9872732543902547 38.069357465321524 0.50000000000000011 5.2428298840868677e-05 0.21030792915989527 0.92056614447556406 7.0586006859725046e-05 3.2441566879965165 0.53887847454328008 0.91549009588213337 1.0065701825797608 1.8782105662038757e-05 3.4636191688243314e-05 -9.048037226561237e-06 2.1938604244380442 0.41180680027465827 0.75000000000000011 2.5443168707402446e-05 0.00031147956889960004 0.98832613163769112 -6.2550040033843552e-06
decision_type=2 2 2 2 2 2 2 2 2 2 2 2 2 2 2 2 2 2 2 2 2 2 2 2 2 2 2 2 2 2 2 2 2
left_child=4 3 9 30 8 6 7 -4 -1 14 11 13 -13 -11 16 18 -3 19 -16 -12 -18 23 24 25 29 26 -10 -27 -6 -23 32 -7 -2
right_child=1 2 5 -5 28 31 -8 -9 21 10 17 12 -14 -15 15 -17 20 -19 -20 -21 -22 22 -24 -25 -26 27 -28 -29 -30 -31 -32 -33 -34
leaf_value=0.014336718758487819 -0.012499592475174978 -0.0162221375874003 -0.020201674846330651 0.001834239964929246 -0.0089868951674149655 -0.023137251997824026 0.0046958844952009349 -0.00027875079380363722 0.0099441398354990461 -0.0014305977268021051 -0.014382405348914181 -0.011554422089606635 0.01072678247143757 0.013428033631148601 -0.00041056172696512535 0.021947489894096495 -0.0060897087965636138 0.0045183910500848669 0.014593078754083949 0 0.0099079302237260157 -0.0073021721738278974 0.0095486112088951844 -0.0048822820369954422 -0.013489626841429313 0.019189790329220566 -0.0041455336844355628 0.0081842123975272921 0.0033498143192952977 0.0047752365795753976 -0.0065716518536366071 -0.0097766209703737828 -0.021718450147159663
leaf_weight=32.601972833275795 19.931208714842796 19.105389028787613 19.619993820786476 24.278874278068542 25.597443729639053 14.84885421395302 23.001389637589455 20.061700329184532 32.67993038892746 34.885598853230476 55.224967792630196 48.998788818717003 17.697892367839813 49.925244227051735 53.695437639951706 19.560691058635712 15.87651142477989 21.93575194478035 19.840744733810425 20.030495971441269 23.760656863451004 19.639773651957512 25.934877529740334 17.081142619252205 15.984886839985846 21.044626176357269 31.571902617812157 79.00017574429512 24.451653942465782 36.134681418538094 17.024610176682472 12.938911184668539 24.238959431648254
leaf_count=115 89 87 92 96 110 72 89 81 120 141 247 215 65 179 215 65 67 85 70 81 88 83 96 71 71 71 130 294 95 139 73 57 116
internal_value=-1.78677e-06 -0.00269196 -0.0014232 -0.00993889 0.00427869 -0.00856097 -0.00471574 -0.0102248 0.00544321 0.000186021 -0.00180884 0.00160628 -0.00559767 0.00729795 0.00346678 0.00753076 -0.00293849 -0.00714993 0.00362849 -0.0105831 0.00344479 0.00438904 0.000592067 0.0064196 -0.00262684 0.00761167 0.00299232 0.010547 -0.00292293 0.000474025 -0.0146396 -0.0170825 -0.0176657
internal_weight=938.206 576.483 491.009 85.4737 361.723 90.4708 62.6831 39.6817 311.674 400.538 248.699 151.508 66.6967 84.8108 151.839 93.0969 58.7426 97.1912 73.5362 75.2555 39.6372 279.072 97.6942 181.378 71.7593 164.297 64.2518 100.045 50.0491 55.7745 61.1948 27.7878 44.1702
internal_count=3765 2370 1996 374 1395 391 262 173 1190 1605 1013 600 280 320 592 350 242 413 285 328 155 1075 389 686 293 615 250 365 205 222 278 129 205
is_linear=0
shrinkage=0.015


Tree=15
num_leaves=35
num_cat=0
split_feature=25 7 25 19 11 21 29 28 24 1 5 19 16 7 21 22 2 15 26 19 2 16 2 28 6 23 1 28 29 28 21 7 1 6
split_gain=47.5448 31.3997 32.0109 27.3253 23.1244 26.683 16.9339 16.728 16.8304 15.5838 15.14 13.9038 12.5089 15.824 12.3511 12.2524 9.97597 21.8019 13.5799 10.5008 11.8506 30.7654 7.85721 7.43103 8.78118 7.23274 6.68333 5.94906 5.77768 5.73668 5.34036 4.26191 9.52414 5.65171
threshold=3.5998359727215229e-05 -0.00017495045551994996 7.5419291781288385e-05 0.50000000000000011 4.377804531070888e-05 0.024519984764450969 0.47715833890591691 1.2063491776260127 0.91677921309332333 0.9389605104188784 -7.6438604424228101e-06 0.75000000000000011 -4.3559847447920554e-05 1.7965310690499178e-05 0.043066768059884727 0.75281749660803754 9.5197874441180466e-05 0.0025820291700142505 -0.42105263157894735 0.75000000000000011 0.00022919173791085003 5.3394087957265831e-05 0.00015276843023015002 1.1428571217690175 -2.4350670461478547e-05 0.018382637529995902 0.14781426111528573 0.99999997613765623 0.57522690958979761 0.78996617220891419 0.61066267268705288 7.1289893293719134e-05 0.63173807638725055 5.9566476161622838e-05
decision_type=2 2 2 2 2 2 2 2 2 2 2 2 2 2 2 2 2 2 2 2 2 2 2 2 2 2 2 2 2 2 2 2 2 2
left_child=7 26 3 6 15 11 23 16 10 -7 -9 -6 -8 -14 -4 27 17 29 -18 20 21 -20 -12 24 -3 -17 -2 -5 -16 -1 -19 32 -21 -33
right_child=1 2 14 4 5 9 12 8 -10 -11 22 -13 13 -15 28 25 18 30 19 31 -22 -23 -24 -25 -26 -27 -28 -29 -30 -31 -32 33 -34 -35
leaf_value=0.0016692819326912158 0.0042077654558900736 -0.0090943065712778392 -0.0065769779689725119 0.001008913038362601 -0.0089301262414982086 -0.017780588452546962 -0.013062536536425161 0.0032313969761767016 0.0092950836014047793 0.00031450934656182165 -0.0041081824222276809 0.0074905643678491582 0.0047053456384659941 -0.0074678315378809458 -0.02708595726590152 -0.002610463769098383 0.018675969092440604 -0.002117543719283489 0.0050797699234289015 0.0067001214053453136 0.014043944794612517 -0.018120691502077586 -0.018232156602576575 -0.0054962314756511112 -0.02242226114319178 0.006767411328471664 0.016120653051090797 -0.012353048824726048 -0.013181153887181671 0.013992346235228789 -0.014811700214691073 0 0.019572245994563052 0.012202927387025537
leaf_weight=15.07373410463333 25.513103231787682 22.281123369932175 25.514305472373962 15.988214790821077 16.669533535838127 37.650494158267975 23.981277152895927 25.386236503720284 23.303459316492081 14.596202224493025 17.163336768746376 36.879010662436485 51.319321915507317 44.812965705990791 16.501165628433231 21.078072026371956 22.658320546150208 16.261568263173103 64.32481187582016 28.693030491471291 17.475034639239311 15.908930972218512 19.612878710031509 22.707594200968742 24.529155641794205 131.26944278180599 19.05534128844738 13.484704062342642 13.654594659805296 20.934370651841164 14.522789970040323 17.987992078065872 24.96709717810154 16.090412959456444
leaf_count=59 98 97 109 64 72 174 107 99 86 59 71 139 199 192 82 86 77 66 246 108 62 73 90 96 117 496 66 60 62 74 65 72 84 58
internal_value=-1.94836e-06 -0.00267207 -0.00368728 -0.00242367 0.000483889 -0.00507866 -0.00684234 0.00427003 -0.00150295 -0.012696 -0.00559966 0.00232628 -0.00339929 -0.00094872 -0.014444 0.00373443 0.00607287 0.000987435 0.00769237 0.00632424 0.00290258 0.000426309 -0.0117449 -0.0127389 -0.0161755 0.00545389 0.00938845 -0.00506021 -0.0209605 0.00892421 -0.00822164 0.0100977 0.012769 0.00578816
internal_weight=937.85 577.486 532.917 477.247 287.616 105.795 189.631 360.364 85.4659 52.2467 62.1625 53.5485 120.114 96.1323 55.6701 181.82 274.898 66.7925 208.106 185.447 97.7088 80.2337 36.7762 69.5179 46.8103 152.348 44.5684 29.4729 30.1558 36.0081 30.7844 87.7385 53.6601 34.0784
internal_count=3765 2375 2211 1958 1150 444 808 1390 346 233 260 211 498 391 253 706 1044 264 780 703 381 319 161 310 214 582 164 124 144 133 131 322 192 130
is_linear=0
shrinkage=0.015


Tree=16
num_leaves=34
num_cat=0
split_feature=25 6 30 19 23 2 31 17 16 21 25 15 2 9 17 20 2 29 19 25 22 24 9 1 17 24 24 22 11 21 19 6 22
split_gain=46.168 23.7757 24.2581 22.4304 21.6315 19.4355 19.245 17.133 16.7 16.2161 16.1169 15.6661 26.7916 15.375 14.7782 12.9551 14.5826 12.4233 12.2415 11.1755 12.9064 11.0373 10.8454 11.3315 14.45 9.71697 8.05064 7.68418 7.52211 6.662 5.55317 3.88412 3.75789
threshold=3.5998359727215229e-05 7.0532204086337858e-05 0.052787707048610237 0.50000000000000011 0.072574799801054191 0.00011393964559445 0.11291951610652036 1.9973175335802262 3.5091401280103383e-06 0.080565460791905727 3.1124438556734428e-05 0.0025824011592890505 0.00026633404883140004 2.5009613076060432e-05 3.7752266078627659 0.030217597794732081 0.00043704955932570008 0.60662386973405968 0.75000000000000011 5.9121621734971583e-05 0.90873285237619894 0.86759723518502307 -1.2529051740737904e-05 0.838496016348249 7.3589800037319462 0.91677921309332333 0.8448603692373281 0.96066654941978713 3.4401767103051671e-05 0.36741343161063084 0.75000000000000011 9.6658633943605884e-05 0.818232771358821
decision_type=2 2 2 2 2 2 2 2 2 2 2 2 2 2 2 2 2 2 2 2 2 2 2 2 2 2 2 2 2 2 2 2 2
left_child=6 2 3 4 11 -5 13 19 14 -10 17 12 -2 22 -7 31 18 -8 -17 20 -4 -9 25 24 27 29 -25 -24 32 -1 -15 -3 -6
right_child=1 15 7 5 28 8 10 21 9 -11 -12 -13 -14 30 -16 16 -18 -19 -20 -21 -22 -23 23 26 -26 -27 -28 -29 -30 -31 -32 -33 -34
leaf_value=0.0018478436719606885 -0.0017428270020115248 -0.023735640451162325 0.013230402832040468 0.015487780842887251 -0.020847693968626936 0.00037680840628103487 -0.0013667760424929457 -0.0093285586938355244 5.0303202480034546e-05 -0.012749984530034463 0.0055153087242030812 0.0088256654809293848 -0.022635896413705604 -0.008961316485199251 0.015979351909252513 -0.01013352570082242 -0.018722689496291533 -0.018984504763307139 0.0047277333515028126 0.02024656144634299 -0.0031642940270998434 0.0066052661386712605 0.013485021743677781 -0.0058743086151997644 0.00035370271751411985 0.0096036743377640836 0.0071255928733439024 0.0029256343314160121 -0.0046581822878982776 -0.01210876127175815 0.0030221995758520671 -0.01171221148222026 -0.010539347327760355
leaf_weight=16.339624643325809 68.863642871379852 14.537290811538698 24.272920250892639 16.862070530653 29.98401290178299 101.17794093489647 19.421312689781189 22.423638716340065 45.661845684051514 42.676870688796043 26.721548542380333 19.518814638257027 17.229287371039391 19.066475346684456 15.703785508871077 22.38077338039875 15.102567330002783 17.181266129016876 27.599506869912148 17.79241968691349 18.967236250638962 16.98797532916069 124.93593418598175 18.394570887088776 28.411604911088943 16.874301478266716 25.024480357766151 18.451976671814919 13.423767790198324 13.967888683080671 15.423439487814901 13.046558439731596 13.001183256506918
leaf_count=64 281 70 87 59 143 404 79 97 183 189 102 73 82 82 55 98 72 80 107 60 78 65 444 77 113 62 94 72 57 61 60 58 57
internal_value=-2.039e-06 -0.00263391 -0.00129588 -0.00301595 -0.00725712 7.08996e-05 0.00420842 0.00525404 -0.00119527 -0.00611928 -0.00327015 -0.00321557 -0.00598222 0.00581196 0.00251013 -0.00959274 -0.00586657 -0.0097415 -0.00189255 0.0102301 0.00600096 -0.00240457 0.00705207 0.00847969 0.0102112 0.000486268 0.00156525 0.0121463 -0.0147556 -0.00453845 -0.00354761 -0.0182241 -0.0178295
internal_weight=937.429 577.214 484.547 384.103 162.021 222.083 360.214 100.444 205.22 88.3387 63.3241 105.612 86.0929 296.89 116.882 92.6667 65.0828 36.6026 49.9803 61.0326 43.2402 39.4116 262.4 215.219 171.8 47.1818 43.4191 143.388 56.409 30.3075 34.4899 27.5838 42.9852
internal_count=3765 2375 1970 1583 693 890 1390 387 831 372 261 436 363 1129 459 405 277 159 205 225 165 162 987 800 629 187 171 516 257 125 142 128 200
is_linear=0
shrinkage=0.015


Tree=17
num_leaves=34
num_cat=0
split_feature=25 7 25 19 11 21 31 29 25 17 10 19 29 16 7 22 10 7 21 17 7 24 29 27 25 28 6 27 0 21 20 5 28
split_gain=44.8214 30.1941 31.0047 25.9245 21.9714 25.6339 18.6867 16.3631 15.6518 15.3181 14.928 13.4288 12.0782 12.0297 15.1701 11.9575 10.5328 14.6092 19.7817 15.5583 20.1431 9.43226 9.42563 9.42441 8.16481 7.19102 8.59692 7.17597 7.04128 6.46594 6.08377 5.81469 5.78089
threshold=3.5998359727215229e-05 -0.00017495045551994996 7.5419291781288385e-05 0.50000000000000011 4.377804531070888e-05 0.024519984764450969 0.11291951610652036 0.47715833890591691 3.1124438556734428e-05 2.4368443540178988 2.5009613076060432e-05 0.75000000000000011 0.60662386973405968 -4.3559847447920554e-05 1.7965310690499178e-05 0.75281749660803754 -1.2529051740737904e-05 5.0510610949502058e-05 0.13104615427768226 2.5291866389137132 -3.5519450298834109e-06 0.91677921309332333 0.44166569915839932 0.10476190466205806 2.6251312602528037e-05 1.1428571217690175 -2.4350670461478547e-05 0.092206477666976955 27.999999607990912 0.36741343161063084 0.030218046891902949 4.233095384694963e-05 0.99999997613765623
decision_type=2 2 2 2 2 2 2 2 2 2 2 2 2 2 2 2 2 2 2 2 2 2 2 2 2 2 2 2 2 2 2 2 2
left_child=6 28 3 7 15 11 10 25 12 -4 16 -6 -8 -9 -15 32 21 19 -19 24 -21 29 -7 -20 -18 26 -3 -17 -2 -1 -11 -12 -5
right_child=1 2 9 4 5 22 8 13 -10 30 31 -13 -14 14 -16 27 17 18 23 20 -22 -23 -24 -25 -26 -27 -28 -29 -30 -31 -32 -33 -34
leaf_value=0.0018205070760280431 0.0030807839715722009 -0.0088330354450993718 -0.003077257203837688 0.00094256882010827694 -0.0087502717557297986 -0.0025713566484622018 -0.0013464679099761676 -0.01275395532990724 0.0054336960166461489 -0.012631647517783519 -0.0093352329708304271 0.0073912371206201937 -0.018725349587505023 0.0046682061715494598 -0.0072545276064210204 0.0081702067834078015 0.0082360504047432597 -0.010787128912923386 -0.002208094972093269 -0.0019116026466405804 0.014624925837023777 0.0094654498805473945 -0.016630102537161486 0.011085666773962166 0.019339734284243959 -0.0053294005820586649 -0.022030193640296361 0.001539206254464355 0.015172515748836822 -0.011927521903317858 -0.025519974773884842 0.0028810607003993674 -0.012229274772683079
leaf_weight=16.338465839624408 22.154215887188911 22.249869376420975 18.972310572862625 15.987681448459627 16.658457010984421 15.869354382157324 19.420789062976837 23.945179119706154 26.718332722783089 16.464746192097664 18.144726485013962 36.866308450698853 17.159999534487724 51.309112265706062 44.772206708788872 87.116250172257423 22.676535472273827 17.671277463436127 16.463369950652122 34.83941824734211 31.060139805078506 16.866158604621887 36.295022070407867 41.284595102071762 51.092604488134384 22.690249979496002 24.471096321940422 65.190499424934387 22.368787884712219 13.969693705439566 20.117537632584572 16.340515226125717 13.475529938936232
leaf_count=64 86 97 79 64 72 66 79 107 102 74 78 139 80 199 192 325 84 77 67 141 109 62 167 150 172 96 117 257 78 61 100 64 60
internal_value=-2.14986e-06 -0.00259589 -0.00359187 -0.00234849 0.00048374 -0.00494154 0.00414742 -0.00665506 -0.00322294 -0.0141899 0.005728 0.0023152 -0.00960331 -0.00326999 -0.000866845 0.00365208 0.00695053 0.00835812 0.00298939 0.0112348 0.00586393 0.000479035 -0.0124158 0.00726098 0.0159806 -0.0124565 -0.0158417 0.00535106 0.0092367 -0.00446992 -0.0198558 -0.00349428 -0.00503726
internal_weight=937.021 576.974 532.451 476.897 287.459 105.689 360.047 189.438 63.2991 55.5546 296.748 53.5248 36.5808 120.026 96.0813 181.77 262.262 215.088 75.4192 139.669 65.8996 47.1743 52.1644 57.748 73.7691 69.4112 46.721 152.307 44.523 30.3082 36.5823 34.4852 29.4632
internal_count=3765 2375 2211 1958 1150 444 1390 808 261 253 1129 211 159 498 391 706 987 800 294 506 250 187 233 217 256 310 214 582 164 125 174 142 124
is_linear=0
shrinkage=0.015


Tree=18
num_leaves=35
num_cat=0
split_feature=25 7 2 19 23 11 21 19 17 28 24 5 22 0 1 17 2 21 2 15 26 19 2 16 17 17 0 2 18 17 21 25 25 23
split_gain=43.5221 29.4576 33.0577 24.2283 21.5539 20.4568 22.3784 22.2118 18.0171 15.7862 15.9102 14.7627 14.3742 14.2944 13.5157 13.1128 13.2358 11.7608 9.71169 20.965 13.099 10.0843 11.5052 29.4546 10.2391 8.62545 8.52593 7.54477 6.6882 5.98811 5.57195 3.50602 2.0243 0.371585
threshold=3.5998359727215229e-05 -0.00014863983020324998 0.00043704955932570008 0.50000000000000011 0.079353020660184126 4.377804531070888e-05 0.024519984764450969 0.75000000000000011 2.6424511320684756 1.2063491776260127 0.91677921309332333 -7.6438604424228101e-06 0.75281749660803754 24.390243069615831 0.9389605104188784 9.9872732543902547 0.00026824254986810002 0.066414570642338924 9.5197874441180466e-05 0.0025820291700142505 -0.42105263157894735 0.75000000000000011 0.00022919173791085003 5.3394087957265831e-05 1.0611125604263802 3.0633263424795056 38.847428357449509 0.00015276843023015002 0.024999999999958254 2.7616162540770999 0.87569458488593999 2.9738333978880839e-05 5.6899893812452375e-05 0.032608099600027134
decision_type=2 2 2 2 2 2 2 2 2 2 2 2 2 2 2 2 2 2 2 2 2 2 2 2 2 2 2 2 2 2 2 2 2 2
left_child=9 13 3 4 15 12 7 -7 32 18 11 -11 28 -2 -8 16 -3 -15 19 30 -20 22 23 -22 -23 -4 -14 -13 -5 -21 -1 -26 -6 -27
right_child=1 2 25 5 8 6 14 -9 -10 10 -12 27 26 17 -16 -17 -18 -19 20 29 21 24 -24 -25 31 33 -28 -29 -30 -31 -32 -33 -34 -35
leaf_value=0.014014536565927551 -0.0050752941929620181 -0.0025611228762718432 -0.0073937551232733743 0.00088554207045038631 -0.017442023626378533 -0.011218234697115912 -0.016645900931344184 0.008728825111639027 -0.0030553301121654737 0.0032141862463646678 0.0089831287111741872 -0.0040886060600192889 -0.0023556883809085927 0.021116846535000747 5.4541214739672643e-05 0.0095837069299158136 -0.01419261841939423 0.0053554301674772166 0.018239985808127621 -0.0016773135852249422 0.0048568565093854805 0.0023667651170886806 0.01372399260892997 -0.017858151358504173 0.0093166631104515812 -0.025337377823836858 0.0067329918053031382 -0.017943145644135145 -0.013032505895976567 -0.015089068028421649 0.0019756600876341644 0.017024773654162995 -0.026237403338123289 -0.018855260038507755
leaf_weight=19.538614228367805 15.607248470187185 92.804649025201797 14.134289890527723 14.724625691771509 16.059726744890213 19.277269691228867 38.627048492431641 35.246085956692696 17.916420504450798 25.368127182126045 23.268858253955841 17.145174011588097 28.101527824997902 17.431686729192734 14.794836759567259 14.568082541227339 29.053552180528641 28.77865195274353 22.604781746864319 16.033003643155102 64.229366689920425 28.85194693505764 17.452111423015594 15.891289979219435 28.230008885264397 12.87920066714287 123.43531043827534 19.587773308157921 15.615124732255934 14.721760332584379 16.400695577263832 30.514108300209045 16.018209844827652 11.585889428853987
leaf_count=69 65 382 61 59 75 85 178 131 75 99 86 71 114 58 60 54 131 110 77 65 246 113 62 73 104 65 466 90 70 66 64 105 80 56
internal_value=-2.42953e-06 -0.00255901 -0.00373701 -0.00264647 -0.00686271 5.99123e-05 -0.00510094 0.00162376 -0.0152887 0.00408773 -0.00152276 -0.00550755 0.00313696 0.0072009 -0.0119916 -0.00374508 -0.0053668 0.0113986 0.00584088 0.000820273 0.00743989 0.00609561 0.00274025 0.000298535 0.00979642 -0.0170718 0.00503206 -0.0115804 -0.00623282 -0.00821216 0.00861406 0.0133919 -0.0220055 -0.0224927
internal_weight=936.497 576.659 514.842 476.242 186.421 289.822 107.945 54.5234 49.9944 359.838 85.3699 62.1011 181.877 61.8176 53.4219 136.426 121.858 46.2103 274.468 66.6941 207.774 185.169 97.5728 80.1207 87.5961 38.5994 151.537 36.7329 30.3398 30.7548 35.9393 58.7441 32.0779 24.4651
internal_count=3765 2375 2142 1960 797 1163 454 216 230 1390 346 260 709 233 238 567 513 168 1044 264 780 703 381 319 322 182 580 161 129 131 133 209 155 121
is_linear=0
shrinkage=0.015


end of trees

feature_importances:
Column_17=67
Column_7=50
Column_19=46
Column_21=46
Column_2=43
Column_8=33
Column_22=31
Column_24=31
Column_25=31
Column_0=22
Column_29=22
Column_6=19
Column_9=18
Column_11=17
Column_15=17
Column_28=17
Column_31=15
Column_5=14
Column_1=13
Column_23=13
Column_16=9
Column_26=9
Column_27=9
Column_20=7
Column_18=6
Column_10=5
Column_30=2
Column_14=1

parameters:
[boosting: gbdt]
[objective: binary]
[metric: binary_logloss]
[tree_learner: serial]
[device_type: cpu]
[data_sample_strategy: bagging]
[data: ]
[valid: ]
[num_iterations: 800]
[learning_rate: 0.015]
[num_leaves: 63]
[num_threads: 2]
[seed: 137]
[deterministic: 0]
[force_col_wise: 0]
[force_row_wise: 0]
[histogram_pool_size: -1]
[max_depth: 7]
[min_data_in_leaf: 60]
[min_sum_hessian_in_leaf: 0.001]
[bagging_fraction: 0.8]
[pos_bagging_fraction: 1]
[neg_bagging_fraction: 1]
[bagging_freq: 0]
[bagging_seed: 5691]
[bagging_by_query: 0]
[feature_fraction: 0.8]
[feature_fraction_bynode: 1]
[feature_fraction_seed: 22311]
[extra_trees: 0]
[extra_seed: 25471]
[early_stopping_round: 0]
[early_stopping_min_delta: 0]
[first_metric_only: 0]
[max_delta_step: 0]
[lambda_l1: 0.15]
[lambda_l2: 0.15]
[linear_lambda: 0]
[min_gain_to_split: 0]
[drop_rate: 0.1]
[max_drop: 50]
[skip_drop: 0.5]
[xgboost_dart_mode: 0]
[uniform_drop: 0]
[drop_seed: 11029]
[top_rate: 0.2]
[other_rate: 0.1]
[min_data_per_group: 100]
[max_cat_threshold: 32]
[cat_l2: 10]
[cat_smooth: 10]
[max_cat_to_onehot: 4]
[top_k: 20]
[monotone_constraints: ]
[monotone_constraints_method: basic]
[monotone_penalty: 0]
[feature_contri: ]
[forcedsplits_filename: ]
[refit_decay_rate: 0.9]
[cegb_tradeoff: 1]
[cegb_penalty_split: 0]
[cegb_penalty_feature_lazy: ]
[cegb_penalty_feature_coupled: ]
[path_smooth: 0]
[interaction_constraints: ]
[verbosity: -1]
[saved_feature_importance_type: 0]
[use_quantized_grad: 0]
[num_grad_quant_bins: 4]
[quant_train_renew_leaf: 0]
[stochastic_rounding: 1]
[linear_tree: 0]
[max_bin: 255]
[max_bin_by_feature: ]
[min_data_in_bin: 3]
[bin_construct_sample_cnt: 200000]
[data_random_seed: 486]
[is_enable_sparse: 1]
[enable_bundle: 1]
[use_missing: 1]
[zero_as_missing: 0]
[feature_pre_filter: 1]
[pre_partition: 0]
[two_round: 0]
[header: 0]
[label_column: ]
[weight_column: ]
[group_column: ]
[ignore_column: ]
[categorical_feature: ]
[forcedbins_filename: ]
[precise_float_parser: 0]
[parser_config_file: ]
[objective_seed: 12927]
[num_class: 1]
[is_unbalance: 0]
[scale_pos_weight: 1]
[sigmoid: 1]
[boost_from_average: 1]
[reg_sqrt: 0]
[alpha: 0.9]
[fair_c: 1]
[poisson_max_delta_step: 0.7]
[tweedie_variance_power: 1.5]
[lambdarank_truncation_level: 30]
[lambdarank_norm: 1]
[label_gain: ]
[lambdarank_position_bias_regularization: 0]
[eval_at: ]
[multi_error_top_k: 1]
[auc_mu_weights: ]
[num_machines: 1]
[local_listen_port: 12400]
[time_out: 120]
[machine_list_filename: ]
[machines: ]
[gpu_platform_id: -1]
[gpu_device_id: -1]
[gpu_use_dp: 0]
[num_gpu: 1]

end of parameters

pandas_categorical:null
