tree
version=v4
num_class=1
num_tree_per_iteration=1
label_index=0
max_feature_idx=47
objective=binary sigmoid:1
feature_names=Column_0 Column_1 Column_2 Column_3 Column_4 Column_5 Column_6 Column_7 Column_8 Column_9 Column_10 Column_11 Column_12 Column_13 Column_14 Column_15 Column_16 Column_17 Column_18 Column_19 Column_20 Column_21 Column_22 Column_23 Column_24 Column_25 Column_26 Column_27 Column_28 Column_29 Column_30 Column_31 Column_32 Column_33 Column_34 Column_35 Column_36 Column_37 Column_38 Column_39 Column_40 Column_41 Column_42 Column_43 Column_44 Column_45 Column_46 Column_47
feature_infos=[0:97.560973944069943] [-0.095131092803683204:0.093336084007603404] [-0.46732074593317241:1.5238590778406556] [3.8429673079188651e-05:0.0033618861965398999] [0:1] [0:1] [-0.0011087565368185:0.00084745425273820003] [-0.0016432384186328001:0.0014768574105775] [1.0795114131222709e-05:0.0003640997633349051] [-1:1] [-0.0012966756243768:0.000602073390237] [-0.0017915309446241:0.00095958455633270005] [-0.0016289297931248001:0.0020531173478983999] [0:1] [0:1] [-7.5497744964376921:11.559276047526348] [-0.0013479907773019:0.0015067276619378] [0:0.44999999999925] [0.20000000000000001:1] none [-5.3932583663676006:5.0191051546137961] [0:14.54361790319706] [-3.2111176457650883:3.2464656919421024] [-3.0774325743094395:3.2952371279634245] [-2.5748021628133952:2.3802718318134559] [-26.145829644557054:21.073061445590142] none [-0.8988763943946001:0.83651752576896599] [-1.0703725485883628:1.0821552306473674] [-1.0258108581031464:1.0984123759878082] [-0.23961821483702672:5.4272560544828155] [-5.393258366367597:5.0191051546137944] [-8.3860643239130892e-05:0.1689565544503385] [0:1] [0.031021617122327108:84.828423077552671] [0.10000000000000001:0.90000000000000002] [-0.36014970164152799:0.35842415520195836] [-0.42317675974102825:0.44305030358965902] [-0.77708673241985771:0.50920590538967814] [-0.81977750609834743:0.49616672519024624] [-0.87884921830304519:0.57033668776209401] [-0.52452583811795073:0.18061378489018523] [-0.2049280966399975:0.41945417251761663] [-0.55530589791394092:0.45542118027596795] [-0.19034165049397711:0.6404017455072093] [-0.42742959776355582:0.59849534922694037] [-0.39105026589295377:0.3853521035812944] [-0.55897587720536113:0.89616237501399243]
tree_sizes=3277 3814 3500 3692 3174 2649 2421 3057 3493 3808 3805 3592 3700 2746 3610 3717 3679 3396 3569 3488 2953 3378 4119 2966 3285

Tree=0
num_leaves=29
num_cat=0
split_feature=7 3 17 45 7 32 32 41 34 3 39 39 32 3 6 34 41 39 39 38 0 39 23 3 39 7 34 30
split_gain=59.4677 34.6853 23.4131 26.0849 24.7678 21.5628 20.7019 26.7599 26.1341 18.0296 15.8961 15.2734 15.1257 13.4395 13.0407 12.4304 12.1842 11.6469 17.9159 15.992 11.5353 11.2797 11.1123 13.1476 9.17797 8.07621 7.58125 4.69744
threshold=4.21808305460209e-05 0.00020829337131150004 1.0000000180025095e-35 -0.37759440023475799 0.00013684374179215002 5.0322219561582676e-06 -2.7656846467749569e-05 -0.2661421133093354 0.031024280202621733 0.00063811697002910011 -0.36543101923533805 -0.27479597460490052 -2.927709626746969e-06 0.00027458287218855006 -2.4139072896468379e-05 0.031025530535193861 -0.0096148118061392032 -0.28292139874701266 0.096975152465935535 0.28108761327928761 52.445927001690769 0.25279630076244752 0.94574776068873156 0.00030443252227560009 0.2147028637777367 2.4531455959523168e-06 0.031022897806149266 0.38352895127052239
decision_type=2 2 2 2 2 2 2 2 2 2 2 2 2 2 2 2 2 2 2 2 2 2 2 2 2 2 2 2
left_child=1 10 -2 -4 11 16 15 12 9 13 -1 22 -8 -9 -12 -3 -6 19 -19 -7 21 -13 23 -5 -22 -16 -11 -18
right_child=2 6 3 4 5 17 7 8 -10 26 14 20 -14 -15 25 -17 27 18 -20 -21 24 -23 -24 -25 -26 -27 -28 -29
leaf_value=-0.0016345975320249675 -0.017805187790493272 0.01872415760343573 -0.023709687389923229 -0.00395906880986561 -0.0021078290116192228 -0.011105201487723959 0.018803457820877036 0.005582227129763786 -0.015545573833930829 0.015679490644767164 0.0037837279197015417 -0.013789595718514229 0.00059626535780847199 -0.0027247111700801859 0.024808774470544866 0.0028637082128092728 0.0076027559506368679 0.0070759304612911045 -0.003815851954532247 0.0054140494046610111 -0.0075974419664687366 0.0035776636236616827 -0.010803315271296682 0.013444706255735928 -0.019937251340489476 0.011616265201276522 0.0036557737260068074 0.019014712484708297
leaf_weight=13.808519840240477 25.934950947761536 24.258359014987946 13.297296822071074 23.274392127990723 14.743013620376585 50.671550989151001 26.611084520816803 54.601921737194061 24.549701333045959 20.773246943950653 15.468620538711546 14.671552360057829 17.095739126205444 217.69857138395309 29.359595596790314 21.234996855258942 15.952358484268187 58.169489145278931 81.114060044288635 17.497021734714508 23.60421347618103 19.041684985160828 18.448006629943848 16.474575579166412 35.329361975193024 18.140173316001892 28.826384544372559 19.349518179893494
leaf_count=56 118 83 63 96 60 220 91 209 110 73 60 65 68 889 95 83 60 220 334 67 100 74 80 59 163 66 112 66
internal_value=-9.93411e-09 0.00348861 -0.00399396 -0.00313307 -0.00244904 0.000370815 0.00184222 0.000717572 -0.00067343 0.000460519 0.0127795 -0.00727315 0.0117595 -0.00104858 0.0159725 0.011404 0.0092003 -0.00175344 0.000719504 -0.00682965 -0.0110543 -0.0039415 -0.00120223 0.00322123 -0.0150648 0.0198702 0.00876885 0.0139753
internal_weight=960 512.427 447.573 421.638 408.341 257.497 435.65 390.157 346.45 321.9 76.7769 150.844 43.7068 272.3 62.9684 45.4934 50.0449 207.452 139.284 68.1686 92.6468 33.7132 58.197 39.749 58.9336 47.4998 49.5996 35.3019
internal_count=3840 1995 1845 1727 1664 1027 1718 1552 1393 1283 277 637 159 1098 221 166 186 841 554 287 402 139 235 155 263 161 185 126
is_linear=0
shrinkage=1


Tree=1
num_leaves=34
num_cat=0
split_feature=7 3 17 45 7 35 18 39 39 6 38 16 0 39 29 3 8 0 8 36 17 36 7 38 2 39 7 3 3 7 2 44 21
split_gain=57.719 33.6609 22.7208 25.3208 24.04 20.1202 18.6219 15.4335 14.8213 12.6538 11.3881 19.8561 11.194 10.9487 10.7837 12.7609 10.4371 9.7757 9.81907 16.4592 9.63876 9.44903 12.0701 42.7527 9.07834 8.90338 8.83898 10.6798 8.60331 7.83403 6.22989 5.67191 2.76853
threshold=4.21808305460209e-05 0.00020829337131150004 1.0000000180025095e-35 -0.37759440023475799 0.00013684374179215002 0.57555465183808241 0.25000000000000006 -0.36543101923533805 -0.27479597460490052 -2.4139072896468379e-05 -0.021400923163194592 2.0719171609735095e-05 52.445927001690769 0.25279630076244752 0.31524925356291056 0.00030443252227560009 8.0231164130184336e-05 46.774192756246286 0.00010182550250465107 -0.14969998600082582 0.19166666666634719 -0.17074069373612608 -0.00019043182502889995 0.07290055283797571 0.53079204103266575 0.2147028637777367 -0.00014654803726049998 0.00029880165436345005 0.00028987611491160004 2.4531455959523168e-06 0.67113248840945117 -0.0030692435072911888 1.580434532774629
decision_type=2 2 2 2 2 2 2 2 2 2 2 2 2 2 2 2 2 2 2 2 2 2 2 2 2 2 2 2 2 2 2 2 2
left_child=1 7 -2 -4 8 6 32 -1 14 -9 11 16 13 -10 15 -5 -8 -6 19 -19 -20 -7 23 31 28 -14 -12 -28 -24 -11 -26 -23 -3
right_child=2 5 3 4 17 21 10 9 12 29 26 -13 25 -15 -16 -17 -18 18 20 -21 -22 22 24 -25 30 -27 27 -29 -30 -31 -32 -33 -34
leaf_value=-0.0016103329515647091 -0.017541024523296589 0.0042514205677509119 -0.0233612621797397 -0.0039000688883965547 0.010366645013085393 -0.0059083024210701595 -0.010743841475496915 0.0037275401994498127 -0.013585478045602669 0.024442304249181951 -0.00047538334750394138 0.015083672336778188 -0.0074842990180229128 0.0035244395120267958 -0.010642872130612694 0.01324546155462911 0.00010721132912294969 -0.013311791498877385 0.0049585969334968111 -0.00041422938026947369 -0.0072212865291410005 0.023495231517140665 0.0090180459449117727 -0.0096737224584684412 0.013988331178255544 -0.019641399677906488 -0.0035476375845366163 -0.018363428210591851 -0.0024411620537615358 0.011443845423613973 0.0015557442686770253 0.013162106093050683 0.013360438718267946
leaf_weight=13.808510839939116 25.932895362377167 15.792707920074461 13.295428305864332 23.274301066994667 20.129628822207451 16.248815968632698 27.468378067016602 15.468565061688421 14.670854911208151 29.355079293251038 23.147675648331642 15.864143773913382 23.6038728505373 19.041623681783676 18.447468340396881 16.473830789327621 70.332835644483566 28.326056569814682 87.852157339453697 103.91863864660263 17.265817791223526 18.046113178133965 18.832654789090157 18.364836856722832 22.438386142253876 35.32585221529007 19.943090453743935 25.610518217086792 65.75457002222538 18.139561682939529 15.957713425159453 45.365284144878387 16.474076583981514
leaf_count=56 118 61 63 96 74 68 119 60 65 95 93 56 100 74 80 59 281 125 338 417 73 59 70 79 80 163 82 117 268 66 63 163 59
internal_value=0 0.00343715 -0.00393469 -0.00308654 -0.00241254 0.00181519 -0.00144748 0.0125903 -0.00716536 0.0157367 -0.00331629 -0.000378849 -0.0108903 -0.00388213 -0.00118426 0.00317268 -0.00292922 0.000365463 -0.000479229 -0.00320576 0.00292922 0.00499275 0.00587248 0.0103446 0.00287157 -0.0148414 -0.00813216 -0.0119593 9.50316e-05 0.0195767 0.00890579 0.0161867 0.00901182
internal_weight=959.972 512.414 447.558 421.626 408.33 435.642 214.633 76.7717 150.838 62.9632 182.367 113.665 92.6422 33.7125 58.1956 39.7481 97.8012 257.492 237.363 132.245 105.118 221.008 204.76 81.7762 122.983 58.9297 68.7013 45.5536 84.5872 47.4946 38.3961 63.4114 32.2668
internal_count=3840 1995 1845 1727 1664 1718 868 277 637 221 748 456 402 139 235 155 400 1027 953 542 411 850 782 301 481 263 292 199 338 161 143 222 120
is_linear=0
shrinkage=0.015


Tree=2
num_leaves=31
num_cat=0
split_feature=7 15 38 17 45 7 32 34 32 42 32 39 7 7 39 44 34 39 39 38 0 39 23 10 39 39 41 41 44 23
split_gain=56.0254 25.6867 39.1088 22.0526 24.5866 23.3328 20.8542 17.8969 26.3515 16.3139 14.7581 20.7859 16.1903 19.9011 14.3847 13.9852 12.774 11.3383 17.1609 15.5208 10.8654 10.6285 10.4653 9.94199 8.64139 7.08058 6.84786 5.14609 4.87551 0.944596
threshold=4.21808305460209e-05 0.24112922806891771 -0.10082209177539543 1.0000000180025095e-35 -0.37759440023475799 0.00013684374179215002 5.0322219561582676e-06 0.031030426409295698 -2.2332106615123115e-05 0.024165495699679681 -1.2346066669384943e-05 0.30049517563275424 -0.00019043182502889995 -8.1296657917495171e-05 -0.27479597460490052 0.017044450795572947 0.031023334860435025 -0.28292139874701266 0.096975152465935535 0.28108761327928761 52.445927001690769 0.25279630076244752 0.94574776068873156 -3.7779449877583291e-05 0.2147028637777367 -0.0098121141507140162 0.039237371517428572 0.026007660105471096 -0.017023228025701508 -1.0000000180025095e-35
decision_type=2 2 2 2 2 2 2 2 2 2 2 2 2 2 2 2 2 2 2 2 2 2 2 2 2 2 2 2 2 2
left_child=1 7 29 -2 -5 14 15 8 25 27 11 16 23 -14 22 28 -10 19 -19 -8 21 -16 26 -12 -22 -1 -6 -4 -7 -3
right_child=3 2 9 4 5 6 17 -9 10 -11 12 -13 13 -15 20 -17 -18 18 -20 -21 24 -23 -24 -25 -26 -27 -28 -29 -30 -31
leaf_value=0.0071778454900383072 -0.017283453538281864 0.025487544572328411 0.011434656335908761 -0.023024224022760387 0.0090852682511003598 0.0082125502142168343 -0.01095022398494973 -0.013021555262920549 0.0056237007387431931 -0.010139092458952571 0.0041290545692465666 -0.020788441548267731 -0.0050522355275560444 0.0038942227733339083 -0.013385622911407651 -0.0028500225670305686 -0.011854205525345133 0.0069319748871681675 -0.0037278694002614511 0.0053228374899671818 -0.0073730559158017251 0.003472018839535517 -0.010485414279785192 0.017591125768699572 -0.019353694750052074 0.019710048159678108 -0.0032808321799144727 0.00080288774422682401 0.019849893355479289 0.018996964102894663
leaf_weight=21.227053254842758 25.926852762699127 19.05417463183403 27.999463453888893 13.289933711290358 20.738215371966362 17.127674013376232 50.669941827654839 17.473940521478653 27.198316931724548 15.764420211315153 28.94587729871273 15.286067411303518 85.178204566240311 161.93909606337547 14.668803736567495 15.149299338459967 14.1810445189476 58.167844593524933 81.112004160881042 17.496811866760254 23.602871268987656 19.041445165872574 18.445885986089706 22.310664877295494 35.315529584884644 21.292089387774467 19.007458806037903 16.889888554811478 17.764988809823993 17.641865015029907
leaf_count=80 118 61 102 63 77 64 220 77 104 68 112 71 354 628 65 62 62 220 334 67 100 74 80 77 163 72 78 67 60 60
internal_value=0 0.00338636 0.0103196 -0.00387677 -0.00304112 -0.00237697 0.000359675 0.00175154 0.00241119 0.002865 0.0010653 -0.00593107 0.00240386 0.000800198 -0.00705973 0.0090433 -0.000333123 -0.00172924 0.000710563 -0.00673786 -0.0107298 -0.00382383 -0.00116663 0.0100668 -0.0146232 0.0135535 0.00312497 0.00750034 0.0142613 0.0225183
internal_weight=959.908 512.382 97.3498 447.526 421.599 408.309 257.489 415.032 397.558 60.6538 355.039 56.6654 298.374 247.117 150.82 50.042 41.3794 207.447 139.28 68.1668 92.6286 33.7102 58.1916 51.2565 58.9184 42.5191 39.7457 44.8894 34.8927 36.696
internal_count=3840 1995 358 1845 1727 1664 1027 1637 1560 237 1408 237 1171 982 637 186 166 841 554 287 402 139 235 189 263 152 155 169 124 121
is_linear=0
shrinkage=0.015


Tree=3
num_leaves=33
num_cat=0
split_feature=7 3 17 45 7 32 35 33 8 18 39 39 44 41 6 39 39 41 15 16 0 42 0 39 23 3 42 39 7 42 44 33
split_gain=54.3786 32.5001 21.4092 23.882 22.6513 20.2395 19.414 22.9735 22.4009 17.9033 14.8617 13.963 13.5796 12.8585 12.1737 11.0006 16.6519 11.3186 10.6283 12.23 19.413 15.1748 10.549 10.3186 10.1565 12.3304 9.8848 8.39116 7.60961 5.74621 4.73037 2.84701
threshold=4.21808305460209e-05 0.00020829337131150004 1.0000000180025095e-35 -0.37759440023475799 0.00013684374179215002 5.0322219561582676e-06 0.57555465183808241 0.57904409477477614 0.00017456589764982809 0.25000000000000006 -0.36543101923533805 -0.27479597460490052 0.017044450795572947 -0.2661421133093354 -2.4139072896468379e-05 -0.28292139874701266 0.096975152465935535 0.051945680779195057 0.4223368997724038 -8.3238683202877333e-05 35.520073978626179 0.063731048956907607 52.445927001690769 0.25279630076244752 0.94574776068873156 0.00030443252227560009 0.15226716668936027 0.2147028637777367 2.4531455959523168e-06 0.10062653932612213 -0.017023228025701508 0.21103965479498157
decision_type=2 2 2 2 2 2 2 2 2 2 2 2 2 2 2 2 2 2 2 2 2 2 2 2 2 2 2 2 2 2 2 2
left_child=1 10 -2 -4 11 12 9 8 13 31 -1 24 30 -8 -12 17 -17 -7 19 20 -11 -21 23 -13 25 -5 -15 -24 -16 -9 -6 -3
right_child=2 6 3 4 5 15 7 29 -10 18 14 22 -14 26 28 16 -18 -19 -20 21 -22 -23 27 -25 -26 -27 -28 -29 -30 -31 -32 -33
leaf_value=-0.0016001745446532609 -0.017032174197843121 0.013195805168136428 -0.022697950169254095 -0.0038731496161241012 0.0080910340500260809 -0.010906081278264215 0.014894211350531065 0.017800077935482845 -0.014715609342017582 -0.0068243546998395261 0.0036387203722914978 -0.013189868730724599 -0.0028076969552261145 0.0038268008476197426 0.023986213920598059 0.006828573444318589 -0.0036721079075571718 0.002015633416372899 0.0061926337620781232 -0.015649776191264786 0.0068168759862103278 -0.00030447745118241949 -0.0072636613324802025 0.0034203975719688984 -0.010330846877681002 0.012981447171468975 -0.0082889197177614775 -0.019073729553900527 0.01117225607194057 0.0067878046774313017 0.019559674194542503 0.0039782438071192146
leaf_weight=13.808452397584913 25.917000740766525 16.472756043076515 13.280976831912993 23.273980125784874 17.126395419239994 45.79029606282711 20.971537798643112 31.390233144164085 15.685753270983694 58.169984608888626 15.468129962682722 14.665459871292112 15.149269208312033 118.05679279565811 29.335506021976471 58.165202647447586 81.110834211111069 22.371648669242859 22.890608429908752 38.570636838674545 39.048238977789879 23.673866257071495 23.601238489151001 19.041152626276016 18.443304389715195 16.470374375581741 17.144251927733421 35.298705399036407 18.135699898004532 17.735016778111458 17.760406166315082 15.789898753166197
leaf_count=56 118 59 63 96 64 199 74 108 70 245 60 65 62 458 95 220 334 88 87 173 148 95 100 74 80 59 73 163 66 67 60 61
internal_value=0 0.0033363 -0.00381966 -0.00299624 -0.00234174 0.0003545 0.00174255 0.00486415 0.0022575 -0.00146236 0.0123317 -0.00695611 0.00890984 0.00398913 0.0154205 -0.00170324 0.000699734 -0.00663695 -0.00329489 -0.00467544 -0.00132011 -0.00986422 -0.0105726 -0.00376655 -0.00114939 0.00307768 0.00226635 -0.01441 0.0191887 0.0139029 0.0140525 0.00879328
internal_weight=959.814 512.347 447.466 421.549 408.268 257.474 435.6 220.984 171.858 214.616 76.7478 150.794 50.0361 156.173 62.9393 207.438 139.276 68.1619 182.353 159.463 97.2182 62.2445 92.6066 33.7066 58.1877 39.7444 135.201 58.8999 47.4712 49.1252 34.8868 32.2627
internal_count=3840 1995 1845 1727 1664 1027 1718 850 675 868 277 637 186 605 221 841 554 287 748 661 393 268 402 139 235 155 531 263 161 175 124 120
is_linear=0
shrinkage=0.015


Tree=4
num_leaves=28
num_cat=0
split_feature=7 3 17 45 7 32 32 41 34 3 32 39 39 44 3 16 34 42 34 34 29 3 21 47 18 7 44
split_gain=52.784 31.5552 20.7883 23.2047 21.9914 19.6444 19.0631 24.93 24.661 17.098 14.5384 14.4379 13.5554 13.1879 12.8424 11.8331 11.7971 10.8035 26.1446 15.9863 9.85759 11.97 7.90351 7.61447 10.1945 6.83481 4.59189
threshold=4.21808305460209e-05 0.00020829337131150004 1.0000000180025095e-35 -0.37759440023475799 0.00013684374179215002 5.0322219561582676e-06 -2.7656846467749569e-05 -0.2661421133093354 0.031024280202621733 0.00063811697002910011 -2.927709626746969e-06 -0.36543101923533805 -0.27479597460490052 0.017044450795572947 0.00027458287218855006 -3.7388780028531982e-05 0.031025530535193861 -0.052098243791853203 0.031022266294933595 0.031022030447231074 0.31524925356291056 0.00030443252227560009 1.5435787810018742 -0.0034518442364450158 0.50000000000000011 2.4531455959523168e-06 -0.017023228025701508
decision_type=2 2 2 2 2 2 2 2 2 2 2 2 2 2 2 2 2 2 2 2 2 2 2 2 2 2 2
left_child=1 11 -2 -4 12 13 16 10 9 14 -8 -1 20 26 -9 -13 -3 19 -19 -7 21 -5 -11 -14 -25 -17 -6
right_child=2 6 3 4 5 17 7 8 -10 22 -12 15 23 -15 -16 25 -18 18 -20 -21 -22 -23 -24 24 -26 -27 -28
leaf_value=-0.0015764339758733931 -0.016786911641096108 0.018027881870695223 -0.022381867779971663 -0.0038154808521619851 0.0079715698778826238 0.0060377855003547034 0.018205104060485092 0.0054087138013903472 -0.015153591506891164 0.015858046075235818 0.000354461119548692 0.0039822803077771826 -0.020175000725899027 -0.0027660108208182564 -0.0027115724007567505 0.023863868853220775 0.0025743733782496022 -0.012144288045264452 0.0049143138949515313 -0.0091500833272560346 -0.010179081647660739 0.012791621605303068 0.0034957743720931008 -0.013810182777807652 -0.0028213578006641878 0.011674045545734786 0.019277337687175884
leaf_weight=13.808417826890944 25.903511941432953 24.242102533578873 13.26871335506439 23.273632735013962 17.124571412801739 19.929169848561287 26.597050398588181 54.596090629696846 24.542944237589836 19.714184418320656 17.093337804079056 16.314774408936501 15.280697569251059 15.149179592728613 217.67816130816936 27.815479815006256 21.229378923773766 25.558124735951424 94.057329803705215 67.88099616765976 18.439771443605423 16.466325670480728 29.876006841659546 39.103664666414261 38.19194695353508 18.781090214848518 17.752471223473552
leaf_count=56 118 83 63 96 64 76 91 209 110 69 68 63 71 62 889 90 83 112 362 291 80 59 116 174 157 68 60
internal_value=0 0.00328719 -0.00376362 -0.0029522 -0.00230714 0.000349383 0.00171683 0.000637489 -0.000704837 0.000396474 0.0112977 0.0121528 -0.00685453 0.00877905 -0.00107296 0.0151984 0.0108946 -0.00167769 0.00123999 -0.00567309 -0.00113235 0.00303152 0.00848853 -0.0104187 -0.00842561 0.019052 0.0138484
internal_weight=959.669 512.289 447.38 421.477 408.208 257.452 435.569 390.098 346.407 321.864 43.6904 76.7198 150.756 50.0262 272.274 62.9113 45.4715 207.426 119.615 87.8102 58.1797 39.74 49.5902 92.5763 77.2956 46.5966 34.877
internal_count=3840 1995 1845 1727 1664 1027 1718 1552 1393 1283 159 277 637 186 1098 221 166 841 474 367 235 155 185 402 331 158 124
is_linear=0
shrinkage=0.015


Tree=5
num_leaves=23
num_cat=0
split_feature=32 17 16 3 32 47 34 37 3 34 3 33 20 40 8 3 32 21 6 10 3 47
split_gain=37.0007 26.6792 27.6245 25.8633 19.4677 23.868 30.3507 19.2686 15.3226 14.7273 12.8104 16.3872 10.6338 13.6369 12.9836 8.14176 10.1888 8.15212 6.31057 8.89788 5.61867 3.75665
threshold=1.0496671462985792e-06 1.0000000180025095e-35 -8.3238683202877333e-05 0.00020829337131150004 -2.2332106615123115e-05 0.74356929764713708 0.031023500286708031 0.39246406931927486 0.00074549920555050007 0.031025889232517926 0.00063811697002910011 0.24181579722613741 1.2517955848966995 0.33999710305506808 0.00010436290759501213 0.00035686877157195003 7.1076103000204211e-06 0.39377087575359176 -2.5667803789177226e-05 1.2572290957391688e-05 0.00044479507647185006 0.060935216146537567
decision_type=2 2 2 2 2 2 2 2 2 2 2 2 2 2 2 2 2 2 2 2 2 2
left_child=3 -2 20 18 9 6 10 12 -8 21 11 -6 15 14 -14 16 -4 -17 -1 -20 -3 -5
right_child=1 2 7 4 5 -7 8 -9 -10 -11 -12 -13 13 -15 -16 17 -18 -19 19 -21 -22 -23
leaf_value=0.0025148856008405038 -0.01803930673160135 0.0025957651095514147 -0.0070930645483993351 0.0089865753126354645 0.0028945324750700809 0.014717735472489708 -0.0056160149065003478 -0.019790962721321147 -0.02421816561677723 -0.00068964303751227625 0.010096515428585693 -0.0047152102098514592 -0.0043131521514301633 0.012712918016936591 0.0029109652904841469 -0.017245826587977155 0.0053965979891347493 -0.0043040128761509177 0.018626123653183509 0.0058663850713780823 0.013378408897155825 0.018798050343352708
leaf_weight=14.818627804517744 25.046817287802696 19.649621933698654 47.829167887568474 17.02971339225769 156.47312264144421 23.514901354908943 27.687600061297417 15.456734895706175 15.930340319871901 21.151616007089615 30.183994635939598 107.09504118561745 170.4802580922842 14.964598700404165 82.808691203594208 25.114606440067291 20.860752567648888 20.546615779399872 33.204148054122925 20.755327090620995 26.247228547930717 22.656314194202423
leaf_count=58 115 77 202 63 612 83 116 72 76 85 111 444 706 54 324 114 80 85 113 79 94 77
internal_value=0 -0.00301157 -0.00215287 0.00288017 0.00148117 0.000150142 -0.000864652 -0.00342822 -0.0125211 0.00932009 0.000864014 -0.000189908 -0.00275381 -0.00110957 -0.00194214 -0.00658483 -0.00326384 -0.0115046 0.0114038 0.0137896 0.00883444 0.014694
internal_weight=959.506 469.005 443.958 490.501 421.723 360.885 337.37 398.061 43.6179 60.8376 293.752 263.568 382.605 268.254 253.289 114.351 68.6899 45.6612 68.7781 53.9595 45.8969 39.686
internal_count=3840 1923 1808 1917 1667 1442 1359 1637 192 225 1167 1056 1565 1084 1030 481 282 199 250 192 171 140
is_linear=0
shrinkage=0.015


Tree=6
num_leaves=21
num_cat=0
split_feature=32 17 16 38 34 32 1 41 8 6 42 25 38 8 39 34 32 38 47 21
split_gain=35.9106 25.9108 26.8124 19.6324 18.8117 22.2399 29.1631 23.307 14.9988 17.9041 16.521 10.7826 17.3913 13.3848 10.5295 14.3977 7.84464 6.50159 8.1678 2.97005
threshold=1.0496671462985792e-06 1.0000000180025095e-35 -8.3238683202877333e-05 0.35731506686585274 0.031037630869678319 -2.2332106615123115e-05 -0.023184863769017697 -0.24804942975978261 5.4835454438689186e-05 -3.2005641488008352e-05 0.14441082622070534 0.32692824628852063 0.28108761327928761 0.00010436290759501213 0.34621942193979172 0.031022098417787383 -4.3948592923263391e-06 0.0072386148246561333 0.189127467397608 0.50524206406472516
decision_type=2 2 2 2 2 2 2 2 2 2 2 2 2 2 2 2 2 2 2 2
left_child=4 -2 19 11 5 17 -7 16 9 -9 -10 14 13 -13 15 -4 -8 18 -1 -3
right_child=1 2 3 -5 -6 6 7 8 10 -11 -12 12 -14 -15 -16 -17 -18 -19 -20 -21
leaf_value=0.02257066923310241 -0.017781697738402491 0.0031614950723035536 -0.00099996180767618109 -0.020317523580211751 -0.012361254086606547 -0.019215475397160686 0.017841474786829882 -0.0039322031379308313 0.0010139182645273923 0.010459983421662133 -0.011583988069537605 -0.0044832319935491013 0.013643949850983314 0.0028673715314250941 0.0037166554988798403 -0.013004347437056508 0.0047607159932619211 0.0042004464304875875 0.0085364428417658376 0.011473010922911656
leaf_weight=19.522349268198013 25.030823901295662 15.666851177811621 36.413016304373741 14.712900847196577 17.457905620336533 13.648029550909994 28.591416075825691 26.196296617388725 233.16010457277298 72.521652847528458 25.877133503556252 168.24221770465374 16.790120288729668 82.808931216597557 18.499507904052734 60.570035457611084 17.161580771207809 16.630741953849792 19.665141329169273 30.226612970232964
leaf_count=64 115 61 147 69 77 63 98 108 925 266 113 698 60 324 72 267 66 64 73 110
internal_value=0 -0.00296684 -0.00212072 -0.00337728 0.0028378 0.0034073 0.00220863 0.00294571 0.00164668 0.00661787 -0.000241874 -0.00271351 -0.00105017 -0.00204942 -0.00654549 -0.00852888 0.0130156 0.0122955 0.0156446 0.00870408
internal_weight=959.393 468.961 443.93 398.037 490.432 472.974 417.156 403.508 357.755 98.7179 259.037 383.324 267.841 251.051 115.483 96.9831 45.753 55.8182 39.1875 45.8935
internal_count=3840 1923 1808 1637 1917 1840 1639 1576 1412 374 1038 1568 1082 1022 486 414 164 201 137 171
is_linear=0
shrinkage=0.015


Tree=7
num_leaves=27
num_cat=0
split_feature=7 15 36 40 43 16 45 32 18 45 32 34 5 7 43 6 18 20 42 18 0 12 45 39 44 32
split_gain=49.305 23.9321 32.775 19.1525 21.9705 23.6979 17.7161 21.711 16.6505 18.2049 21.0794 19.986 14.9471 14.5773 17.4314 13.4891 13.0876 12.58 11.2562 13.0087 10.2241 7.79592 5.90869 5.71639 5.17447 4.67662
threshold=4.21808305460209e-05 0.24112922806891771 -0.092566255506478137 0.41142191464717764 0.2107603777749317 0.00028557857073035006 -0.14703569420088117 1.7698011982991702e-05 0.90000000000000013 0.5081416366550161 -2.7656846467749569e-05 0.031024280202621733 1.0000000180025095e-35 -0.00019043182502889995 0.31502442921844964 3.2765514818557802e-05 0.75000000000000011 2.5298995030848359 -0.070197982137496687 0.25000000000000006 43.269697428475951 0.00031408812589285004 -0.10246324135849526 0.16832495197905281 0.10429711973517297 -2.094552439772338e-06
decision_type=2 2 2 2 2 2 2 2 2 2 2 2 2 2 2 2 2 2 2 2 2 2 2 2 2 2
left_child=1 8 -3 4 6 20 7 18 9 10 -1 12 -12 14 -10 25 -8 -9 19 -2 -6 23 -17 -22 -7 -4
right_child=3 2 15 -5 5 24 16 17 13 -11 11 -13 -14 -15 -16 22 -18 -19 -20 -21 21 -23 -24 -25 -26 -27
leaf_value=0.015709630413168005 -0.006512354034662095 0.021463541188231832 0.015829990207266841 -0.019684529968744681 0.002711435131938202 -0.00090178504670135546 0.0013614979495433892 -0.0028620441578310596 0.011828047759406249 0.015566667718203978 0.0057816906807731721 -0.015860253184804773 -0.0011369586844070122 -0.014490521057515979 -0.0077915059107542834 0.0023638856551783244 0.017076461392790412 -0.021600452833835486 -0.0098649419788365104 0.004669699409497333 -0.018361140383482841 0.00015774138849750381 -0.010893880144242057 -0.010025905362079543 0.010027622631290178 0.0042009671563935204
leaf_weight=23.211599871516228 30.372146055102348 35.011096358299255 15.765579849481581 16.036207541823387 14.279476329684256 22.283139303326607 28.535650417208672 15.34575743973255 16.863794267177582 23.744294285774231 121.85276953876019 15.018771931529043 164.62079046666622 24.256151795387268 25.247632414102554 15.339519396424295 20.805403813719749 17.719127133488655 20.629548966884613 99.043968230485916 23.710732266306877 13.715749084949492 14.296092823147772 108.01622144877911 16.700615301728249 16.841711595654488
leaf_count=81 128 116 55 75 56 90 113 63 61 83 465 68 664 108 107 60 72 83 89 382 109 55 62 468 62 65
internal_value=0 0.00317806 0.00987381 -0.00363786 -0.00302918 -0.00668962 9.24962e-05 -0.00204837 0.00159981 0.00291574 0.00197694 0.000904926 0.00179955 -0.00526633 2.61271e-05 0.00328269 0.00806509 -0.0130237 0.000365829 0.00202356 -0.00925122 -0.0104427 -0.00397872 -0.0115625 0.00374336 0.00993901
internal_weight=959.264 512.07 97.254 447.194 431.158 198.706 232.452 183.111 414.816 348.448 324.704 301.492 286.474 66.3676 42.1114 62.2429 49.3411 33.0649 150.046 129.416 159.722 145.443 29.6356 131.727 38.9838 32.6073
internal_count=3840 1995 358 1845 1770 840 930 745 1637 1361 1278 1197 1129 276 168 242 185 146 599 510 688 632 122 577 152 120
is_linear=0
shrinkage=0.015


Tree=8
num_leaves=31
num_cat=0
split_feature=7 3 37 38 16 15 38 32 1 16 39 34 34 43 21 7 20 7 32 24 3 16 34 0 23 8 7 47 39 15
split_gain=47.8549 29.4275 19.109 23.9249 20.4862 17.9694 33.5347 19.7193 29.9951 22.725 13.8562 13.7917 13.16 12.9772 12.2966 16.137 26.9078 17.8992 17.657 14.1246 11.5732 11.2042 10.5635 14.7568 8.08367 7.84224 6.48051 5.7732 5.0681 3.0571
threshold=4.21808305460209e-05 0.00020829337131150004 -0.38927270017518223 0.35731506686585274 0.00023039024763800005 0.20968517367311723 -0.10082209177539543 -2.2332106615123115e-05 -0.024860309156551297 -8.3238683202877333e-05 -0.36543101923533805 0.031026895327020857 0.031021873129982835 -0.14257759012995377 0.16401780089819051 0.00036098859677595008 2.5298995030848359 0.00013196639987350002 5.7611294323874547e-06 0.047656795496588057 0.00027458287218855006 -3.7388780028531982e-05 0.031023563499404303 52.173912117204075 1.4623010256378375 8.9279545476338655e-05 2.4531455959523168e-06 0.57060075544146793 -0.069918985835064354 0.5999383391026919
decision_type=2 2 2 2 2 2 2 2 2 2 2 2 2 2 2 2 2 2 2 2 2 2 2 2 2 2 2 2 2 2
left_child=1 10 4 14 22 7 -7 11 -9 12 -1 28 -10 -8 29 17 -17 19 -19 -16 -11 -12 23 -2 -18 27 -23 -25 -3 -4
right_child=2 5 3 -5 -6 6 13 8 9 20 21 -13 -14 -15 15 16 24 18 -20 -21 -22 26 -24 25 -26 -27 -28 -29 -30 -31
leaf_value=-0.0017460317153936947 6.8621586394263231e-05 0.0075104529179961747 -0.0033961900186984984 -0.019333454169865521 0.00273093927641405 0.022072898795078809 0.0070521707038312441 -0.022988541551177865 -0.0085431686453686841 0.0031991146526240848 0.0037711290820797052 -0.0020724003880356174 0.0048571659929028833 -0.0085697660596867863 -0.010918462297303215 0.0051230876982021551 -0.0076300512554964206 0.014401199220470059 0.0022703056500566195 0.0022542819512350529 -0.0075374736064665665 0.023139472627526664 -0.023782583732900774 -0.020185033310318987 -0.023300652808627188 -0.0044405620336429091 0.011255786710183372 -0.0086022761927437141 0.019474647224176703 -0.012609137677072019
leaf_weight=13.807796061038969 25.452974572777748 15.518743097782133 14.81621168553829 16.016785189509392 28.961353182792664 25.825957909226418 31.038221687078476 13.478250265121458 18.279645293951035 29.024988427758217 16.307695239782333 17.247081771492958 149.94056595861912 19.212005078792572 32.067355543375015 24.226776003837585 15.067585930228235 37.863249152898788 95.539691343903542 41.870023220777512 96.783733189105988 27.734923109412193 13.740235224366186 31.941783145070076 16.055812582373619 17.29011332988739 18.765030190348625 15.534150227904318 19.018526017665863 20.674019113183022
leaf_count=56 102 58 61 75 114 85 117 64 78 113 63 70 577 82 140 93 64 134 376 165 410 90 66 149 76 72 68 67 64 91
internal_value=0 0.00313125 -0.00358426 -0.00155688 -0.00835252 0.00161481 0.00823052 0.000204896 -0.00123198 -0.000215801 0.0116991 0.00875963 0.00338134 0.00102711 -0.000585228 0.000528113 -0.00664561 0.00245743 0.00574253 -0.00343903 -0.00504174 0.0146878 -0.0114613 -0.00952351 -0.0158591 -0.0133193 0.0184437 -0.0164814 0.0142193 -0.00885659
internal_weight=959.101 511.983 447.118 314.198 132.921 435.368 76.0762 359.292 307.507 294.029 76.6154 51.7844 168.22 50.2502 298.181 262.69 55.3502 207.34 133.403 73.9374 125.809 62.8076 103.959 90.219 31.1234 64.766 46.5 47.4759 34.5373 35.4902
internal_count=3840 1995 1845 1275 570 1718 284 1434 1242 1178 277 192 655 199 1200 1048 233 815 510 305 523 221 456 390 140 288 158 216 122 152
is_linear=0
shrinkage=0.015


Tree=9
num_leaves=34
num_cat=0
split_feature=7 3 17 45 7 35 33 8 32 18 39 39 38 6 38 2 41 39 3 38 8 0 39 3 41 7 33 39 0 7 38 34 33
split_gain=46.4579 28.5867 18.7553 20.9019 20.607 18.4666 21.0725 20.2679 18.4088 16.8437 13.4703 12.7244 11.3141 11.024 10.5593 15.9318 10.5515 10.4335 15.6477 14.3848 10.0383 9.86929 10.0032 9.67035 9.61098 8.41753 13.5147 7.97098 7.48323 6.90192 6.14839 4.38925 2.81541
threshold=4.21808305460209e-05 0.00020829337131150004 1.0000000180025095e-35 -0.37759440023475799 0.00013684374179215002 0.57555465183808241 0.57904409477477614 0.00017456589764982809 5.0322219561582676e-06 0.25000000000000006 -0.36543101923533805 -0.27479597460490052 -0.61445849320558377 -2.4139072896468379e-05 -0.021400923163194592 0.54788059098204578 -0.0096148118061392032 -0.28292139874701266 0.00076111597110615006 0.28108761327928761 8.0231164130184336e-05 52.445927001690769 0.25279630076244752 0.00063811697002910011 0.039237371517428572 -0.00014654803726049998 0.2444554312418287 0.2147028637777367 59.154928994243377 2.4531455959523168e-06 -0.20962047611204798 0.031022425775311297 0.21103965479498157
decision_type=2 2 2 2 2 2 2 2 2 2 2 2 2 2 2 2 2 2 2 2 2 2 2 2 2 2 2 2 2 2 2 2 2
left_child=1 10 -2 -4 11 9 7 12 16 32 -1 24 -7 -12 15 20 -6 19 -19 -10 -11 22 -13 -14 28 -16 -27 -23 -5 -15 -8 -18 -3
right_child=2 5 3 4 8 6 30 -9 17 14 13 21 23 29 25 -17 31 18 -20 -21 -22 27 -24 -25 -26 26 -28 -29 -30 -31 -32 -33 -34
leaf_value=-0.001720112849839063 -0.015923626023073154 0.012788295344132701 -0.021258064695043696 0.011082102068256147 -0.0019318947681255855 0.014030542176615536 0.005583058005901473 -0.014021412116064389 -0.010406095153097266 -0.010459732358807101 0.0032687855613854973 -0.012715504334942064 0.00033811603920749371 0.022666859073371789 -0.00047509766883115366 0.013175812872118341 0.01814788518143854 -0.002404451653520206 0.0086454134862451269 0.0052620476893724191 0.00019254663332605074 -0.0067629032344496366 0.0036464262927153059 0.01104991175142804 -0.00766158954655857 -0.0052904887944655414 -0.022365303580512003 -0.018278268450013322 -0.0034641893075620018 0.010438452038477418 0.017117050854502165 0.007158174351512064 0.0036329383002065554
leaf_weight=13.807875931262968 25.819983050227165 16.462268382310867 13.190872013568876 17.477575242519382 14.735023081302641 20.925591066479683 16.540894940495491 15.652299046516417 50.637280195951462 27.462076932191849 15.462190210819243 14.650060996413229 112.37605246901512 29.182455718517303 23.138563126325607 16.2447170317173 18.471824958920479 98.741660609841347 40.495531141757965 17.489517718553543 69.880925610661507 23.583856284618378 19.040487393736839 22.78746771812439 26.594741359353065 28.753164157271385 16.787368893623352 35.20988142490387 14.084237962961195 18.108793750405312 32.507054015994072 16.786064505577087 15.777680352330206
leaf_count=56 118 59 63 64 60 74 63 70 220 119 60 65 448 95 93 58 63 403 151 67 279 100 74 83 113 120 79 163 58 66 112 63 61
internal_value=0 0.00308542 -0.00353215 -0.00276179 -0.00215068 0.00159094 0.00463731 0.00214022 0.000420811 -0.00153522 0.0115334 -0.00655482 0.00378718 0.0144825 -0.00331303 -0.00048196 0.0085839 -0.00154115 0.000798977 -0.00634809 -0.00280103 -0.0100102 -0.00342676 0.00217091 -0.00100961 -0.00795137 -0.0116867 -0.0137263 0.00453429 0.0180796 0.013302 0.0130318 0.00841486
internal_weight=958.866 511.857 447.009 421.189 407.998 435.296 220.789 171.741 257.357 214.507 76.5613 150.641 156.089 62.7534 182.267 113.588 49.9929 207.364 139.237 68.1268 97.343 92.4843 33.6905 135.164 58.1566 68.6791 45.5405 58.7937 31.5618 47.2912 49.0479 35.2579 32.2399
internal_count=3840 1995 1845 1727 1664 1718 850 675 1027 868 277 637 605 221 748 456 186 841 554 287 398 402 139 531 235 292 199 263 122 161 175 126 120
is_linear=0
shrinkage=0.015


Tree=10
num_leaves=34
num_cat=0
split_feature=7 3 17 45 7 35 33 8 32 18 39 39 44 38 16 38 16 39 39 38 0 30 8 38 41 47 0 39 0 7 38 7 33
split_gain=45.1036 27.7728 18.2263 20.336 20.0094 17.926 20.4646 19.678 17.8697 16.353 13.0982 12.3596 12.0548 10.9884 10.734 10.2525 17.5502 10.1243 15.6029 13.9645 9.59054 10.1754 9.45069 9.4054 9.32587 8.26278 17.1933 7.75271 7.26358 6.15904 5.97249 3.24488 2.73169
threshold=4.21808305460209e-05 0.00020829337131150004 1.0000000180025095e-35 -0.37759440023475799 0.00013684374179215002 0.57555465183808241 0.57904409477477614 0.00017456589764982809 5.0322219561582676e-06 0.25000000000000006 -0.36543101923533805 -0.27479597460490052 0.0094455023342297408 -0.61445849320558377 -3.7388780028531982e-05 -0.021400923163194592 2.0719171609735095e-05 -0.28292139874701266 0.096975152465935535 0.28108761327928761 52.445927001690769 0.2633900735801159 8.0231164130184336e-05 -0.49873145469259123 0.039237371517428572 -0.10725542954962815 41.761473327100276 0.2147028637777367 59.154928994243377 2.4531455959523168e-06 -0.20962047611204798 -0.00013436887860259999 0.21103965479498157
decision_type=2 2 2 2 2 2 2 2 2 2 2 2 2 2 2 2 2 2 2 2 2 2 2 2 2 2 2 2 2 2 2 2 2
left_child=1 10 -2 -4 11 9 7 13 12 32 -1 24 -6 -7 -12 16 22 19 -19 -10 21 -13 -11 -15 28 26 -17 -22 -5 -16 -8 -27 -3
right_child=2 5 3 4 8 6 30 -9 17 15 14 20 -14 23 29 25 -18 18 -20 -21 27 -23 -24 -25 -26 31 -28 -29 -30 -31 -32 -33 -34
leaf_value=-0.0016945813573044808 -0.015703517824500364 0.012602316729106536 -0.020984305768948181 0.010917077993098741 0.013672809781877484 0.01383034764866075 0.0055007809130930034 -0.013819222543842774 -0.010253272084547033 -0.010308385365469195 0.0035955608917662553 -0.012452003480338212 -0.0018030850966095832 -0.0081582977108292029 0.022556103871101178 0.0081769062504723055 0.01407718292050243 0.0067202292925722228 -0.0034450362343240058 0.005183965307006779 -0.006663448551206967 0.0039936369380450176 1.7163689724001069e-05 0.0036617926350007548 -0.007547956828250762 -0.0079890037351578683 -0.013760257635374806 -0.018025783737206348 -0.0034128273576900158 0.010952944843843654 0.016873867200079624 -0.017340902206107092 0.0035792690150639405
leaf_weight=13.807934209704397 25.791474759578705 16.456885233521461 13.164666205644606 17.477905750274662 33.25171622633934 20.912331432104111 16.538738310337067 15.64533446729183 50.623476460576057 27.458704024553299 16.300520330667496 15.184034630656241 16.724059090018272 17.139257550239563 27.640329748392105 16.800475448369983 15.831314936280249 58.148759007453918 81.083947837352753 17.4889195561409 23.579091921448708 18.499169409275055 70.28760202229023 118.0184270888567 26.592465937137604 18.8005341142416 15.071420982480047 35.169913128018379 14.084018170833586 18.749449297785759 32.483244404196739 17.998654693365097 15.776303768157957
leaf_count=56 118 59 63 64 118 74 63 70 220 119 63 67 68 73 90 63 56 220 334 67 100 72 281 458 113 80 67 163 58 68 112 82 61
internal_value=0 0.00304059 -0.00348079 -0.00272146 -0.00211904 0.00156772 0.00456965 0.00210879 0.000414775 -0.0015123 0.0113713 -0.00645983 0.00845912 0.00373164 0.0142822 -0.00326416 -0.000474118 -0.001518 0.000786878 -0.00625388 -0.00986689 -0.00337572 -0.00287184 0.00213888 -0.000994505 -0.00783493 -0.00214223 -0.0135323 0.00446573 0.0179652 0.0131111 -0.0126758 0.00829257
internal_weight=958.581 511.717 446.864 421.072 407.907 435.219 220.737 171.715 257.321 214.482 76.4982 150.587 49.9758 156.07 62.6903 182.249 113.578 207.345 139.233 68.1124 92.4322 33.6832 97.7463 135.158 58.1544 68.6711 31.8719 58.749 31.5619 46.3898 49.022 36.7992 32.2332
internal_count=3840 1995 1845 1727 1664 1718 850 675 1027 868 277 637 186 605 221 748 456 841 554 287 402 139 400 531 235 292 130 263 122 158 175 162 120
is_linear=0
shrinkage=0.015


Tree=11
num_leaves=32
num_cat=0
split_feature=7 3 17 45 7 35 33 8 32 18 39 0 0 44 40 38 2 36 34 38 39 8 2 38 7 33 7 44 38 44 21
split_gain=43.7907 26.9857 17.7143 19.7897 19.4282 17.3983 19.8792 19.105 17.3433 15.8767 12.7383 12.4347 16.5374 11.7123 10.6829 9.95412 15.0282 9.86717 18.6532 15.0058 9.48427 9.46606 9.27445 9.13514 8.05112 13.0786 6.81748 6.13936 5.80355 4.48992 2.72781
threshold=4.21808305460209e-05 0.00020829337131150004 1.0000000180025095e-35 -0.37759440023475799 0.00013684374179215002 0.57555465183808241 0.57904409477477614 0.00017456589764982809 5.0322219561582676e-06 0.25000000000000006 -0.36543101923533805 71.178805277856853 53.218406870300463 0.017044450795572947 -0.69067278594265191 -0.021400923163194592 0.54788059098204578 0.086606852831714529 0.031022266294933595 0.28108761327928761 0.27131718882702732 8.0231164130184336e-05 0.22875047359697148 -0.49873145469259123 -0.00014654803726049998 0.2444554312418287 2.4531455959523168e-06 -0.0091850320701946028 -0.20962047611204798 -0.017023228025701508 1.580434532774629
decision_type=2 2 2 2 2 2 2 2 2 2 2 2 2 2 2 2 2 2 2 2 2 2 2 2 2 2 2 2 2 2 2
left_child=1 10 -2 -4 11 9 7 14 13 30 -1 12 27 29 -7 16 21 18 -10 -19 -14 -11 -12 -16 -17 -26 -24 -5 -8 -6 -3
right_child=2 5 3 4 8 6 28 -9 17 15 22 -13 20 -15 23 24 -18 19 -20 -21 -22 -23 26 -25 25 -27 -28 -29 -30 -31 -32
leaf_value=-0.0016694312498029167 -0.015488132185848949 0.003465517299354271 -0.020718077533395461 -0.009946641838186639 0.0073190444316344862 0.013637864935965182 0.0054197879931667317 -0.013621162322831098 -0.0091400659482619231 -0.010157237955683095 0.0031821448179262927 0.0038984673636550862 -0.0094310431624039254 -0.0025368466523822634 -0.0080418291926779399 -0.00040744423894302208 0.012804738488717963 -0.01006480785036807 0.0039489006201708487 0.0055729493254802875 -0.021801473314090977 0.00018720676862621539 0.021833167832697266 0.0036070666543262125 -0.0050820650209752356 -0.021883199489631831 0.0099160055042121498 0.00088062386559181478 0.016636348266754634 0.018487460321675118 0.012478031909399041
leaf_weight=13.807971462607382 25.76021134853363 15.774185135960577 13.135967150330542 16.151236683130264 17.102318331599232 20.897324830293655 16.536362484097481 15.636977851390837 31.831196680665016 27.453926995396614 14.187163665890692 22.241261333227158 50.621358543634415 15.143755361437796 17.138552308082581 23.138039022684097 16.229441672563553 53.008872553706169 104.13919274508953 18.339701250195503 20.131767317652702 69.880812585353851 29.288227751851082 118.01416335999966 28.746658504009247 16.775373905897141 19.146201506257057 41.383168414235115 32.455155357718468 17.709781572222713 16.450928717851639
leaf_count=56 118 61 63 70 64 74 63 70 137 119 55 87 219 62 73 93 58 230 404 70 96 279 96 458 120 79 70 165 112 60 59
internal_value=0 0.0029964 -0.00343047 -0.00268198 -0.00208809 0.00154473 0.00450266 0.00207725 0.000408587 -0.00148965 0.0112124 -0.00636636 -0.00816597 0.00833544 0.00367628 -0.00321597 -0.000466388 -0.00149528 0.000861498 -0.00601049 -0.0130213 -0.00271857 0.0140859 0.00210598 -0.00772016 -0.0113743 0.0172138 -0.0021378 0.0129243 0.01312 0.0081724
internal_weight=958.257 511.557 446.7 420.94 407.804 435.128 220.679 171.687 257.275 214.449 76.4296 150.529 128.288 49.9559 156.05 182.224 113.564 207.319 135.97 71.3486 70.7531 97.3347 62.6216 135.153 68.6601 45.522 48.4344 57.5344 48.9915 34.8121 32.2251
internal_count=3840 1995 1845 1727 1664 1718 850 675 1027 868 277 637 550 186 605 748 456 841 541 300 315 398 221 531 292 199 166 235 175 124 120
is_linear=0
shrinkage=0.015


Tree=12
num_leaves=33
num_cat=0
split_feature=7 3 37 40 16 35 18 40 39 7 30 34 7 32 45 34 0 6 32 1 7 15 15 16 0 40 41 7 39 17 11 21
split_gain=42.5133 26.2237 17.2557 22.2008 19.5051 16.8875 15.4153 13.0563 12.3901 12.2303 24.6182 21.6839 20.1426 16.5295 10.4065 14.0195 11.329 10.3767 10.0252 16.0175 13.817 12.8466 9.27203 11.1079 18.4679 14.2407 7.21886 6.46021 5.79716 4.82959 4.12867 2.64741
threshold=4.21808305460209e-05 0.00020829337131150004 -0.38927270017518223 0.41142191464717764 0.00023039024763800005 0.57555465183808241 0.25000000000000006 0.37894322103273331 -0.36543101923533805 0.00036098859677595008 1.3832695840001812 0.031023831539386589 0.00013684374179215002 5.0322219561582676e-06 0.39243154848602063 0.031023563499404303 52.173912117204075 -2.4139072896468379e-05 -2.2332106615123115e-05 -0.020676824568241096 -0.00019043182502889995 0.20968517367311723 0.4223368997724038 -8.3238683202877333e-05 35.520073978626179 -0.17099882550828241 0.039237371517428572 2.4531455959523168e-06 -0.12308318692474472 0.091666666666513866 -0.00011306071086339998 1.580434532774629
decision_type=2 2 2 2 2 2 2 2 2 2 2 2 2 2 2 2 2 2 2 2 2 2 2 2 2 2 2 2 2 2 2 2
left_child=1 8 4 7 14 6 31 9 -1 12 11 -11 26 -14 -2 16 -16 -10 28 -20 30 -22 23 24 -8 -25 -4 -19 -7 -18 -21 -3
right_child=2 5 3 -5 -6 18 22 -9 17 10 -12 -13 13 -15 15 -17 29 27 19 20 21 -23 -24 25 -26 -27 -28 -29 -30 -31 -32 -33
leaf_value=-0.0016446570282422591 -0.022732468335416332 0.0034143740517225693 -0.0027285494348618638 -0.018631820664349926 0.002899906857495574 0.0043545171283005486 -0.0066301879423993418 0.012673140869705892 0.0030141401816762021 -0.010735592580198867 -0.022302970311207558 0.012486011549712234 0.012601856674515547 0.00074432534772255377 0.002717069548846162 -0.022922060017043208 -0.0073364303103158768 0.021853527030221462 -0.010825209427370905 0.007133736262735473 -0.00058852688101010723 0.010012298672467364 0.005699094795923787 0.0011470259655222447 0.0066783827261524377 -0.014228083568899425 -0.012568856948049104 0.0099981531398709664 0.016630795272083956 -0.018011328380625195 0.017957927127032248 0.012298097073184624
leaf_weight=13.80798879265785 14.651454493403433 15.772565498948095 69.732852727174759 15.918482124805449 28.936038181185722 15.655284464359282 58.129205599427223 15.797160506248472 15.454095497727392 20.706049382686615 17.382624253630638 15.813693568110464 36.049423307180405 100.05629172921181 21.627788722515106 13.672601535916327 40.561889693140984 29.01086351275444 16.928942695260048 16.457722648978233 97.683731272816658 34.596546500921249 22.844008341431618 19.393606543540955 39.031675219535828 42.795537248253822 22.409457609057426 18.082108333706856 21.466891005635262 13.217283114790915 17.822080388665199 16.443499118089676
leaf_count=56 70 61 287 75 114 60 245 57 60 90 82 57 129 399 85 66 174 95 74 62 392 127 87 77 148 191 99 66 74 61 61 59
internal_value=0 0.00295291 -0.00338068 -0.00145328 -0.00791683 0.00152207 -0.00146751 -0.000519017 0.0110565 -0.00127194 -0.007689 -0.000608927 0.000237702 0.00391188 -0.0109557 -0.0089585 -0.00635641 0.0138936 0.00443682 0.00297675 0.00440154 0.00217522 -0.00316875 -0.00445829 -0.00125867 -0.00940606 -0.00516268 0.0173953 0.0115523 -0.0100445 0.0128803 0.00805424
internal_weight=957.909 511.376 446.533 313.866 132.667 435.021 214.41 297.948 76.3551 282.15 53.9024 36.5197 228.248 136.106 103.731 89.0796 75.407 62.5471 220.611 183.489 166.56 132.28 182.194 159.35 97.1609 62.1891 92.1423 47.093 37.1222 53.7792 34.2798 32.2161
internal_count=3840 1995 1845 1275 570 1718 868 1200 277 1143 229 147 914 528 456 386 320 221 850 716 642 519 748 661 393 268 386 161 134 235 123 120
is_linear=0
shrinkage=0.015


Tree=13
num_leaves=24
num_cat=0
split_feature=32 17 3 38 32 8 42 6 8 8 39 4 21 38 34 34 3 8 40 6 15 3 3
split_gain=30.3747 23.5078 21.6315 18.6504 16.186 24.2905 24.6779 15.4205 10.9917 16.1978 19.4342 17.0773 15.1891 13.1082 10.8355 9.87982 14.6194 6.7715 6.62255 5.36018 8.18882 2.56872 1.71123
threshold=1.0496671462985792e-06 1.0000000180025095e-35 0.00020829337131150004 0.34975002259743687 -2.7656846467749569e-05 0.00017913653362231662 0.19889375665074063 -0.00010678146783864999 0.00010352717070693534 7.6224915186339683e-05 0.26768902104682524 1.0000000180025095e-35 0.39377087575359176 -0.20962047611204798 0.031025530535193861 0.031023500286708031 0.00063811697002910011 0.00012958686239047815 -0.79165401934101698 -2.5667803789177226e-05 0.96309848715992918 0.00017096180579575002 0.00044791844776675001
decision_type=2 2 2 2 2 2 2 2 2 2 2 2 2 2 2 2 2 2 2 2 2 2 2
left_child=2 -2 19 7 14 6 15 -3 9 10 -9 -11 -10 -14 -4 16 -6 -17 -8 -1 21 -21 -20
right_child=1 3 4 -5 5 -7 18 8 12 11 -12 -13 13 -15 -16 17 -18 -19 22 20 -22 -23 -24
leaf_value=0.002232376965580111 -0.016881949746794769 0.010404247957263763 0.016648114660036299 -0.017112041398613973 -0.00076800981479502827 -0.017957875326625107 0.019015872458411166 0.0023787913836736492 -0.0088393075958093596 -0.018988710695521511 -0.0092048948362628679 -0.0048467067799610906 0.013449316752378994 0.0010696107715311987 0.0018190928796092921 -0.014307343542144123 0.0099248985586116011 -0.00029972076859616941 0.01044616339236088 0.01189742800741918 0.0035159175996457674 0.020481211572956973 0.0032396766811611517
leaf_weight=14.81220732629299 24.892982974648476 23.719361275434494 24.110429540276527 17.351833045482635 247.29454857110977 15.538050279021261 15.98954240977764 118.62267659604549 25.60550232231617 25.651195213198662 44.710721179842949 78.902014195919037 25.053876250982285 83.637339010834694 21.182343363761902 18.135388910770416 32.380047082901001 14.089541658759115 16.393885418772697 17.822996690869331 16.194833621382713 19.554761707782745 15.932069331407545
leaf_count=58 115 87 83 81 996 72 54 467 110 118 194 329 90 332 83 81 119 57 60 64 63 65 62
internal_value=0 -0.00273056 0.00261298 -0.00192531 0.00133426 0.000305368 0.00110655 -0.0012955 -0.00199472 -0.0037522 -0.000783889 -0.00836004 0.00149452 0.00395847 0.00979135 -0.000433635 0.000466605 -0.00828213 0.0110662 0.0104331 0.012646 0.016512 0.00699505
internal_weight=957.578 468.148 489.431 443.255 421.046 375.753 360.215 425.903 402.183 267.887 163.333 104.553 134.297 108.691 45.2928 311.9 279.675 32.2249 48.3155 68.3848 53.5726 37.3778 32.326
internal_count=3840 1923 1917 1808 1667 1501 1429 1727 1640 1108 661 447 532 422 166 1253 1115 138 176 250 192 129 122
is_linear=0
shrinkage=0.015


Tree=14
num_leaves=32
num_cat=0
split_feature=7 3 37 40 15 38 32 1 0 33 6 11 17 38 24 32 34 40 46 39 7 30 34 7 32 6 43 30 41 7 39
split_gain=40.5231 24.9468 16.6471 21.1316 16.4398 31.6143 17.4437 28.069 21.6754 16.2843 14.9698 14.7368 14.3431 17.7655 16.7405 13.5936 13.2196 12.7586 12.6591 12.0376 11.9179 23.8901 20.9505 19.5745 15.9906 9.93743 8.22079 7.82126 7.00425 6.23771 4.90558
threshold=4.21808305460209e-05 0.00020829337131150004 -0.38927270017518223 0.41142191464717764 0.20968517367311723 -0.10082209177539543 -2.2332106615123115e-05 -0.024860309156551297 46.6666652148296 0.25888261102708737 0.00011908678843035001 -1.2541976427530628e-05 1.0000000180025095e-35 -0.44146883873299764 0.030279135810446531 6.2816635614915135e-06 0.031026895327020857 0.37894322103273331 0.083405248673319055 -0.36543101923533805 0.00036098859677595008 1.3832695840001812 0.031023831539386589 0.00013684374179215002 5.0322219561582676e-06 -2.4139072896468379e-05 0.39762624666432095 0.37950262520575329 0.039237371517428572 2.4531455959523168e-06 -0.069918985835064354
decision_type=2 2 2 2 2 2 2 2 2 2 2 2 2 2 2 2 2 2 2 2 2 2 2 2 2 2 2 2 2 2 2
left_child=1 19 10 17 6 -6 16 -8 9 -9 12 -10 -2 14 26 -16 30 20 -7 -1 23 22 -22 28 -25 -21 -14 -15 -4 -27 -3
right_child=2 4 3 -5 5 18 7 8 11 -11 -12 -13 13 27 15 -17 -18 -19 -20 25 21 -23 -24 24 -26 29 -28 -29 -30 -31 -32
leaf_value=-0.0017188515707203028 -0.02388319586966868 0.0069593031699328638 -0.0026776157225344402 -0.018198459463877378 0.021291140301393115 -0.0086511864459092019 -0.022293986982099775 0.0058271001582498785 -0.002335005595248742 -0.0021494582753998027 0.0044571925573214542 -0.017281779452903261 -0.0028768434576679647 -0.0089749658112442399 -0.020220534259185758 -0.0011179584318114664 -0.002408749314776846 0.012544893130569732 0.006786709680981177 0.0029505058470398332 -0.010558388959984634 -0.021980105958610698 0.012269302420474729 0.012421668438223458 0.00075538052437510491 0.021427768091370848 0.011770457010128198 -0.024404841541202739 -0.012373065471241694 0.009762742444544982 0.018735862861419001
leaf_weight=13.807402387261389 14.298976451158522 15.477947846055029 69.720943436026573 15.862236499786375 25.737003222107887 19.196993142366409 13.432351589202879 117.36493510007858 40.412324115633965 112.28416380286217 18.993322357535362 23.760689169168472 17.913945525884628 15.16243088245392 17.052126511931419 16.897248566150665 17.220840737223625 15.793517649173735 31.006479203701019 15.451519578695295 20.702317759394646 17.370810300111771 15.810199961066244 36.025088474154472 100.04960748553276 28.895353734493256 16.077537298202515 16.149183094501495 22.400442779064178 18.06284961104393 18.941786229610443
leaf_count=56 70 58 287 75 85 82 64 448 165 457 74 108 74 66 80 69 70 57 117 60 90 82 57 129 399 95 59 78 99 66 64
internal_value=0 0.00288427 -0.00330115 -0.00140786 0.00148906 0.00782278 0.000139899 -0.00121058 -0.000228198 0.00191841 -0.00775898 -0.00793157 -0.0098253 -0.00774441 -0.0033794 -0.0108255 0.00819876 -0.000497471 0.000830639 0.0107962 -0.00124196 -0.00757783 -0.000602696 0.000248255 0.00387077 0.0135985 0.00400652 -0.017083 -0.00507585 0.0170339 0.0135584
internal_weight=957.333 511.053 446.28 313.735 434.836 75.9405 358.895 307.254 293.822 229.649 132.545 64.173 113.551 99.2525 67.9409 33.9494 51.6406 297.873 50.2035 76.2171 282.079 53.8833 36.5125 228.196 136.075 62.4097 33.9915 31.3116 92.1214 46.9582 34.4197
internal_count=3840 1995 1845 1275 1718 284 1434 1242 1178 905 570 273 496 426 282 149 192 1200 199 277 1143 229 147 914 528 221 133 144 386 161 122
is_linear=0
shrinkage=0.015


Tree=15
num_leaves=33
num_cat=0
split_feature=7 3 17 15 46 7 34 43 45 7 32 43 0 43 33 1 39 20 44 12 7 8 39 39 3 16 6 39 21 7 10 0
split_gain=39.3457 24.2528 16.2093 15.9651 25.9332 17.0892 17.2353 19.3713 14.8989 16.6601 16.0359 13.8315 14.1084 13.4729 12.9907 22.673 11.7143 11.175 10.86 10.7627 10.6603 11.2618 10.6165 15.0474 12.2725 9.90651 7.94205 7.77475 6.69962 5.55646 5.37703 5.00552
threshold=4.21808305460209e-05 0.00020829337131150004 1.0000000180025095e-35 0.20968517367311723 -0.23566992840191406 -0.00018488787883169999 0.031026895327020857 0.37068880567296003 -0.37419581955985909 0.00013684374179215002 5.0322219561582676e-06 -0.40960092799199566 53.218406870300463 0.024904967064755566 0.25888261102708737 -0.0035314588435538994 -0.36543101923533805 -0.76107042677430004 0.0094455023342297408 6.2783112613208533e-06 -0.00010234336379024999 8.8834812178264513e-05 -0.28292139874701266 0.096975152465935535 0.00082655450391510004 -3.7388780028531982e-05 -5.7399240953164956e-05 0.2147028637777367 0.60413279360912764 2.4531455959523168e-06 -1.0000000180025095e-35 34.136662022618459
decision_type=2 2 2 2 2 2 2 2 2 2 2 2 2 2 2 2 2 2 2 2 2 2 2 2 2 2 2 2 2 2 2 2
left_child=1 16 -2 5 -5 6 7 13 -4 11 18 -10 28 -3 15 26 -1 31 -11 -17 -6 -22 24 -24 -12 -18 -7 -14 -13 -27 -9 -16
right_child=2 3 8 4 20 14 -8 30 9 10 22 12 27 -15 17 19 25 -19 -20 -21 21 -23 23 -25 -26 29 -28 -29 -30 -31 -32 -33
leaf_value=-0.0016933391269800028 -0.014819096037252243 0.0042666847131563497 -0.01630350106910354 0.021445074052922172 0.012346536919200386 -0.0017699490567291639 -0.0075274838944496365 -0.010482295873629366 0.0050324610269627673 0.012955562112047849 -0.0029528657502407331 -0.0083231745475354207 -0.0074314099498227863 0.015543322399798101 -0.018566760691223243 -0.0032459631968657864 0.0031478871103752114 0.00065189695353406508 -0.0017383527857300163 -0.018846023500420118 0.0052248696612684853 -0.011039693412527977 0.0066775334697885174 -0.0033064959209490831 -0.01873716395896579 0.021371855247491155 0.0089083311921107997 -0.017145435934881281 0.0028919071323765845 0.010306479467878289 0.0019213173818548278 -0.008216823756840819
leaf_weight=13.8074594438076 25.628978177905083 53.327340543270111 16.873574629426003 21.8654465675354 15.89737458527088 21.959590286016464 24.448417276144028 15.220534682273867 21.77820485830307 33.158943146467209 50.972465246915817 19.59631384909153 43.361999958753586 44.307455822825432 16.124457538127899 43.10270819067955 16.270172849297523 24.625477060675621 16.7118871062994 13.040881052613257 20.64036725461483 17.492559641599655 58.131323337554932 81.041287273168564 14.232385665178297 27.346348777413368 51.57949224114418 34.598673343658447 30.007291406393051 18.700002610683441 15.514941319823263 35.580940276384354
leaf_count=56 118 206 79 72 57 89 104 66 84 118 210 84 185 155 74 177 63 98 68 60 79 76 220 334 66 90 192 161 118 68 61 152
internal_value=0 0.00284232 -0.00325381 0.00146697 0.00771063 0.000137452 0.003942 0.00615013 -0.00253848 -0.00195156 0.000376371 -0.00592621 -0.00781844 0.00942312 -0.00267462 0.000199859 0.0106488 -0.00757847 0.00799615 -0.00695003 0.00206695 -0.00219136 -0.00147646 0.000850306 -0.00646766 0.013417 0.00569203 -0.0117959 -0.00150522 0.0169748 -0.00416931 -0.0115322
internal_weight=956.945 510.852 446.093 434.728 75.8957 358.832 152.819 128.37 420.464 403.591 254.248 149.342 127.564 97.6348 206.014 129.683 76.124 76.3309 49.8708 56.1436 54.0303 38.1329 204.377 139.173 65.2049 62.3165 73.5391 77.9607 49.6036 46.0464 30.7355 51.7054
internal_count=3840 1995 1845 1718 284 1434 592 488 1727 1648 1016 632 548 361 842 518 277 324 186 237 212 155 830 554 276 221 281 346 202 158 127 226
is_linear=0
shrinkage=0.015


Tree=16
num_leaves=33
num_cat=0
split_feature=7 8 7 35 21 45 43 10 7 21 33 8 45 38 41 41 38 33 34 10 39 41 33 25 38 32 34 33 43 8 30 38
split_gain=38.2016 21.016 24.3943 19.5122 16.1058 18.0916 16.6732 15.8394 15.8267 17.0639 15.2233 22.8621 13.7723 12.5822 12.1583 11.1364 13.2544 13.0346 9.61067 9.59553 9.22757 10.674 10.0383 8.93957 8.41176 10.0864 6.67672 6.56042 7.87712 5.00293 4.51536 3.0975
threshold=4.21808305460209e-05 5.6917519503620011e-05 -5.6278971813205997e-05 0.49997166671516241 0.1580999292023392 -0.37759440023475799 0.2107603777749317 8.1719889754558315e-05 0.00036098859677595008 3.1865955977289242 0.66591766316722134 0.00017913653362231662 0.41641631141430085 0.012974800330534811 0.027044488430424094 -0.23207923082455989 -0.24114258639507982 0.29436306255388339 0.031021817566442154 -3.7747363354094286e-05 -0.17420712140405747 -0.012008343948445448 0.48778982637511742 3.4075840000631321 -0.40739521792393857 6.2776218827664827e-07 0.031021873129982835 0.39012335726390224 -0.35482577534938992 0.0001583866640251697 0.5285032424338304 0.074823127144266685
decision_type=2 2 2 2 2 2 2 2 2 2 2 2 2 2 2 2 2 2 2 2 2 2 2 2 2 2 2 2 2 2 2 2
left_child=1 2 18 14 27 -6 8 12 13 -10 11 15 19 -7 20 17 -17 -5 -1 -8 -3 22 -22 -14 -4 31 -15 28 -2 -12 -9 -26
right_child=4 3 24 10 5 6 7 30 9 -11 29 -13 23 26 -16 16 -18 -19 -20 -21 21 -23 -24 -25 25 -27 -28 -29 -30 -31 -32 -33
leaf_value=-0.0091260757366902479 -0.0056774545760306331 0.0077648716927210494 0.022248708987927406 0.017667698953040031 -0.019615592608927975 0.014995140740035948 -0.0018620876854940052 0.0094924963737860919 0.0035986817270844663 -0.016077828347043223 0.0071590502942750194 -0.014828218221181641 -0.0065217330196242094 0.0080259421880498911 -0.015691931758684562 -0.0093627385499103367 0.003027836146199398 0 0.005105878887369659 -0.0158663177002373 0.0041802139489697287 -0.012056559263038794 -0.0092523734106988286 0.0044171308392276258 0.020021945638613699 0.0022084055661765853 0.00020899002619173754 -0.0027183302056932096 -0.020228652968921328 0.017747281107982654 -0.0010898846793515303 0.010663658846528444
leaf_weight=17.712672337889671 14.558341249823568 17.616463482379913 18.619739755988121 22.524734556674957 12.793746590614317 18.400088414549828 14.906910851597784 16.866362646222115 17.752647057175636 21.763032913208008 27.982983872294426 17.201863661408424 51.667101606726646 31.110773220658302 17.085438072681427 22.078082844614983 151.39923499524593 15.847023352980612 26.303926512598991 47.051657989621162 36.460033893585205 25.929970860481262 18.849370151758194 24.510175496339798 17.387150749564171 21.720440670847893 118.21814705431461 15.704415813088415 21.920985832810402 17.010912194848061 18.665590435266495 18.919407203793526
leaf_count=76 61 66 61 77 62 65 61 63 69 99 105 78 221 117 77 95 590 63 101 214 141 114 81 96 58 85 473 65 103 58 76 69
internal_value=0 0.00280102 0.00827047 0.00110045 -0.00320712 -0.00215988 -0.0015602 -0.00498909 0.00130383 -0.00720114 0.00328694 0.00170505 -0.0072908 0.00332559 -0.00404586 0.00306768 0.00143123 0.0103732 -0.000581787 -0.0125458 -0.0019896 -0.00414288 -0.000369667 -0.00297089 0.0133746 0.0104384 0.00185902 -0.0110363 -0.0145299 0.0112577 0.00388911 0.015271
internal_weight=956.539 510.649 120.663 389.986 445.89 393.706 380.912 173.668 207.245 39.5157 274.045 229.051 138.136 167.729 115.941 211.849 173.477 38.3718 44.0166 61.9586 98.8558 81.2394 55.3094 76.1773 76.6467 58.027 149.329 52.1837 36.4793 44.9939 35.532 36.3066
internal_count=3840 1995 450 1545 1845 1616 1554 731 823 168 1066 903 592 655 479 825 685 140 177 275 402 336 222 317 273 212 590 229 164 163 139 127
is_linear=0
shrinkage=0.015


Tree=17
num_leaves=30
num_cat=0
split_feature=7 3 7 32 8 42 17 38 7 32 35 3 2 39 44 44 35 33 23 3 42 34 38 18 8 39 32 23 7
split_gain=37.088 23.2119 21.5737 16.5627 22.9072 26.1514 15.7263 16.8316 17.5147 15.0262 14.6848 13.4958 12.1858 11.2684 10.7984 10.4545 10.4456 10.3619 9.87687 10.7594 9.12367 23.1701 13.992 6.47487 5.78777 8.22265 5.4964 4.0908 1.83986
threshold=4.21808305460209e-05 0.00027108209380265002 -6.8887963326410835e-05 -2.7656846467749569e-05 0.00017913653362231662 0.19889375665074063 1.0000000180025095e-35 0.35731506686585274 0.00013684374179215002 5.0322219561582676e-06 0.49997166671516241 0.00052024926131165013 0.41306919250887542 -0.27479597460490052 0.054314684105342646 0.0094455023342297408 0.55088270981864229 0.30518700508620705 0.94574776068873156 0.00030443252227560009 -0.052098243791853203 0.031022266294933595 0.28108761327928761 0.75000000000000011 7.0667462463505214e-05 -0.36687517484704851 -1.0000000180025095e-35 -0.67461963557599114 8.8828177037162877e-06
decision_type=2 2 2 2 2 2 2 2 2 2 2 2 2 2 2 2 2 2 2 2 2 2 2 2 2 2 2 2 2
left_child=1 2 16 14 5 10 -2 8 13 15 12 -12 -5 18 -3 -10 -1 -7 19 -8 22 -22 -11 26 25 -4 -15 -27 -29
right_child=6 3 24 4 -6 17 7 -9 9 20 11 -13 -14 23 -16 -17 -18 -19 -20 -21 21 -23 -24 -25 -26 27 -28 28 -30
leaf_value=-0.010743369202688861 -0.014565040659930223 0.015260599949294422 0.0031976235129803046 -0.0026250315959835606 -0.017735387068010294 0.016197719462823862 -0.0030634671682835748 -0.017604923878179822 0.012777498648586081 -0.0079568780443338271 -0.0019129596211888956 0.0065377272541484715 -0.014812207236984596 -0.0038533781183625218 0.00011667093320880756 -0.0016401058003153537 0.0060298773356959314 0.0016817487325880352 -0.0099588218449914254 0.0127056742052419 -0.011206785585718122 0.0048645772940336804 0.0073276140835515976 -0.002969515897754941 0.0039101766255616455 0.0098182933824421097 -0.014294874971765997 0.021602630843375013 0.014536214585987811
leaf_weight=16.129863306879997 25.572376921772957 27.525776654481888 14.405342638492582 69.089218139648438 15.896107241511343 30.034292727708817 23.051230579614639 15.764761984348295 33.128419175744057 69.33194437623024 109.12363375723362 69.235796362161636 25.422418519854546 15.79028084874153 17.657221078872681 16.708860993385315 16.874638691544533 18.108988538384438 17.686331138014793 16.458637878298759 25.504662409424782 93.987333983182907 16.445115566253662 27.620162233710289 17.625696554780006 19.12689982354641 48.702199220657349 24.577417030930519 19.629878461360931
leaf_count=70 118 96 56 283 74 104 95 75 118 297 443 262 114 66 70 68 64 71 77 59 112 362 62 115 68 70 221 81 69
internal_value=0 0.00276048 0.00827711 0.000898685 -0.000240046 0.000627168 -0.00316042 -0.00245603 -0.00185363 0.000526882 -0.00116548 0.00135757 -0.00594527 -0.00593244 0.00941205 0.0079083 -0.00211115 0.0108063 -0.000657081 0.00347197 -0.00125877 0.00140571 -0.00499269 -0.00917732 0.0118936 0.0136637 -0.0117881 0.0159956 0.0185753
internal_weight=956.216 510.463 128.37 382.093 336.91 321.014 445.752 420.18 404.415 255.106 272.871 178.359 94.5116 149.309 45.183 49.8373 33.0045 48.1433 57.1962 39.5099 205.269 119.492 85.7771 92.1126 95.3652 77.7395 64.4925 63.3342 44.2073
internal_count=3840 1995 478 1517 1351 1277 1845 1727 1652 1019 1102 705 397 633 166 186 134 175 231 154 833 474 359 402 344 276 287 220 150
is_linear=0
shrinkage=0.015


Tree=18
num_leaves=32
num_cat=0
split_feature=7 8 7 35 33 38 39 8 21 45 43 40 32 20 10 38 45 40 46 2 10 8 20 38 12 7 0 33 37 42 35
split_gain=36.0159 20.0244 23.1295 18.5644 20.9952 20.5062 18.6659 16.26 15.652 17.329 15.9718 16.268 16.0423 21.237 15.2605 14.3348 14.0308 12.0514 11.9582 11.6976 9.78567 9.40318 8.64895 8.13285 9.88936 14.0267 7.26916 6.42925 7.50652 4.98405 4.2042
threshold=4.21808305460209e-05 5.6917519503620011e-05 -5.6278971813205997e-05 0.57555465183808241 0.57904409477477614 0.20552542284800265 -0.17420712140405747 0.00017456589764982809 0.1580999292023392 -0.37759440023475799 0.2107603777749317 0.02383458613346737 1.7270129314139738e-05 2.5298995030848359 8.1649316194205439e-05 -0.021400923163194592 0.41641631141430085 -0.68724842395478325 -0.32545652762240618 0.54788059098204578 -3.7747363354094286e-05 3.9990330556143528e-05 2.734424450361765 -0.40739521792393857 -5.9693221924463079e-05 9.9516174144783758e-06 76.923072781178846 0.39012335726390224 0.24536436054077224 0.089363846683953349 0.65540119601120617
decision_type=2 2 2 2 2 2 2 2 2 2 2 2 2 2 2 2 2 2 2 2 2 2 2 2 2 2 2 2 2 2 2
left_child=1 2 21 5 7 6 -3 17 27 -10 11 -11 26 -14 16 19 20 -5 -19 -8 -12 -1 -18 -4 -25 -26 -13 28 -2 -6 -16
right_child=8 3 23 4 29 -7 15 -9 9 10 14 12 13 -15 30 -17 22 18 -20 -21 -22 -23 -24 24 25 -27 -28 -29 -30 -31 -32
leaf_value=-0.010175850159358766 -0.019871752594678927 0.0097412477039311909 0.021784877279112581 0.013224140625338596 0.016971248646990855 -0.016311334283071504 -0.0028452372627104363 -0.012878024183015034 -0.019214864359979746 0.012557008268322815 -0.0018254560876702511 0.00074109258037168501 0.0028466983052615499 -0.018174151410721495 -0.00076817264415135293 -0.013538815788182655 -0.0063371366312347114 -0.010559557638414024 0.0031404451176672938 0.010914859744941892 -0.016022191162779899 0.0043797731007842464 0.0044256171722668403 0 0.021677418307620055 0.0041359113236358906 0.010332615683289661 -0.0026020919391961106 -0.0056502385545767163 0.0062208250318292486 0.0092957982548400528
leaf_weight=15.012183427810667 21.878918364644051 31.465334922075272 18.555360987782478 22.554398864507675 28.83604833483696 20.989320188760757 90.123021185398102 15.555345341563223 12.722690805792807 25.235648944973946 14.901591837406157 118.1178951561451 20.143170654773712 22.721498563885689 20.618931293487549 24.000271826982498 51.614822417497635 16.348605692386627 107.45819529891014 16.257473051548004 45.530897542834282 28.999190643429756 24.502059683203697 15.576156631112097 23.348131313920021 19.004793331027031 20.933946847915649 15.696273043751715 14.553816467523573 16.16530953347683 16.355225637555122
leaf_count=65 103 116 61 80 99 95 369 70 62 91 61 471 79 105 84 107 221 71 418 59 208 112 96 62 77 73 77 65 61 61 61
internal_value=0 0.00272081 0.00806391 0.0010607 0.0041406 -0.00241312 -0.000583385 0.00160096 -0.00311525 -0.00208254 -0.0014967 0.00130662 -0.000250742 -0.00826815 -0.00485451 -0.00310064 -0.00717322 0.00316676 0.00130263 -0.000708838 -0.0125719 -0.000551868 -0.00284121 0.0130424 0.0101543 0.0139014 0.00221082 -0.0108374 -0.0142986 0.0131928 0.00364251
internal_weight=955.777 510.249 120.496 389.753 206.918 182.835 161.846 161.917 445.527 393.398 380.676 207.152 181.917 42.8647 173.524 130.381 136.549 146.361 123.807 106.38 60.4325 44.0114 76.1169 76.4844 57.9291 42.3529 139.052 52.129 36.4327 45.0014 36.9742
internal_count=3840 1995 450 1545 799 746 651 639 1845 1616 1554 823 732 184 731 535 586 569 489 428 269 177 317 273 212 150 548 229 164 160 145
is_linear=0
shrinkage=0.015


Tree=19
num_leaves=31
num_cat=0
split_feature=7 3 7 17 38 7 35 18 33 8 3 8 2 0 0 33 44 0 35 16 0 17 3 43 8 44 33 12 7 23
split_gain=34.9685 22.0484 20.6441 15.2765 16.0866 16.8002 13.8054 19.1676 16.5466 19.5851 15.6314 13.5855 12.9786 11.7514 15.8752 10.3876 14.8525 10.2601 10.0178 8.17131 11.9801 8.10185 11.2238 6.58548 5.99316 5.83448 5.16805 4.00238 4.63327 3.04606
threshold=4.21808305460209e-05 0.00027108209380265002 -6.8887963326410835e-05 1.0000000180025095e-35 0.35731506686585274 0.00013684374179215002 0.49997166671516241 0.25000000000000006 0.6604420451794083 0.00017913653362231662 0.00051662681767450011 6.8991037827814073e-05 0.53690124840186393 71.178805277856853 53.218406870300463 0.19809935492131522 0.0094455023342297408 55.53802894086094 0.55088270981864229 -4.91131951731523e-05 32.84648136898354 0.25833333333290281 0.00076111597110615006 0.39942291040369887 0.00016651384131493633 -0.0091850320701946028 0.31773336567280158 -4.394790292138272e-05 2.4531455959523168e-06 -1.3052782686927547
decision_type=2 2 2 2 2 2 2 2 2 2 2 2 2 2 2 2 2 2 2 2 2 2 2 2 2 2 2 2 2 2
left_child=1 2 18 -2 5 13 7 -3 9 10 12 -9 -8 14 25 16 -7 27 -1 20 -13 22 -17 -16 29 -5 -12 -4 -29 -10
right_child=3 6 17 4 -6 15 8 11 24 -11 26 19 -14 -15 23 21 -18 -19 -20 -21 -22 -23 -24 -25 -26 -27 -28 28 -30 -31
leaf_value=-0.010550531331755774 -0.014323936127335232 0.011973976659519228 0.0096000556696596052 -0.0093309739499190074 -0.017223052854544015 0.013131901148588671 -0.0040724749409396356 -0.016571783951550376 0.0019680040252260519 -0.014357322574171714 0.010634932120851497 -0.0087113374310214195 0.0079995468564918945 0.0041982422215151236 -0.0096083108041072843 -0.0020185419613521333 -0.0044709432330171444 0.0018171901879589013 0.0058779412848670651 -0.010352836477604946 0.0054290215602037705 -0.011204509051151616 0.0065632039473792298 -0.020585603001444699 0.017860000535977454 0.0012833862650542755 0.0030026438301052282 0.021390691524314265 0.011259249366701222 0.011148456389700159
leaf_weight=16.129575446248055 25.512458592653275 15.560715302824972 29.916813805699348 15.930253297090529 15.687914311885832 30.366952359676361 87.986270755529404 20.854519054293633 16.861362338066101 17.148114949464798 45.550274774432182 21.455198138952255 25.718404978513718 22.19334414601326 52.711947992444038 148.16515782475471 16.344973713159561 19.698346674442291 16.860542073845863 23.636305123567581 35.68671178817749 15.661041513085364 44.449408173561096 16.994549095630646 16.757524311542511 41.34438619017601 37.52980549633503 25.372553110122681 20.189313665032387 17.099220812320709
leaf_count=70 118 56 110 69 75 108 363 95 66 78 166 92 96 87 230 605 68 77 64 103 137 69 169 82 57 165 146 84 73 62
internal_value=0 0.00268165 0.00806315 -0.00307011 -0.00237603 -0.00178799 0.00086699 -0.00340769 0.00276927 0.000928643 0.00228203 -0.00579902 -0.00131525 -0.00578494 -0.00755036 0.000543539 0.00692988 0.0116065 -0.0020978 -0.00296445 7.15303e-05 -0.000881947 -2.29054e-05 -0.0123553 0.0104633 -0.00164635 0.00722585 0.0141229 0.0170022 0.00668504
internal_weight=955.374 510.012 128.167 445.362 419.85 404.162 381.844 117.193 264.651 213.933 196.785 101.633 113.705 149.174 126.981 254.988 46.7119 95.177 32.9901 80.7782 57.1419 208.276 192.615 69.7065 50.7181 57.2746 83.0801 75.4787 45.5619 33.9606
internal_count=3840 1995 478 1845 1727 1652 1517 483 1034 849 771 427 459 633 546 1019 176 344 134 332 229 843 774 312 185 234 312 267 157 128
is_linear=0
shrinkage=0.015


Tree=20
num_leaves=26
num_cat=0
split_feature=7 3 7 17 40 7 40 17 47 7 43 8 33 44 35 46 38 37 2 23 43 8 7 42 6
split_gain=33.9576 21.4198 20.0621 14.8601 15.8246 15.7118 13.7856 14.0884 20.8241 22.3346 11.7529 10.5148 10.2017 14.4301 9.72383 8.03256 14.9836 14.6393 6.84738 11.3356 7.4509 5.49719 6.05479 4.23509 3.64175
threshold=4.21808305460209e-05 0.00027108209380265002 -6.8887963326410835e-05 1.0000000180025095e-35 0.41142191464717764 0.00013684374179215002 -0.82156035195039168 1.0000000180025095e-35 0.65956514240699671 -0.00055458655640499991 -0.40960092799199566 0.00017456589764982809 0.19809935492131522 0.0094455023342297408 0.55088270981864229 0.20952145414495968 -0.021400923163194592 0.31387694470492405 0.64520396016642068 -0.28648864887070852 -0.2669489558780741 7.0667462463505214e-05 2.4531455959523168e-06 -0.051143950761030017 -2.3297364619392981e-05
decision_type=2 2 2 2 2 2 2 2 2 2 2 2 2 2 2 2 2 2 2 2 2 2 2 2 2
left_child=1 2 14 -2 5 10 -3 -8 9 -9 -5 -11 13 -7 -1 16 -14 -17 20 -20 -12 22 24 -24 -4
right_child=3 6 21 4 -6 12 7 8 -10 11 18 -13 15 -15 -16 17 -18 -19 19 -21 -22 -23 23 -25 -26
leaf_value=-0.010393991485344265 -0.014136232750962107 0.013583616257964269 0.011469674566185044 0.0043718495815443428 -0.017086315806626892 0.012947963466003064 -0.011655760253775484 0.014031954599957186 0.015091241579518399 -0.00047919212019164519 0.0052369392457137318 -0.01349765217477337 -0.0031151940203646331 -0.0044047686934359231 0.0057925483819426448 -0.015941526879517776 0.00680158319665276 -0.00064004552124560007 -0.022279267996827029 -0.0073610825231513353 -0.0069293455039988296 0.003662376642663535 0.0027682365388809376 0.013133268604093676 0.021288652825284235
leaf_weight=16.129170358181 25.465792044997215 18.084795638918877 16.613085180521011 22.175373509526253 15.648450821638106 30.338710263371468 21.026000514626503 23.439858734607697 21.779794678092003 282.82200354337692 16.087934777140617 14.568055406212805 79.316868215799332 16.343933448195457 16.854715928435326 19.814371585845947 59.983717203140259 48.82265393435955 14.413987547159193 60.378784134984016 36.366168797016144 17.609347224235535 16.48131188750267 21.129639148712158 23.2525285333395
leaf_count=70 118 64 60 86 75 108 92 83 76 1136 62 66 327 68 64 90 227 198 69 261 156 68 64 75 77
internal_value=0 0.00264324 0.00794981 -0.00302604 -0.00234173 -0.00175898 0.000854543 0.000209959 0.000949506 -1.01107e-05 -0.00561886 -0.00113096 0.000499302 0.00682995 -0.00206601 -0.000915035 0.00114162 -0.00511517 -0.0073807 -0.010305 -0.00315082 0.0114456 0.0131751 0.00867988 0.0173114
internal_weight=954.947 509.79 128.07 445.157 419.691 404.043 381.721 363.636 342.61 320.83 149.422 297.39 254.62 46.6826 32.9839 207.938 139.301 68.637 127.247 74.7928 52.4541 95.0859 77.4766 37.611 39.8656
internal_count=3840 1995 478 1845 1727 1652 1517 1453 1361 1285 634 1202 1018 176 134 842 554 288 548 330 218 344 276 139 137
is_linear=0
shrinkage=0.015


Tree=21
num_leaves=30
num_cat=0
split_feature=7 3 7 32 8 41 21 38 43 40 10 32 20 45 3 34 32 44 0 32 10 35 20 34 3 32 6 32 35
split_gain=32.976 20.8202 19.5047 15.1896 21.0301 25.0006 15.0147 15.6655 15.4063 15.3854 14.6944 14.2754 19.5996 13.8605 13.3048 13.3168 10.6548 10.4447 9.99021 9.69958 9.44543 9.43887 8.33986 7.27174 6.66226 6.20973 4.87593 4.35369 4.04685
threshold=4.21808305460209e-05 0.00027108209380265002 -6.8887963326410835e-05 -2.7656846467749569e-05 0.00017913653362231662 -0.2394220037705059 0.1580999292023392 0.35731506686585274 0.2107603777749317 0.02383458613346737 8.1649316194205439e-05 1.6518161090051112e-05 2.5298995030848359 0.41641631141430085 0.00051662681767450011 0.031022702506543345 -9.4195669082086643e-06 0.054314684105342646 55.53802894086094 -2.927709626746969e-06 -3.7747363354094286e-05 0.55088270981864229 2.734424450361765 0.031022829684992734 0.00036282809217125006 3.9769754244023415e-06 -3.2005641488008352e-05 -2.0938483783853693e-07 0.65540119601120617
decision_type=2 2 2 2 2 2 2 2 2 2 2 2 2 2 2 2 2 2 2 2 2 2 2 2 2 2 2 2 2
left_child=1 2 21 17 5 19 24 8 9 -8 13 23 -13 20 15 -7 -16 -3 26 -5 -10 -1 -15 -11 25 -2 -4 -28 -12
right_child=6 3 18 4 -6 14 7 -9 10 11 28 12 -14 22 16 -17 -18 -19 -20 -21 -22 -23 -24 -25 -26 -27 27 -29 -30
leaf_value=-0.010240322477761384 -0.012728647499827992 0.014772811163808077 0.0070836828633723458 0.01668684895485786 -0.017053425485542065 -0.0013111480473612942 0.012359738273372214 -0.016733724094723453 -0.0017336664997408403 0.0039820730582460278 -0.00063412758104300739 0.0025481822786945466 -0.017145792684971836 -0.0060559167403776279 -0.0018395328112068697 -0.011074692719991482 0.0080592064918925919 0 0.0016266723766945651 0.0027495143483249975 -0.015690219375856292 0.0057084624261711054 0.004519282405343366 -0.0050460765650383928 -0.018421681051780742 -3.7795019164132181e-05 0.019583684450099042 0.010552978355771951 0.0092400277000214016
leaf_weight=16.127900466322899 18.370504558086395 27.424172565340996 19.72345644235611 26.436512067914009 15.818493083119391 135.74335917830467 25.219652354717255 15.410737589001654 14.891672879457472 109.84537497162819 20.59437084197998 22.117999851703644 22.813253000378609 51.523521438241005 46.550560250878334 41.060858875513077 50.646211758255959 17.623550549149513 19.673329338431358 20.334144338965416 45.432237178087234 16.848697245121002 24.485877707600594 24.226766020059586 16.666936650872231 16.994663760066032 33.570599630475044 22.004697784781456 16.345204740762711
leaf_count=70 82 96 74 91 74 550 91 74 61 427 84 87 105 221 189 179 189 70 77 79 208 64 96 101 78 69 113 80 61
internal_value=0 0.00260523 0.00783997 0.000841936 -0.000247832 0.00058149 -0.00298276 -0.00197086 -0.00135582 0.00142673 -0.00464676 -0.000110116 -0.00742504 -0.00692478 -0.001143 -0.00359881 0.00329975 0.0090081 0.0112902 0.0107035 -0.0122949 -0.00203476 -0.00261746 0.00233011 -0.0105531 -0.00671935 0.0137769 0.0160864 0.00369407
internal_weight=954.525 509.587 127.949 381.638 336.59 320.772 444.939 392.907 377.496 204.223 173.273 179.003 44.9313 136.333 274.001 176.804 97.1968 45.0477 94.9721 46.7707 60.3239 32.9766 76.0094 134.072 52.0321 35.3652 75.2988 55.5753 36.9396
internal_count=3840 1995 478 1517 1351 1277 1845 1616 1542 811 731 720 192 586 1107 729 378 166 344 170 269 134 317 528 229 151 267 193 145
is_linear=0
shrinkage=0.015


Tree=22
num_leaves=37
num_cat=0
split_feature=7 3 7 21 38 43 16 46 3 35 33 8 3 33 46 42 15 0 35 16 42 1 0 45 21 3 33 7 6 8 7 44 6 39 8 7
split_gain=32.0211 20.2317 18.9585 14.5875 15.2542 14.9555 16.3624 13.5391 16.7351 13.27 15.6316 18.4229 14.7999 12.7065 12.2502 11.1903 11.0619 9.71906 9.16266 8.94452 9.13817 11.8712 8.99839 8.39456 7.24657 6.48197 8.76986 5.96243 5.65722 5.64447 5.53328 5.10622 4.75377 4.01162 3.84299 2.2458
threshold=4.21808305460209e-05 0.00027108209380265002 -6.8887963326410835e-05 0.1580999292023392 0.35731506686585274 0.2107603777749317 0.00028557857073035006 0.12997691792243621 0.00082655450391510004 0.49997166671516241 0.6604420451794083 0.00017913653362231662 0.00051662681767450011 0.28803343026922162 0.16963665641330974 0.20329187243070534 0.25741915379700675 55.53802894086094 0.55088270981864229 -9.8940233303787921e-05 0.070982146801950169 -0.0021697271091624492 36.685934797823016 0.42157384431500117 2.2956615370448046 0.00036282809217125006 0.23464713695877679 0.00020983868257105003 -0.00013432711870999998 0.00016651384131493633 -0.00021546248593804998 0.10429711973517297 -3.2005641488008352e-05 0.1486932151410883 5.2018823985593023e-05 -2.307624546700869e-06
decision_type=2 2 2 2 2 2 2 2 2 2 2 2 2 2 2 2 2 2 2 2 2 2 2 2 2 2 2 2 2 2 2 2 2 2 2 2
left_child=1 2 18 25 5 7 13 27 14 15 11 12 16 24 -9 19 -11 32 -1 22 21 -21 30 -15 -7 26 -2 -5 -14 33 -3 -8 -4 -12 35 -34
right_child=3 9 17 4 -6 6 31 8 -10 10 29 -13 28 23 -16 -17 -18 -19 -20 20 -22 -23 -24 -25 -26 -27 -28 -29 -30 -31 -32 -33 34 -35 -36 -37
leaf_value=-0.01008944138541823 -0.013737603994758376 0.00049362414140464235 0.0069802210245160307 0.00085717763584355899 -0.016531086036295956 -0.005224435922836378 -0.00069378453461585898 -0.011801392672348735 -0.013867640993919839 -0.0036274848425861387 0.0010416482310981242 -0.013946477388601995 -0.00063660352512141902 -0.01593066443158277 0.002658751250496443 0.007469661751576046 0.0080622169063235532 0.0016026735384551364 0.0056256585879302951 -0.0071754739124842773 0.00024419905512484117 -0.025375418340622628 0.0083746286580573918 -0.0059072029282864237 0.0062349856153655191 -0.018173735937091831 0.0010671180718269386 0.012431786204055519 0.008996755216320448 0.017379106418231663 -0.011659681956961699 0.010251805279731864 0.023054663735749627 0.011515627971197791 0.010111015111553193 0.014640296403503169
leaf_weight=16.12580443918705 18.453517884016037 17.262247651815414 19.71782910823822 15.594822391867636 15.367810130119322 39.711223617196083 21.488275215029716 14.556942269206045 18.880257844924927 91.12049375474453 16.504709973931313 17.086545050144196 16.721813187003136 38.980085432529449 124.83205464482307 17.869427651166916 22.541638255119324 19.670671790838242 16.842496827244759 23.19295713305473 14.219798550009726 12.815828919410707 16.063777223229408 38.602979615330696 17.770679861307144 16.64313368499279 16.900480017066002 30.326391935348511 66.285703733563423 16.697554022073746 15.697542577981947 16.650759637355804 17.494081616401672 17.42012245953083 19.427432343363762 18.556158542633057
leaf_count=70 83 69 74 62 74 169 87 64 85 375 65 78 67 179 491 67 84 77 64 99 57 62 60 165 69 78 68 109 245 57 69 62 57 63 71 65
internal_value=0 0.00256785 0.00773077 -0.00293986 -0.00194231 -0.00133595 -0.00457925 0.0014055 -0.000663878 0.000829591 0.00269598 0.000906653 0.00221816 -0.00703367 0.00112143 -0.00336228 -0.00128183 0.0111353 -0.00200402 -0.00534343 -0.00978592 -0.0137936 -0.000730023 -0.0109933 -0.00163568 -0.0104045 -0.00662243 0.00856548 0.00703142 0.0101822 -0.0052532 0.00404752 0.013591 0.006513 0.015875 0.0188643
internal_weight=954.094 509.335 127.834 444.759 392.762 377.394 173.204 204.19 158.269 381.5 264.379 213.756 196.67 135.065 139.389 117.122 113.662 94.8662 32.9683 99.2522 50.2286 36.0088 49.0236 77.5831 57.4819 51.9971 35.354 45.9212 83.0075 50.6224 32.9598 38.139 75.1955 33.9248 55.4777 36.0502
internal_count=3840 1995 478 1845 1616 1542 731 811 640 1517 1034 849 771 582 555 483 459 344 134 416 218 161 198 344 238 229 151 171 312 185 138 149 267 128 193 122
is_linear=0
shrinkage=0.015


Tree=23
num_leaves=26
num_cat=0
split_feature=32 3 16 32 1 42 33 1 37 31 47 3 32 1 44 8 33 0 0 32 39 6 6 23 3
split_gain=24.2365 16.9467 13.9354 12.8342 20.0626 23.5758 12.8971 17.6371 12.6818 11.4551 13.149 11.4445 11.4889 10.4968 10.2076 8.53096 18.9091 12.1628 7.12067 6.50275 5.64328 5.01159 6.66095 3.71873 2.72343
threshold=1.0496671462985792e-06 0.00020829337131150004 -8.3238683202877333e-05 -2.7656846467749569e-05 -0.024860309156551297 0.19889375665074063 0.24181579722613741 -0.0035314588435538994 0.39246406931927486 0.86715335867230992 -0.27737408004092901 0.00035686877157195003 6.0875707836416389e-06 -0.019208573749395347 0.054314684105342646 0.0001093893748954521 0.87414806167128611 54.191766295049057 39.075223424995819 -3.1351009060228326e-06 0.18671398167158124 -2.5667803789177226e-05 2.696917096346527e-05 -0.2623919007725008 0.00016573136034100003
decision_type=2 2 2 2 2 2 2 2 2 2 2 2 2 2 2 2 2 2 2 2 2 2 2 2 2
left_child=1 21 18 14 -5 6 7 -6 9 11 -11 12 20 -8 -3 17 -17 -12 -2 -7 -4 -1 24 -13 -23
right_child=2 3 8 4 5 19 13 -9 -10 10 15 23 -14 -15 -16 16 -18 -19 -20 -21 -22 22 -24 -25 -26
leaf_value=0.0013920655054680442 0.0094537637438238363 0.014479098420837758 -0.013519934359882206 -0.014216510709564621 0.0080036141413614165 0.014931438083016977 0.0065629383925572453 -0.0017280443211638529 -0.016856944333756445 0.010368258936432572 0.0022578684228523318 -0.0090977397135124649 0.0052315608825190532 -0.0055377353717341437 -2.0290030873457268e-05 0.0047599227638525487 -0.012576456650045698 -0.0062508247762376743 -0.0018282588967951162 0.0031089274125190433 -0.00097224088444200268 0.010340206488326105 0.0032932299583507225 -0.019197805103758382 0.019161677564307221
leaf_weight=14.768100410699843 30.815854996442795 27.356258928775787 20.690837427973747 20.110222682356834 71.628399789333344 31.287808209657669 18.423260375857353 99.933281406760216 15.014955148100851 19.650300651788712 50.603358179330826 18.878316849470139 21.916581153869629 116.69222770631313 17.609334051609039 75.093893736600876 17.253939181566238 144.67460237443447 20.649337127804756 16.638043448328972 13.858987495303152 17.508158147335052 16.333706349134445 17.317359387874603 18.942515298724174
leaf_count=58 114 96 92 91 269 110 70 407 72 73 200 82 85 489 70 292 77 614 84 65 57 64 64 81 64
internal_value=0 0.00233976 -0.0024432 0.00120971 0.000293352 0.00112824 -0.000395525 0.00232534 -0.00335974 -0.00284126 -0.00143647 -0.00746556 -0.0031783 -0.0038657 0.00876982 -0.00225576 0.00148139 -0.00403437 0.00489134 0.0108964 -0.00857747 0.00930889 0.0114712 -0.0140512 0.0150457
internal_weight=953.65 487.231 466.418 419.679 374.713 354.603 306.677 171.562 414.953 399.938 307.276 92.6621 56.4664 135.115 44.9656 287.626 92.3478 195.278 51.4652 47.9259 34.5498 67.5525 52.7844 36.1957 36.4507
internal_count=3840 1917 1923 1667 1501 1410 1235 676 1725 1653 1256 397 234 559 166 1183 369 814 198 175 149 250 192 163 128
is_linear=0
shrinkage=0.015


Tree=24
num_leaves=29
num_cat=0
split_feature=7 15 38 17 40 7 34 1 42 39 29 8 1 41 7 12 41 34 1 38 42 20 11 45 6 47 8 29
split_gain=30.3952 18.1984 30.6828 14.5696 14.6625 15.0424 14.4267 15.8117 14.1656 11.2517 13.3307 11.0965 20.1052 21.462 16.1047 11.7752 9.95591 9.56245 9.1389 14.3999 25.4483 8.07339 7.23011 6.43812 6.19711 4.86499 3.94967 0.854243
threshold=4.21808305460209e-05 0.24112922806891771 -0.10082209177539543 1.0000000180025095e-35 0.41142191464717764 0.00014976690393350003 0.031030426409295698 -0.035641717617650594 0.024165495699679681 -0.31245677420466861 0.36753924636305607 5.7899128135774522e-05 -0.0035314588435538994 -0.23207923082455989 -5.6278971813205997e-05 6.2783112613208533e-06 0.039237371517428572 0.031021862792168498 0.0067346988958547505 0.28108761327928761 -0.10228608577239574 0.49071934489925245 7.5292700479273744e-05 0.39006137234291838 2.6198472023357987e-05 -0.070316636868924823 8.7560124856004437e-05 -1.0000000180025095e-35
decision_type=2 2 2 2 2 2 2 2 2 2 2 2 2 2 2 2 2 2 2 2 2 2 2 2 2 2 2 2
left_child=1 6 27 -2 5 9 7 -1 24 10 16 14 13 -13 17 -14 -5 -9 21 20 -20 -7 23 -11 -4 -16 -24 -3
right_child=3 2 8 4 -6 18 -8 11 -10 22 -12 12 15 -15 25 -17 -18 -19 19 -21 -22 -23 26 -25 -26 -27 -28 -29
leaf_value=0.015691449922837292 -0.013883370934035175 0.022109720374182684 0.012005177632283291 0.013009285682407274 -0.016452321899972901 0.00048999221822896167 -0.01218412993805189 -0.0075342985855762629 -0.010351502218695583 -0.014834869076097346 -0.011599108021735702 0.012781843624822313 -0.0040427678615465651 -0.00018864956307391851 0.0056985688090073492 -0.018935077318619157 -0.0019487591349531333 0.0063723613023324837 -0.01928981265042571 0.013297991118771677 4.2840871863440403e-06 0.013894655253952368 -0.0068555222785733703 -0.005933945846501594 0.00071118741006926788 0.01514005162000988 0.0036386522881886939 0.016031633892435719
leaf_weight=17.296495944261551 25.382235109806061 18.608596727252007 21.094794034957886 18.361104264855385 15.493992701172827 20.802744388580322 17.356586262583733 24.247216060757637 15.710987523198126 38.387384667992592 14.954775750637053 34.176649957895279 58.304609030485153 173.28056786954403 23.181043595075607 15.149650037288664 21.263805612921715 20.21137136220932 16.755363553762436 15.351001784205435 168.03938527405262 20.228358954191208 16.85484649240971 37.657630741596222 23.493267714977264 29.411102667450905 14.947128295898436 17.341770350933075
leaf_count=60 118 61 76 66 75 83 77 103 68 175 66 122 241 696 88 70 87 77 78 55 676 72 73 162 93 103 59 60
internal_value=0 0.00250341 0.00837501 -0.00286472 -0.00218729 -0.00162819 0.00112576 0.00172031 0.00178129 -0.00515637 0.000354177 0.00106904 -0.000434881 0.00194497 0.0054392 -0.00717715 0.00494875 -0.00116157 0.000740358 -0.000572896 -0.00174717 0.00717968 -0.00796262 -0.010477 0.00612705 0.0110492 -0.00185885 0.0193189
internal_weight=953.344 508.865 96.2494 444.48 419.098 403.604 412.615 395.259 60.299 162.427 54.5797 377.962 280.911 207.457 97.0507 73.4543 39.6249 44.4586 241.177 200.146 184.795 41.0311 107.847 76.045 44.5881 52.5921 31.802 35.9504
internal_count=3840 1995 358 1845 1727 1652 1637 1560 237 688 219 1500 1129 818 371 311 153 180 964 809 754 155 469 337 169 191 132 121
is_linear=0
shrinkage=0.015


end of trees

feature_importances:
Column_7=79
Column_39=57
Column_3=51
Column_32=47
Column_38=42
Column_8=38
Column_34=33
Column_0=30
Column_33=28
Column_17=21
Column_44=21
Column_6=20
Column_45=20
Column_41=19
Column_16=18
Column_35=18
Column_42=17
Column_21=15
Column_40=15
Column_43=15
Column_1=12
Column_15=12
Column_18=12
Column_23=10
Column_2=9
Column_10=9
Column_20=9
Column_47=9
Column_37=7
Column_30=6
Column_46=6
Column_12=5
Column_29=4
Column_36=4
Column_11=3
Column_24=2
Column_25=2
Column_4=1
Column_5=1
Column_31=1

parameters:
[boosting: gbdt]
[objective: binary]
[metric: binary_logloss]
[tree_learner: serial]
[device_type: cpu]
[data_sample_strategy: bagging]
[data: ]
[valid: ]
[num_iterations: 800]
[learning_rate: 0.015]
[num_leaves: 63]
[num_threads: 1]
[seed: 42]
[deterministic: 0]
[force_col_wise: 0]
[force_row_wise: 0]
[histogram_pool_size: -1]
[max_depth: 7]
[min_data_in_leaf: 60]
[min_sum_hessian_in_leaf: 0.001]
[bagging_fraction: 0.8]
[pos_bagging_fraction: 1]
[neg_bagging_fraction: 1]
[bagging_freq: 0]
[bagging_seed: 400]
[bagging_by_query: 0]
[feature_fraction: 0.8]
[feature_fraction_bynode: 1]
[feature_fraction_seed: 30056]
[extra_trees: 0]
[extra_seed: 12879]
[early_stopping_round: 0]
[early_stopping_min_delta: 0]
[first_metric_only: 0]
[max_delta_step: 0]
[lambda_l1: 0.15]
[lambda_l2: 0.15]
[linear_lambda: 0]
[min_gain_to_split: 0]
[drop_rate: 0.1]
[max_drop: 50]
[skip_drop: 0.5]
[xgboost_dart_mode: 0]
[uniform_drop: 0]
[drop_seed: 17869]
[top_rate: 0.2]
[other_rate: 0.1]
[min_data_per_group: 100]
[max_cat_threshold: 32]
[cat_l2: 10]
[cat_smooth: 10]
[max_cat_to_onehot: 4]
[top_k: 20]
[monotone_constraints: ]
[monotone_constraints_method: basic]
[monotone_penalty: 0]
[feature_contri: ]
[forcedsplits_filename: ]
[refit_decay_rate: 0.9]
[cegb_tradeoff: 1]
[cegb_penalty_split: 0]
[cegb_penalty_feature_lazy: ]
[cegb_penalty_feature_coupled: ]
[path_smooth: 0]
[interaction_constraints: ]
[verbosity: -1]
[saved_feature_importance_type: 0]
[use_quantized_grad: 0]
[num_grad_quant_bins: 4]
[quant_train_renew_leaf: 0]
[stochastic_rounding: 1]
[linear_tree: 0]
[max_bin: 255]
[max_bin_by_feature: ]
[min_data_in_bin: 3]
[bin_construct_sample_cnt: 200000]
[data_random_seed: 175]
[is_enable_sparse: 1]
[enable_bundle: 1]
[use_missing: 1]
[zero_as_missing: 0]
[feature_pre_filter: 1]
[pre_partition: 0]
[two_round: 0]
[header: 0]
[label_column: ]
[weight_column: ]
[group_column: ]
[ignore_column: ]
[categorical_feature: ]
[forcedbins_filename: ]
[precise_float_parser: 0]
[parser_config_file: ]
[objective_seed: 16083]
[num_class: 1]
[is_unbalance: 0]
[scale_pos_weight: 1]
[sigmoid: 1]
[boost_from_average: 1]
[reg_sqrt: 0]
[alpha: 0.9]
[fair_c: 1]
[poisson_max_delta_step: 0.7]
[tweedie_variance_power: 1.5]
[lambdarank_truncation_level: 30]
[lambdarank_norm: 1]
[label_gain: ]
[lambdarank_position_bias_regularization: 0]
[eval_at: ]
[multi_error_top_k: 1]
[auc_mu_weights: ]
[num_machines: 1]
[local_listen_port: 12400]
[time_out: 120]
[machine_list_filename: ]
[machines: ]
[gpu_platform_id: -1]
[gpu_device_id: -1]
[gpu_use_dp: 0]
[num_gpu: 1]

end of parameters

pandas_categorical:null
