tree
version=v4
num_class=1
num_tree_per_iteration=1
label_index=0
max_feature_idx=31
objective=binary sigmoid:1
feature_names=Column_0 Column_1 Column_2 Column_3 Column_4 Column_5 Column_6 Column_7 Column_8 Column_9 Column_10 Column_11 Column_12 Column_13 Column_14 Column_15 Column_16 Column_17 Column_18 Column_19 Column_20 Column_21 Column_22 Column_23 Column_24 Column_25 Column_26 Column_27 Column_28 Column_29 Column_30 Column_31
feature_infos=[0.00060811038857640004:0.017838632981839801] [0:1] [0:1] [-0.0055138285603965999:0.0053797173119149002] [-0.0085062509022006006:0.0068230755065634002] [0.00014991332957487236:0.0023028429407815501] [-1:1] [-0.0063488284964117996:0.0061393288435749004] [-0.0095043071675086997:0.0081303215856435001] [-0.0095217227826023005:0.007532155209674] [-0.010525321566385699:0.0092640400080971994] [0:1] [0:1] [-1:1] [-14.683296608829499:7.6186278746951599] [0.0025836607435448002:0.0033373758033436998] [-0.0089279215894716001:0.0074551837885359004] [-3:2.9442489938243988] [-0.91767751620399285:10] [0.0166666666666388:0.4666666666658888] [0.20000000000000001:1] [0.050552280623386479:0.052189806867928117] [0.42043681349201101:0.98824899368376262] [0.0031449484810073484:0.33060016110766455] [0.0037124342324800761:0.37728576155696919] [0.64075933337724922:5] [-0.68421052631578949:0.57894736842105265] [0:0.54338739332159947] [0.20831295823147405:3.2386265481322458] [0.10000000000000001:0.90000000000000002] [0:0.6105660429062888] [0:0.77322695063634239]
tree_sizes=4223 4308 4337 3580 4215 3592 3910 3586 3165 4217 3596 3617 4429 4134

Tree=0
num_leaves=38
num_cat=0
split_feature=17 25 16 18 18 0 25 17 15 14 20 3 1 24 18 14 9 24 24 0 10 0 20 26 28 24 17 8 0 25 24 18 20 28 3 8 29
split_gain=46.2646 54.2999 33.2019 32.0238 25.8076 22.9852 24.7249 18.7428 36.0964 17.5051 16.0465 14.4498 14.1849 22.7561 20.3363 14.1689 32.2277 26.2976 17.3558 17.2026 14.3307 14.1325 13.665 15.6221 12.126 11.708 10.6626 9.87002 9.46124 9.33822 8.06544 7.44222 7.19425 6.6132 4.18303 4.01245 2.41897
threshold=0.10794005660365737 0.81056903365604926 0.00086769310588600006 -0.40434250395211219 5.2673748173713451 0.0029085864721387004 0.75045061795944634 0.29133183243299526 0.0026482516385471001 -1.3037178411336841 0.90000000000000013 -0.00029311466164104997 1.0000000180025095e-35 0.040312923030043184 1.5955454232788322 -0.13020963331350247 0.00033422097789265003 0.019570705168616916 0.099550559642729755 0.004494751701778551 -0.0012965668789203498 0.0039954692776679509 0.50000000000000011 -0.2105263157894737 0.91986342335982674 0.070295291166195886 0.17909398783343433 -0.00051678958328809992 0.0026297852610082505 0.89286317050019648 0.02601090547260192 1.7746097405490271 0.50000000000000011 0.85337847665409139 0.00076739893105790013 -0.00013162318508319997 0.5729949477081252
decision_type=2 2 2 2 2 2 2 2 2 2 2 2 2 2 2 2 2 2 2 2 2 2 2 2 2 2 2 2 2 2 2 2 2 2 2 2 2
left_child=3 28 7 -1 15 -6 -7 11 12 -8 -11 26 13 -9 -14 20 19 -18 -19 29 22 25 23 -5 -24 -4 -3 31 -2 -17 -29 -22 -13 -21 -23 36 -30
right_child=1 2 21 4 5 6 9 8 -10 10 -12 32 14 -15 -16 16 17 18 -20 33 27 34 24 -25 -26 -27 -28 30 35 -31 -32 -33 -34 -35 -36 -37 -38
leaf_value=-0.021962810904397265 -0.010746135766594349 0.01408938717886366 -0.01647153075809113 -0.018908296869531931 0.01131257264710951 0.006144114687682941 -0.00073811831928438177 -0.00016310333044028448 -0.020279516603533027 -0.033198799570340123 -0.0064507856816904807 -0.003545066219186108 0.010399662821758264 0.019475334688305281 -0.014583942211824977 -0.0060028117253080916 0.024353542115137714 -7.2029366642356303e-06 0.014943733138361653 0.010609228083393374 -0.001829492880815188 -0.03300708463194179 -0.0031073358519363502 0.0031740025072818398 0.013135486384200649 0.0064923523339548593 -0.0075312725294562734 0.0042377620973723922 -0.025940171529630778 -0.021869669144807622 0.018255023509636481 0.014525817978319961 -0.021972403204099617 -0.0064755152201400532 -0.016632457776262776 -0.03260998518683688 -0.012551387747126766
leaf_weight=16.068792641162872 20.819875627756119 13.054390758275987 15.724454641342165 14.77608075737953 20.790516912937164 20.753662645816803 14.868216425180433 29.1784648001194 16.078006207942963 22.337149143218994 11.269923806190489 11.093148022890093 24.751574665307999 53.825254201889038 18.169956892728806 25.738520830869675 23.541784882545471 99.967322140932083 33.30536675453186 17.573416560888294 22.576701879501343 11.726542621850969 20.12198606133461 33.548355519771576 54.086670100688934 12.831547141075133 16.523693442344666 16.969380676746368 11.56819397211075 23.731210261583328 74.262219548225403 14.569946259260176 19.992996126413345 12.20908412337303 11.605048239231108 18.431372791528702 9.5591653883457166
leaf_count=78 92 45 73 70 74 78 60 117 77 118 48 46 89 175 83 109 72 400 114 63 92 62 83 130 189 48 71 65 58 115 245 50 97 52 54 97 43
internal_value=-2.99993e-08 -0.00557415 -0.00191753 0.00296063 0.00366493 -0.00516775 -0.0101697 0.00136239 0.00495027 -0.0172071 -0.0243775 -0.00698324 0.0082133 0.0125515 -0.000127908 0.00530431 0.00212148 0.00685637 0.00372146 -0.00720859 0.00828503 -0.0147474 0.00384295 -0.00355998 0.00869748 -0.00607872 0.0019432 0.0124944 -0.0209028 -0.0137118 0.0156885 0.00454574 -0.0155316 0.00351793 -0.0251357 -0.0261195 -0.0201404
internal_weight=908 314.934 254.555 593.066 576.998 90.0195 69.229 202.667 142.003 48.4753 33.6071 60.6642 125.925 83.0037 42.9215 486.978 236.067 156.814 133.273 79.2522 250.911 51.8876 122.533 48.3244 74.2087 28.556 29.5781 128.378 60.3786 49.4697 91.2316 37.1466 31.0861 29.7825 23.3316 39.5587 21.1274
internal_count=3632 1327 1037 2305 2227 378 304 800 541 226 166 259 464 292 172 1849 925 586 514 339 924 237 472 200 272 121 116 452 290 224 310 142 143 115 116 198 101
is_linear=0
shrinkage=1


Tree=1
num_leaves=39
num_cat=0
split_feature=17 16 18 18 17 15 22 5 17 4 9 26 23 14 9 24 22 10 18 21 28 28 14 11 4 26 27 18 26 22 8 5 24 18 18 24 28 3
split_gain=44.6437 38.0676 30.8944 24.8937 20.9264 41.7083 19.3155 21.753 16.5638 16.2335 15.5526 14.775 21.4108 13.6659 31.0892 25.3701 23.4109 13.8236 13.4892 13.3868 13.3778 16.8689 13.1647 13.1155 12.9343 12.3132 11.2408 11.0775 10.7221 9.57774 9.5184 8.3185 7.77461 7.18105 6.55963 3.34693 3.07802 1.08036
threshold=0.10794005660365737 0.00086769310588600006 -0.40434250395211219 5.2673748173713451 0.29133183243299526 0.0026474590552483007 0.93189723675996183 0.00054524585218328734 0.17466102254974866 -0.00016963735525049999 -0.00037385240704414994 -0.2105263157894737 0.021227556056693995 -0.13020963331350247 0.00033422097789265003 0.019570705168616916 0.84111284757913851 -0.0012965668789203498 3.0011929323837272 0.050586567981868898 1.043374747090706 0.86904328773824513 2.6425533709176507 1.0000000180025095e-35 -0.00061088151313374998 -0.2105263157894737 0.082297521932724257 1.2532953850380715 0.10526315789473685 0.85872914808980816 -0.00051678958328809992 0.00071279377132439116 0.02601090547260192 1.7746097405490271 0.63234024447895043 0.078718163983956438 1.1947758198705234 -0.00013061408884844998
decision_type=2 2 2 2 2 2 2 2 2 2 2 2 2 2 2 2 2 2 2 2 2 2 2 2 2 2 2 2 2 2 2 2 2 2 2 2 2 2
left_child=2 4 -1 13 8 6 9 -8 10 35 -2 -5 -13 17 18 -16 -17 19 26 -4 21 -14 28 -21 -9 -7 -15 -11 31 34 33 -3 -32 -19 -10 -6 -30 -31
right_child=1 22 3 11 5 25 7 24 29 27 -12 12 20 14 15 16 -18 30 -20 23 -22 -23 -24 -25 -26 -27 -28 -29 36 37 32 -33 -34 -35 -36 -37 -38 -39
leaf_value=-0.021573700145526647 0.012552219814493887 -0.00312249395492696 -0.016050495124075758 0.0076826735184843059 0.012896167719705757 -0.0075570536833151755 0.011264798463912491 0 -0.015343388947266388 0.010083661153386922 -0.014427015178331004 -0.028050444007991553 -0.010399598357336646 -0.019287930496471963 0.023921528249577356 0.01490080508721766 -0.0013742164965036554 -0.0017967518162407669 0.0099097399830999564 -0.0022966297282622631 -0.016133291204774244 0.014613833655073613 -0.0015843576893148747 0.010329410435092248 -0.022479758687661791 -0.034897486247153976 -0.0041233770922585195 -0.0079869221012876922 -0.035085940252243944 -0.019131707947484304 0.0041621989617898342 -0.023227191867269268 0.017928625659584023 0.014267796923609648 0.0037857506842078298 0.023114185617592077 -0.020443463125365026 -0.028213345510339403
leaf_weight=16.066855162382126 16.261412858963016 13.537619769573213 9.9214904159307462 21.895991504192352 34.037621602416039 10.887554138898851 19.088426470756531 14.495373502373694 13.668585538864138 23.048797026276588 11.799496576189993 15.10008132457733 16.317916288971901 26.928472802042961 23.538294970989227 41.253358080983162 92.017471447587013 22.576683163642883 12.468328803777693 42.325736954808235 18.345219567418098 18.353125095367432 13.732697129249571 70.282078593969345 18.866899088025093 11.157964274287222 39.851739749312401 20.65058422088623 16.364113867282871 15.147403433918955 16.969304829835892 13.816174969077109 74.256030738353729 14.569177597761152 9.6141735911369306 17.459553703665733 9.3446098268032056 11.929881706833838
leaf_count=78 57 56 46 81 119 47 68 58 63 83 54 77 72 128 72 141 373 92 45 173 85 63 56 253 92 60 166 89 88 72 65 68 245 50 37 54 45 61
internal_value=0 -0.00547687 0.00290735 0.00359918 -0.00221294 0.00132795 0.00479693 -0.00393042 -0.00989723 0.0096324 0.00109547 -0.0050758 -0.00922444 0.00520933 0.00208317 0.00673389 0.00365449 0.00813679 -0.00708055 0.0037734 -0.00374762 0.00276964 -0.0175284 0.00556299 -0.0127165 -0.0216589 -0.0103082 0.00148454 -0.021588 -0.0160609 0.0122713 -0.0134467 0.0154084 0.00446366 -0.00735548 0.0164698 -0.0300176 -0.0233655
internal_weight=907.946 314.909 593.037 576.971 248.114 169.693 147.647 52.4507 78.421 95.1966 28.0609 90.0123 68.1163 486.958 236.058 156.809 133.271 250.901 79.2485 122.529 53.0163 34.671 66.7952 112.608 33.3623 22.0455 66.7802 43.6994 53.0625 50.36 128.371 27.3538 91.2253 37.1459 23.2828 51.4972 25.7087 27.0773
internal_count=3632 1327 2305 2227 1014 670 563 218 344 345 111 378 297 1849 925 586 514 924 339 472 220 135 313 426 150 107 294 172 257 233 452 124 310 142 100 173 133 133
is_linear=0
shrinkage=0.018


Tree=2
num_leaves=39
num_cat=0
split_feature=17 16 18 18 23 17 5 30 18 24 16 24 14 9 24 22 30 10 20 26 27 29 23 17 26 29 18 18 30 8 20 24 5 4 18 7 26 9
split_gain=43.0793 36.7483 29.8103 24.0151 20.2689 23.8341 21.9662 18.4809 15.1857 14.3129 21.6587 14.6708 13.1792 29.9885 24.4856 22.5833 15.2946 13.3393 13.1367 15.0332 13.0406 12.9727 12.8323 12.0011 11.7957 12.7933 10.6565 10.6225 9.68416 9.18185 8.55915 7.4971 7.25878 7.11024 6.92989 6.16881 14.6742 1.42445
threshold=0.10794005660365737 0.00086769310588600006 -0.40434250395211219 5.2673748173713451 0.094580638966349898 0.33528179791069085 0.00059773727601274932 0.10573121273602816 1.5401708352916235 0.03468764231463891 -0.00015402387368114995 0.019262380521032203 -0.13020963331350247 0.00033422097789265003 0.019570705168616916 0.84111284757913851 0.13139760070804288 -0.0012965668789203498 0.50000000000000011 -0.2105263157894737 0.18036220434355385 0.45944541160879232 0.090889312761657973 0.17466102254974866 -0.2105263157894737 0.63006556893492227 0.88934251096111161 9.1358131446413129 0.25592447317575612 -0.00051678958328809992 0.50000000000000011 0.02601090547260192 0.00085040901341376532 -0.00021344388621289998 1.7746097405490271 0.0007148701955036501 0.10526315789473685 -0.00020206254448159995
decision_type=2 2 2 2 2 2 2 2 2 2 2 2 2 2 2 2 2 2 2 2 2 2 2 2 2 2 2 2 2 2 2 2 2 2 2 2 2 2
left_child=2 4 -1 12 5 23 21 24 -6 11 -11 -8 17 16 -15 -16 30 18 19 -4 -20 -7 35 -2 -5 27 32 -26 37 34 -14 -31 -25 -23 -19 36 -3 -9
right_child=1 22 3 7 8 6 9 28 -10 10 -12 -13 13 14 15 -17 -18 29 20 -21 -22 33 -24 26 25 -27 -28 -29 -30 31 -32 -33 -34 -35 -36 -37 -38 -39
leaf_value=-0.021196443329260111 -0.0016381669721571717 -0.012011800523567241 -0.018610371253630274 0.014942546510413823 0.019883517628449379 -0.0071110060839802572 -0.0021966816292389949 -0.017710225458582345 -0.0044687544414698339 0.0071540231050313272 -0.01867305966118521 -0.029221275645959211 -0.0031575235638799212 0.023503891044539219 0.014635632703662501 -0.0013495209086140836 0.0062049688952092088 -0.001764626474056688 0.0020753114628853102 0.0030511545472201949 0.017480873307815024 0.020077070462770488 -0.00063354789817937911 -0.027808639262293735 -0.025440401299803572 0.005641189878930788 -0.0052883933406139361 -0.00040147751761547269 -0.0011133502299145541 0.0040879903946026176 -0.01735388631471101 0.017610882606646651 -0.0086654010551040234 0.0058164088930144709 0.014015755739348611 -0.0087558706977852105 -0.033651069815254037 -0.028997687348319989
leaf_weight=16.06118032336235 24.079249337315559 18.925827264785767 14.774564266204832 14.382992908358572 21.417533934116364 13.332392007112501 12.410666584968569 11.03491879999638 13.154761478304861 35.474058508872986 14.771859556436537 14.159227102994917 23.689772740006447 23.528074681758881 41.247549548745155 92.0174450725317 20.752054244279861 22.576627731323242 43.709187909960747 33.547440573573112 30.493854939937592 22.747628167271614 12.606211975216864 25.723772391676903 11.379814058542252 23.0108672529459 17.281570851802826 10.91462180018425 9.5934261828660947 16.969081163406372 34.800411835312843 74.237917006015778 9.3795995563268644 24.145493566989899 14.566926464438437 11.443649947643278 23.799276277422905 9.6856625974178314
leaf_count=78 98 85 70 49 69 57 51 52 55 132 70 73 98 72 141 373 78 92 171 130 101 73 51 131 57 87 73 44 39 65 163 245 41 91 50 50 127 50
internal_value=0 -0.00538149 0.00285514 0.00353475 -0.00217436 -0.00425507 0.00022049 -0.00498598 0.0105604 -0.00613528 -0.000418316 -0.0167825 0.00511635 0.00204594 0.00661402 0.00358878 -0.00695412 0.00799142 0.00370464 -0.0035533 0.00846506 0.00836691 -0.0172245 -0.0122963 0.000791291 -0.00367637 -0.0171253 -0.0133871 -0.0163979 0.0120535 -0.0116729 0.0151353 -0.0228288 0.0128335 0.00438319 -0.0210234 -0.0242041 -0.0232863
internal_weight=907.827 314.853 592.974 576.913 248.078 213.506 137.041 90.0023 34.5723 76.8158 50.2459 26.5699 486.911 236.035 156.793 133.265 79.2422 250.876 122.525 48.322 74.203 60.2255 66.775 76.4642 59.6883 45.3053 52.3849 22.2944 30.314 128.351 58.4902 91.207 35.1034 46.8931 37.1436 54.1688 42.7251 20.7206
internal_count=3632 1327 2305 2227 1014 890 547 378 124 326 202 124 1849 925 586 514 339 924 472 200 272 221 313 343 237 188 245 101 141 452 261 310 172 164 142 262 212 102
is_linear=0
shrinkage=0.018


Tree=3
num_leaves=32
num_cat=0
split_feature=17 0 4 17 16 17 17 7 26 0 17 27 28 31 29 0 5 0 17 17 23 27 14 7 23 7 23 5 17 29 29
split_gain=41.5725 39.8444 24.3535 21.6868 19.6615 15.8024 15.1565 13.9661 12.9809 14.8217 12.956 12.3673 11.8551 11.1966 10.2451 9.58612 9.36854 9.15162 9.11515 12.6611 9.01704 17.3556 12.8526 8.9686 8.88866 6.97784 6.90799 7.14595 3.91167 3.34114 2.29533
threshold=0.10794005660365737 0.0029342901179242003 -0.00021344388621289998 0.29133183243299526 0.00062769307060790019 -1.9006918481664079 0.93735141417153933 0.00028043429461060005 0.4210526315789474 0.0099343371939758004 0.53366736149439697 0.041653461567274418 0.9638544404550321 0.024156714845429233 0.4719147097323923 0.004686351301941301 0.00036467365791805834 0.0043689969241660501 -1.0078322731366545 -0.60238189834065714 0.015381182223012428 0.107844679179931 -0.43149869570320426 6.1278744608645255e-05 0.027838082718664493 -0.00019736192925499997 0.040761932964287893 0.00066264175891128305 0.46471153778504742 0.57805022484907298 0.49438425477437836
decision_type=2 2 2 2 2 2 2 2 2 2 2 2 2 2 2 2 2 2 2 2 2 2 2 2 2 2 2 2 2 2 2
left_child=5 3 12 11 6 7 16 24 9 14 -6 -2 17 -14 18 26 -5 -3 -7 -20 21 -16 -22 25 -1 -13 27 -4 -18 30 -17
right_child=1 2 15 4 10 8 -8 -9 -10 -11 -12 23 13 -15 20 29 28 -19 19 -21 22 -23 -24 -25 -26 -27 -28 -29 -30 -31 -32
leaf_value=-0.0092571686735939077 0.0037131967701315039 -0.019432940858700246 -0.010315891872857653 -0.00029112072183772736 -0.022138555756841666 -0.0028303918412800511 -0.0049240886547654407 -0.021738999619025274 -0.010599237969763737 0.019868607140207706 0.0039390011564713629 -0.011395633306288004 0.011636240998668328 -0.0096936367305469409 -0.018805335011429329 -0.027125328759735896 0.010149440385364385 -0.0003563785370015749 0.023934102469466673 0.0071798613140654803 0.0073186296381361395 0.0032787785836227504 0.00044761771877173558 -0.0037089193869360316 0.0079530085206839587 -0.032081485182842526 -0.0047779229910300813 -0.031513813379325517 0.019934758361574871 -0.034212029477106526 -0.013829459877419835
leaf_weight=19.88197186589241 17.335479408502579 20.56146314740181 12.183592155575754 14.492674872279165 12.512013897299768 16.54543562233448 20.479269132018089 14.194371327757834 19.503569379448891 18.95136733353138 11.684837788343428 11.617567166686056 20.02895325422287 12.938017860054968 17.947009295225143 11.544965431094171 25.87746699154377 13.924214944243429 20.304569587111473 54.904334530234337 156.24233847856522 31.277467712759972 204.42943055927753 15.596733152866362 18.684953510761261 10.976445063948633 18.029775694012642 9.8578445017337781 32.597743853926659 13.186894372105597 9.3526657819747907
leaf_count=87 67 98 54 58 61 68 86 69 86 61 45 52 71 57 85 59 93 56 62 204 579 121 814 65 69 58 76 52 105 71 43
internal_value=0 -0.00528806 -0.0123652 0.000489326 0.00487918 0.00280412 0.00863744 -0.00656716 0.00372614 0.0042709 -0.00948793 -0.0087511 -0.00447118 0.00317773 0.00367051 -0.0194858 0.0124829 -0.0118433 0.00911371 0.0117776 0.00244259 -0.00475097 0.00343342 -0.0144717 -0.000850915 -0.0217091 -0.0132984 -0.0200671 0.0156875 -0.026591 -0.0214441
internal_weight=907.645 314.779 141.608 173.17 117.644 592.867 93.4472 52.7613 540.106 520.602 24.1969 55.5262 67.4526 32.967 501.651 74.1557 72.9679 34.4857 91.7543 75.2089 409.896 49.2245 360.672 38.1907 38.5669 22.594 40.0712 22.0414 58.4752 34.0845 20.8976
internal_count=3632 1327 637 690 448 2305 342 225 2080 1994 106 242 282 128 1933 355 256 154 334 266 1599 206 1393 175 156 110 182 106 198 173 102
is_linear=0
shrinkage=0.018


Tree=4
num_leaves=38
num_cat=0
split_feature=17 0 18 4 18 0 17 22 18 30 16 17 9 0 14 9 22 22 0 26 28 18 31 0 0 26 22 29 18 5 22 9 4 29 28 29 5
split_gain=40.1286 38.4671 28.7108 23.5328 22.6761 21.5181 20.9507 27.3543 21.2564 19.8546 15.1049 16.1955 14.1951 13.2803 12.2975 28.8644 21.7685 24.3352 16.017 12.4106 11.4378 13.7623 10.8028 10.343 9.26997 9.26881 10.742 10.3724 9.20807 8.09878 6.57385 6.36278 5.28042 3.22772 3.06758 2.21461 1.1484
threshold=0.10794005660365737 0.0029342901179242003 -0.40434250395211219 -0.00021344388621289998 5.2673748173713451 0.0029085864721387004 0.33528179791069085 0.80042035879888218 0.27868561689665566 0.032535493785068349 0.00062769307060790019 0.93735141417153933 -0.00074290553249604983 0.0064897919910228514 -0.13020963331350247 0.00033422097789265003 0.95584468564603797 0.84111284757913851 0.004494751701778551 -0.31578947368421051 0.9638544404550321 0.83023789911271784 0.024156714845429233 0.0022860409326122002 0.004686351301941301 0.10526315789473685 0.95376739836426017 0.68776613206128434 1.9848849613586566 0.00071699768476975905 0.91435896817276985 -0.00057844607037609984 0.0010866009870797503 0.57805022484907298 0.92802103574867822 0.49438425477437836 0.00062350415810079535
decision_type=2 2 2 2 2 2 2 2 2 2 2 2 2 2 2 2 2 2 2 2 2 2 2 2 2 2 2 2 2 2 2 2 2 2 2 2 2
left_child=2 6 -1 20 14 -6 7 -2 36 13 11 28 -11 -7 19 18 17 -17 29 -4 21 -3 -22 -10 30 26 -21 -27 34 -16 -5 -20 -18 35 -8 -26 -9
right_child=1 3 4 24 5 9 10 8 23 12 -12 -13 -14 -15 15 16 32 -19 31 25 22 -23 -24 -25 33 27 -28 -29 -30 -31 -32 -33 -34 -35 -36 -37 -38
leaf_value=-0.020856105072483325 0.010278274867822321 -0.025164943500551182 -0.0046208311217209577 -0.0065778374981340891 0.011085380350391969 -0.010427523883741786 0.011609799941886455 -0.034374315140411768 -0.013734521102476836 -0.0067186833014353095 -0.0080060164036529075 -0.004836190770126367 -0.031271556127709453 0.010983029591538008 -0.0074374689487106691 0.014354054918916906 0.027556636867814576 -0.0024981385907476982 0.011498394744305722 0.012766288497129066 0.011429055091477482 -0.001946455312194673 -0.0095227674971022341 0.0080020913428190295 -0.026672178062208236 -0.0049855347723516122 0.0011119456358453621 0.01334181668507262 0.0031353709223130685 -0.022812150566034924 -0.021603125819654019 -0.0050027777827809719 0.012261043402937943 -0.033652511141451201 0.022056715443638509 -0.013591114479200254 -0.022826773956011744
leaf_weight=16.052554354071617 20.020768165588379 14.171383053064345 23.487404018640518 23.080692961812019 20.786436602473259 20.81324402987957 17.009028866887093 10.034557938575746 16.845836341381077 14.452506914734842 21.016081556677818 20.478883191943169 17.108512684702873 16.815874993801117 31.530424833297729 41.235855013132095 15.194893822073938 83.703420579433441 15.49864409863949 152.55088752508163 20.0277099609375 20.309142827987671 12.935815602540968 11.885702133178709 11.532426819205286 27.997880175709724 31.449367582798004 15.317672476172445 19.973432675004005 17.922335103154182 16.975741103291512 14.281659692525862 16.625484153628349 13.167493507266043 26.549386739730835 9.3480531424283964 9.3285663574933988
leaf_count=78 72 71 98 99 74 92 60 54 77 62 91 86 90 60 136 141 44 343 55 532 71 83 57 44 59 117 124 53 77 88 83 60 58 71 83 43 46
internal_value=-6.435e-07 -0.00519727 0.00275396 -0.0121529 0.003421 -0.00485961 0.00047917 -0.00726943 -0.0146394 -0.00970244 0.00553341 0.00896075 -0.0201983 -0.00078239 0.00495811 0.00199143 0.00647389 0.00305284 -0.00683842 0.00773599 -0.0043927 -0.0116348 0.00311954 -0.00465415 -0.0191562 0.00902683 0.0107915 0.00145712 0.0134514 -0.013116 -0.0130695 0.00350935 0.0197445 -0.0261493 0.0180929 -0.021083 -0.0291677
internal_weight=907.516 314.691 592.825 141.548 576.773 89.9766 173.142 68.1154 48.0947 69.1901 105.027 84.0107 31.561 37.6291 486.796 235.993 156.76 124.939 79.2331 250.803 67.4441 34.4805 32.9635 28.7315 74.1044 227.316 184 43.3156 63.5318 49.4528 40.0564 29.7803 31.8204 34.048 43.5584 20.8805 19.3631
internal_count=3632 1327 2305 637 2227 378 690 293 221 304 397 306 152 152 1849 925 586 484 339 924 282 154 128 121 355 826 656 170 220 224 182 115 102 173 143 102 100
is_linear=0
shrinkage=0.018


Tree=5
num_leaves=32
num_cat=0
split_feature=17 25 23 16 18 18 0 25 17 15 4 14 20 0 29 16 23 17 20 16 15 19 27 27 5 18 0 24 14 5 17
split_gain=38.7314 50.1912 28.1294 29.5149 27.7129 21.8778 20.7654 22.2764 20.6693 30.3145 17.4557 16.3125 15.3312 13.2594 12.053 11.5304 21.3087 16.963 16.7546 22.646 13.4637 11.1988 9.92254 8.38135 8.58547 8.32647 6.82724 6.74671 8.07909 7.92588 3.09115
threshold=0.10794005660365737 0.81056903365604926 0.094580638966349898 0.00086769310588600006 -0.40434250395211219 5.2673748173713451 0.0029085864721387004 0.75045061795944634 0.31713537380444307 0.0026450676480668004 -0.00084302011623284994 -1.3037178411336841 0.90000000000000013 0.0044500221541705015 0.4770849203995613 -0.00021403468095569999 0.1137112752582253 -0.24202719821909421 0.50000000000000011 -0.00062153167212064986 0.0026482516385471001 0.058333333333236058 0.1033537292687326 0.16357346352256885 0.00071279377132439116 1.2674439418098065 0.0026413319459491504 0.019907467027406169 -0.93418709258316823 0.0007108540354248148 0.47303178570058496
decision_type=2 2 2 2 2 2 2 2 2 2 2 2 2 2 2 2 2 2 2 2 2 2 2 2 2 2 2 2 2 2 2
left_child=4 22 3 8 -1 14 -7 -8 13 10 -10 -9 -13 25 27 18 17 -17 19 -16 -20 -4 26 24 -5 -3 -2 -6 -29 -30 -24
right_child=1 2 21 23 5 6 7 11 9 -11 -12 12 -14 -15 15 16 -18 -19 20 -21 -22 -23 30 -25 -26 -27 -28 28 29 -31 -32
leaf_value=-0.020499898585104509 -0.0027701536023158678 -0.017981390566256413 0.02134614569394706 -0.0011238197598161289 0.01961666361268339 0.010888383118747387 0.0059465196128203465 -0.00032382703769517885 0.023756722051219155 -0.020949959728795896 0.0036526904555915685 -0.031780773349621518 -0.0056336181968768273 0.0082107788981900728 -0.0065532771870889447 -0.0058178866689894103 0.020505251457655575 0.0051225355057170621 0.014853753397018984 0.018342760350343854 0.002038224578877445 0.0012341412497024642 -0.03251328500299034 -0.026454006217229074 -0.022849085953008798 0.000350191593456245 -0.020755486157654258 0.015702439997373467 0.013170863194362262 -0.0020603173637247139 -0.020089318781468891
leaf_weight=16.040231540799141 14.284186810255052 35.683157250285149 21.231968685984612 14.65697365999222 21.2069191634655 20.784319743514061 20.747950568795204 14.863320365548132 16.69664953649044 14.180281326174734 86.476391509175301 22.292531877756119 11.260274469852446 10.566229581832884 49.954736575484276 108.93365176022053 15.729350209236143 78.989058047533035 81.143238455057144 15.340406224131582 40.304912567138672 16.000641450285912 16.713721871376038 18.766888216137886 10.054230093955992 9.9689954370260221 13.811480924487112 27.624438479542732 17.014963179826736 30.461357042193413 15.474627733230589
leaf_count=78 59 169 67 60 68 74 78 60 51 69 333 118 48 39 212 460 50 300 276 50 157 63 89 96 50 40 67 93 59 124 75
internal_value=-1.49627e-06 -0.00510806 -0.00159117 -0.00408196 0.00270483 0.00336014 -0.00477448 -0.00953362 -0.0007384 0.00354391 0.00696205 -0.0162209 -0.0231501 -0.00971108 0.00487006 0.00345035 0.000472843 -0.00120455 0.00668003 -0.000634324 0.0106306 0.0128149 -0.0198571 -0.0173197 -0.0101563 -0.0139314 -0.0117704 0.0105827 0.00796184 0.00336596 -0.0267448
internal_weight=907.258 314.566 254.282 217.05 592.692 576.651 89.9484 69.1641 173.572 117.353 103.173 48.4161 33.5528 56.2184 486.703 390.395 203.652 187.923 186.743 65.2951 121.448 37.2326 60.284 43.4781 24.7112 45.6522 28.0957 96.3077 75.1008 47.4763 32.1883
internal_count=3632 1327 1037 907 2305 2227 378 304 701 453 384 226 166 248 1849 1505 810 760 695 262 433 130 290 206 110 209 126 344 276 183 164
is_linear=0
shrinkage=0.018


Tree=6
num_leaves=35
num_cat=0
split_feature=17 25 1 18 18 22 5 30 20 17 27 17 29 10 28 8 13 22 31 18 22 22 27 17 30 28 10 17 17 15 15 17 27 8
split_gain=37.3803 48.4796 28.9473 26.755 21.1099 20.1849 17.2629 16.5815 16.2502 18.6631 15.6951 13.5385 11.6314 11.1332 20.4724 17.5644 15.3782 17.3899 11.1115 10.5818 10.1767 11.2428 9.59686 9.46413 9.18115 7.9742 6.77258 6.56712 10.4753 17.0501 6.51944 2.98806 2.94772 1.27542
threshold=0.10794005660365737 0.81056903365604926 1.0000000180025095e-35 -0.40434250395211219 5.2673748173713451 0.94232686577859481 0.00081223957688036864 0.10573121273602816 0.75000000000000011 0.29848973296196396 0.21281580351020926 0.23837826541385373 0.4770849203995613 0.00020743223123600001 1.2176273677686746 0.00055275540158085011 1.0000000180025095e-35 0.93695320474788246 0.062757737171177788 0.30416873789948889 0.95029064235579541 0.85243849458481091 0.1033537292687326 0.42757703524183593 0.25592447317575612 0.90591245860142633 -0.00045846675413554994 -1.0078322731366545 -0.60238189834065714 0.0026474590552483007 0.0026320856130660508 0.47303178570058496 0.085654991873424263 -0.00022803038114574997
decision_type=2 2 2 2 2 2 2 2 2 2 2 2 2 2 2 2 2 2 2 2 2 2 2 2 2 2 2 2 2 2 2 2 2 2
left_child=3 22 5 -1 12 8 10 20 25 -10 11 -4 27 16 15 -15 19 -18 -13 -14 21 -6 30 -11 33 -3 -7 -5 -29 -30 -2 -24 -27 -9
right_child=1 2 6 4 7 26 -8 24 9 23 -12 18 13 14 -16 -17 17 -19 -20 -21 -22 -23 31 -25 -26 32 -28 28 29 -31 -32 -33 -34 -35
leaf_value=-0.020153773978151452 -0.0048214854265927892 0.0040394557120562542 -0.016525659861717158 -0.0002706852930948682 -0.005756640286669776 -0.0033200542125596073 -0.024102180203422245 -0.016907920595613031 -0.014420643171799192 0.018680269205791373 -0.025656157280502804 -0.0036105160433152757 -0.0015458803329324643 -0.0036571998234902012 -0.018531852687997803 0.0087114734926203516 0.0082241538934005199 -0.012549441086371578 0.01304993569001044 0.010551945688066295 -0.013479947949540844 0.012004522104719495 -0.031983832967421577 -0.00037053419039739777 -0.00063369330247767903 0.021196224484268278 -0.022985893974384188 0.022374316281109766 0.013567021629334843 -0.009532446511056206 -0.023141752709176722 -0.019748920890286223 0.011222822253799541 -0.027679343466326341
leaf_weight=16.024738550186157 18.027349799871448 25.241329208016396 16.804405108094215 15.238718122243879 19.337900951504707 14.466358885169031 19.344934955239296 11.018442228436472 20.375957876443863 13.820618122816084 10.584214821457861 40.191703096032143 27.460199967026711 80.440150588750839 17.387466698884964 68.70650215446949 24.904141411185265 26.985113516449928 18.897232234477997 144.46374091506004 12.542885512113569 27.77256090939045 16.687280938029289 20.683452755212784 9.5841963738203031 24.635489001870155 9.692136347293852 24.251597702503204 43.473918274044991 13.315582782030104 10.058812901377676 15.460716262459753 19.44920040667057 9.651695981621744
leaf_count=78 76 97 79 61 82 60 97 52 94 45 54 167 111 333 82 251 91 121 66 516 57 98 89 83 39 78 48 75 150 58 50 75 69 50
internal_value=-1.60097e-06 -0.00501973 -0.00156311 0.00265714 0.00330092 0.00355308 -0.00875643 -0.00469139 0.0064962 -0.000776705 -0.00525665 -0.0023312 0.0047841 0.00338926 -0.000119354 0.00202555 0.00601033 -0.00253235 0.00169164 0.00860429 0.000777761 0.00466166 -0.0195218 0.00723019 -0.0155145 0.0122817 -0.011414 0.0103971 0.0124331 0.00809257 -0.0115664 -0.0263024 0.0169102 -0.0222304
internal_weight=906.981 314.421 254.187 592.56 576.535 148.365 105.822 89.9077 124.206 54.88 86.4776 75.8933 486.627 390.347 166.534 149.147 223.813 51.8893 59.0889 171.924 59.6533 47.1105 60.2342 34.5041 30.2543 69.326 24.1585 96.2798 81.0411 56.7895 28.0862 32.148 44.0847 20.6701
internal_count=3632 1327 1037 2305 2227 574 463 378 466 222 366 312 1849 1505 666 584 839 212 233 627 237 180 290 128 141 244 108 344 283 208 126 164 147 102
is_linear=0
shrinkage=0.018


Tree=7
num_leaves=32
num_cat=0
split_feature=17 25 23 16 18 18 0 25 17 15 14 20 14 0 14 24 24 30 10 15 11 19 28 13 0 0 18 0 31 17 29
split_gain=36.0731 46.8375 26.5832 27.93 25.831 20.3755 19.8208 21.2388 19.4137 29.0352 15.7155 14.6341 14.6226 12.7267 11.2512 25.4527 19.0668 17.5779 12.6621 12.4136 12.8093 10.718 8.90663 10.3057 9.70399 8.2058 7.94306 6.04043 6.20459 3.98362 5.43359
threshold=0.10794005660365737 0.81056903365604926 0.094580638966349898 0.00086769310588600006 -0.40434250395211219 5.2673748173713451 0.0029085864721387004 0.75045061795944634 0.31713537380444307 0.0026450676480668004 -1.3037178411336841 0.90000000000000013 -1.5219452559858166 0.0044500221541705015 -0.13020963331350247 0.018092449343952873 0.16341316601446093 0.1273683758618826 -0.0012965668789203498 0.0026039511822529503 1.0000000180025095e-35 0.058333333333236058 0.84360816811555106 1.0000000180025095e-35 0.0029839729169029504 0.0025565880350337505 1.2674439418098065 0.0053075089037488508 0.01085409101173593 0.47303178570058496 0.5729949477081252
decision_type=2 2 2 2 2 2 2 2 2 2 2 2 2 2 2 2 2 2 2 2 2 2 2 2 2 2 2 2 2 2 2
left_child=4 25 3 8 -1 14 -7 -8 13 12 -9 -12 -10 26 18 -16 17 -17 19 -6 -21 -4 24 -24 -20 -2 -3 28 -5 -27 -31
right_child=1 2 21 27 5 6 7 10 9 -11 11 -13 -14 -15 15 16 -18 -19 22 20 -22 -23 23 -25 -26 29 -28 -29 -30 30 -32
leaf_value=-0.01981722283799817 -0.0085979840634397391 -0.017504726230970602 0.020821105542482267 -0.018632956712586583 -0.013086028916902213 0.010690730458243057 0.005846063142769334 -0.00019994022694605268 0.019118626511904064 -0.020542859587652063 -0.031061894013232616 -0.0054951851457861363 0.0030144092899210451 0.0081479465181868126 0.018508488314475716 -0.0049282433747329388 0.020072284258834134 0.0072821443850990351 0.024551639574997015 -0.0026329998451245611 0.010020598821109269 0.0011393213136149933 0.01074868097286333 -0.0055503875999996276 0.0068315975529808729 -0.030295201099571189 0.00039741119146512351 -0.027981716283438044 -0.0018677928916926573 -0.025714587721781729 -0.0079634799375266265
leaf_weight=16.006251633167267 17.796655237674713 35.646662399172783 21.216073915362358 19.74594967067242 13.301530078053473 20.777822345495224 20.745422810316086 14.860668301582335 23.857180088758469 14.16355913877487 22.237364247441292 11.255897134542463 79.28261336684227 10.565093159675596 26.276032105088234 144.09297563135624 13.825356453657148 51.700889632105827 27.301533624529839 41.3710647970438 67.782527342438698 15.998339831829069 69.093051373958588 15.021197468042372 16.781309694051743 17.966401219367981 9.9670253098010999 11.83335469663143 11.817822411656378 13.931222438812258 10.476801887154577
leaf_count=78 78 169 67 95 60 74 78 60 77 69 118 48 307 39 85 604 44 192 82 169 243 63 245 63 62 95 40 62 49 71 46
internal_value=-2.77103e-06 -0.00493389 -0.00153642 -0.00395932 0.00260905 0.00324147 -0.00461175 -0.00926531 -0.000707236 0.00344294 -0.0158023 -0.0226129 0.00678796 -0.00940699 0.00469867 0.00186 -0.000225779 -0.00168711 0.00735674 0.00318072 0.00520294 0.0124708 0.0113163 0.00780124 0.0179131 -0.0191967 -0.0135455 -0.0168504 -0.0124796 -0.0235385 -0.0183003
internal_weight=906.696 314.265 254.094 216.879 592.431 576.425 89.8772 69.0994 173.482 117.303 48.3539 33.4933 103.14 56.1788 486.547 235.895 209.619 195.794 250.652 122.455 109.154 37.2144 128.197 84.1142 44.0828 60.1711 45.6137 43.3971 31.5638 42.3744 24.408
internal_count=3632 1327 1037 907 2305 2227 378 304 701 453 226 166 384 248 1849 925 840 796 924 472 412 130 452 308 144 290 209 206 144 212 117
is_linear=0
shrinkage=0.018


Tree=8
num_leaves=28
num_cat=0
split_feature=17 0 4 17 23 24 16 17 1 17 7 26 0 0 28 23 5 9 16 23 2 5 28 17 23 31 28
split_gain=34.8181 34.7904 20.8507 18.6284 26.2334 15.3203 13.9526 15.4978 13.5881 13.4883 13.331 12.2637 14.1723 11.7973 10.2059 8.35758 8.03929 9.20129 25.9463 23.0362 7.93847 7.53375 7.16034 6.5878 4.75847 2.69416 2.42052
threshold=0.10794005660365737 0.0029342901179242003 -0.00082214270432864986 0.33528179791069085 0.094580638966349898 0.026280490134448473 0.00062769307060790019 0.93735141417153933 1.0000000180025095e-35 -1.9006918481664079 0.00028043429461060005 0.4210526315789474 0.0099343371939758004 0.0054272329494530506 0.9638544404550321 0.027838082718664493 0.0013663222418090937 0.00033422097789265003 -0.00021403468095569999 0.022190158724366912 1.0000000180025095e-35 0.00038390782230093747 1.0267661668150256 0.17909398783343433 0.049657495460081698 0.051713311057351954 0.92802103574867822
decision_type=2 2 2 2 2 2 2 2 2 2 2 2 2 2 2 2 2 2 2 2 2 2 2 2 2 2 2
left_child=9 3 14 4 8 -4 7 21 23 10 15 12 16 20 -3 -1 17 18 -11 -19 22 -5 -7 -2 -10 -15 -23
right_child=1 2 5 6 -6 13 -8 -9 24 11 -12 -13 -14 25 -16 -17 -18 19 -20 -21 -22 26 -24 -25 -26 -27 -28
leaf_value=-0.0086794302048269663 0.0055205224129903181 -0.011033654665012526 -0.031719380158141026 0.0015752696454417016 0.014131447839039272 -0.019123043614475959 -0.0076995118902266919 -0.004884119010357478 -0.015609930535716415 0.0054468051286024098 -0.020940870383668618 -0.010511766047660527 0.019206564896048866 -0.028650176907652626 0.0066787128040638136 0.0080252137900249099 -0.0074141880863092232 0.018021209644553199 -0.005999941495869212 0.0032553401195023774 0.003580007037058124 0.011783239221579702 -0.0041745744545095935 -0.011503313745760226 -0.033176917192582346 -0.015530487700989191 0.020436784251263881
leaf_weight=19.848679661750793 12.057014316320421 18.330376744270325 16.841196954250336 14.871417686343191 14.929349109530447 21.799367770552635 20.998021945357323 20.470629647374153 13.607313916087152 206.67495521903038 14.160191133618353 19.495674028992653 18.924888029694557 13.848602399230005 24.298022091388702 18.661801442503929 21.187806591391563 46.134635508060455 92.706562802195549 134.44482246041298 13.919807091355322 23.047572299838066 20.966870278120041 17.948368951678276 9.4490319788455945 11.134382724761961 25.548615038394928
leaf_count=87 46 82 90 58 51 105 91 86 64 778 69 86 61 73 91 69 91 151 394 519 54 81 89 81 51 53 81
internal_value=-3.03043e-06 -0.00484946 -0.0114766 0.00054908 -0.00676429 -0.0160236 0.0053162 0.00861225 -0.0127175 0.00256306 -0.00610133 0.00341531 0.00394545 -0.0127017 -0.00088654 -0.000514955 0.00335819 0.00384153 0.00189196 0.00705451 -0.00804987 0.013009 -0.0118974 -0.00457968 -0.0230936 -0.023038 0.016437
internal_weight=906.306 314.066 141.139 172.927 67.9911 98.5102 104.936 83.9382 53.0617 592.24 52.6707 539.569 520.074 81.669 42.6284 38.5105 501.149 479.961 299.382 180.579 56.686 63.4676 42.7662 30.0054 23.0563 24.983 48.5962
internal_count=3632 1327 637 690 293 464 397 306 242 2305 225 2080 1994 374 173 156 1933 1842 1172 670 248 220 194 127 115 126 162
is_linear=0
shrinkage=0.018


Tree=9
num_leaves=38
num_cat=0
split_feature=17 25 1 18 24 18 0 25 0 17 20 9 9 28 26 5 25 21 23 25 26 13 21 5 27 5 4 18 20 4 17 28 0 5 7 17 20
split_gain=33.6061 44.7821 26.7901 24.9351 21.1872 19.2428 19.0611 20.4558 17.0148 17.006 18.1286 13.7039 13.1868 10.792 10.7904 17.5496 15.9026 12.3356 12.3327 12.0666 11.7163 11.6214 10.0341 9.84358 9.02503 8.03807 10.254 8.0378 8.01678 13.7784 7.30162 6.6028 6.21841 5.91558 4.98469 2.87576 1.41098
threshold=0.10794005660365737 0.81056903365604926 1.0000000180025095e-35 -0.40434250395211219 0.038114383008400872 5.2673748173713451 0.0029085864721387004 0.75045061795944634 0.0025964490555531006 0.3090440851119034 0.75000000000000011 -9.0477228095540971e-05 -0.00061780148920674994 1.0267661668150256 0.10526315789473685 0.00043313900586039531 0.90456110732499828 0.050675960178447124 0.012552697566672098 0.78791675651279647 -0.2105263157894737 1.0000000180025095e-35 0.05061448169199486 0.00090833837125914915 0.1033537292687326 0.00088969919657481608 -0.00019762684229359997 8.9497611656518234 0.50000000000000011 0.00014511390006455004 0.64211523709542451 0.92144789711334429 0.0026413319459491504 0.00069809930674699888 -4.3282607133810332e-05 0.47303178570058496 0.75000000000000011
decision_type=2 2 2 2 2 2 2 2 2 2 2 2 2 2 2 2 2 2 2 2 2 2 2 2 2 2 2 2 2 2 2 2 2 2 2 2 2
left_child=3 24 4 -1 11 14 -7 -8 28 10 -6 34 27 33 15 -5 19 20 -19 -16 -17 23 -21 -18 32 26 -11 -9 -4 -30 -15 -23 -2 -10 -3 -26 -14
right_child=1 2 8 5 9 6 7 12 13 25 -12 -13 36 30 16 17 21 18 -20 22 -22 31 -24 -25 35 -27 -28 -29 29 -31 -32 -33 -34 -35 -36 -37 -38
leaf_value=-0.01952943395013762 -0.0024204306258162516 0.0057177389751823602 0.0060727013564184805 -0.0085791292082672919 0.0094567647377757722 0.010510331022906392 0.0057640687766495682 -0.016003089522698234 -0.01487564427019358 0.022734742882006758 -0.014170088326615343 -0.023230313104850835 -0.028908746534846305 0.00092463374871672947 -0.0063000465787641955 0.00069995659866244173 -0.013820484748468665 0.02113380383054864 0.00035279808773701555 0 0.012519742494480145 0.012926035618226294 0.013999857956065734 0.0051404981238709147 -0.03090788632618072 0.00098558010860404894 0.0060412330679790851 0.0047634584927062793 0.0057876448644000756 -0.018996655633898258 -0.018259025266121172 -0.0045439225715703654 -0.019605425224000293 -0.03289684903485704 -0.0099002921275591384 -0.018896666941489983 -0.018348163324195647
leaf_weight=15.987610533833502 14.275454804301264 16.382320314645767 25.239926308393478 22.690188437700272 22.820909515023232 20.770945072174072 20.740565448999405 11.953124716877937 13.216209441423418 32.566973581910133 19.223434150218964 12.467265531420706 14.229553654789926 14.62144309282303 20.0836521089077 33.487105548381805 41.9406917989254 10.224729746580122 88.416222229599953 25.02506810426712 156.54373793303967 14.362080156803133 49.513133004307747 10.917940109968184 16.597130253911018 14.099173650145529 19.783649981021881 11.665196016430855 12.993255078792574 15.840725407004355 10.966982349753378 13.148442074656485 13.765314266085623 12.735002309083937 10.865181580185892 15.403366953134535 10.44199727475643
leaf_count=78 59 62 95 98 83 74 78 56 62 100 89 62 75 59 85 132 190 32 350 100 546 50 170 41 89 56 74 45 49 76 53 55 67 69 48 75 50
internal_value=-3.52013e-06 -0.00476683 -0.00144422 0.00251727 0.00347844 0.00313865 -0.00449625 -0.00906369 -0.00837293 0.00760636 -0.00129384 -0.00771682 -0.0154861 -0.015762 0.00455488 0.0065656 0.000959214 0.0077692 0.00256302 0.00596865 0.0104533 -0.0049052 0.00931651 -0.0098497 -0.0187296 0.0132685 0.0165129 -0.00566747 -0.00125621 -0.00776297 -0.00725091 0.00449943 -0.0110118 -0.0239608 -0.000431646 -0.0253254 -0.0246857
internal_weight=906.006 313.864 253.822 592.142 148.209 576.154 89.8014 69.0304 105.614 108.494 42.0443 39.7148 48.2899 51.5396 486.353 311.362 174.991 288.672 98.641 94.6219 190.031 80.3692 74.5382 52.8586 60.0413 66.4498 52.3506 23.6183 54.0739 28.834 25.5884 27.5105 28.0408 25.9512 27.2475 32.0005 24.6716
internal_count=3632 1327 1037 2305 574 2227 378 304 463 402 172 172 226 243 1849 1158 691 1060 382 355 678 336 270 231 290 230 174 101 220 125 112 105 126 131 110 164 125
is_linear=0
shrinkage=0.018


Tree=10
num_leaves=32
num_cat=0
split_feature=17 0 18 4 18 0 17 23 18 30 16 17 9 0 19 24 13 14 20 22 28 18 0 31 7 18 5 26 3 28 3
split_gain=32.4412 32.7814 24.0821 19.6708 18.5673 18.4006 17.5602 25.0249 21.3281 17.2921 13.233 14.8218 12.7035 12.1653 10.6144 10.8325 25.9562 18.3468 20.673 16.9838 10.4706 12.4814 10.3274 9.57467 9.0825 8.88121 7.58488 10.6676 3.11929 2.73636 1.49633
threshold=0.10794005660365737 0.0029342901179242003 -0.40434250395211219 -0.00021344388621289998 5.2673748173713451 0.0029085864721387004 0.33528179791069085 0.094580638966349898 0.27868561689665566 0.032535493785068349 0.00062769307060790019 0.93735141417153933 -0.00074290553249604983 0.0064897919910228514 0.25833333333290281 0.017724287390219123 1.0000000180025095e-35 -0.45007630767383061 0.50000000000000011 0.84356121498744474 0.9638544404550321 0.83023789911271784 0.0022860409326122002 0.024156714845429233 0.00063471873800440015 1.9848849613586566 0.0007239840042590444 0.10526315789473685 -8.9119228165147703e-05 0.92802103574867822 0.00014419630776610004
decision_type=2 2 2 2 2 2 2 2 2 2 2 2 2 2 2 2 2 2 2 2 2 2 2 2 2 2 2 2 2 2 2
left_child=2 6 -1 20 14 -6 7 8 28 13 11 25 -11 -7 15 16 -4 18 -17 -19 21 -3 -10 -22 26 29 27 -5 -2 -8 -28
right_child=1 3 4 24 5 9 10 -9 22 12 -12 -13 -14 -15 -16 17 -18 19 -20 -21 23 -23 -24 -25 -26 -27 30 -29 -30 -31 -32
leaf_value=-0.01920958251408747 -0.017776168630652185 -0.023884530805223791 0.023036986092028675 -0.0020758364611306694 0.010325254388273355 -0.0098292138700827123 0.011112677543596506 0.013861564688324144 -0.011912133561081034 -0.0059908532641048942 -0.0074919403476565762 -0.0048016330377671172 -0.029278381445110458 0.010675227891531483 -0.010805280487287384 -0.0011552118565014938 -0.0045098283776748441 0.0082451475658562277 0.012110851533409793 -0.0023092762483197036 0.010996031907960748 -0.0017348483301144531 0.0088292492434509443 -0.0087449845741978342 -0.0049311024980117114 0.0025690678287159712 -0.020606814392974241 -0.024690297307359877 -0.032804169911738651 0.021021969544851429 -0.030661127448775503
leaf_weight=15.963955461978911 10.424211755394937 14.11442258954048 30.456969127058983 13.670846715569498 20.765416264533997 20.786229744553566 16.989460408687592 14.918790459632872 17.360938519239429 14.426448404788973 20.988549664616585 20.463798046112061 16.96323162317276 16.801583126187325 14.054929837584494 53.022837772965431 17.078191518783569 69.209506198763847 131.36302101612091 171.07777051627636 19.988314792513847 20.276918694376945 13.74209390580654 12.903590410947798 15.31006860733032 19.947120830416679 11.642100736498834 13.850684016942976 11.457440942525862 26.472864121198654 19.105393052101135
leaf_count=78 50 71 93 57 74 92 60 51 79 62 91 86 90 60 62 213 71 253 458 699 71 83 51 57 66 77 58 71 62 83 103
internal_value=-4.00922e-06 -0.00468622 0.00247264 -0.011127 0.00308309 -0.00441904 0.000554678 -0.00655074 -0.0123719 -0.00890959 0.0051843 0.00839626 -0.0187406 -0.000586273 0.00447415 0.00493793 0.0131004 0.00401361 0.00828353 0.000722713 -0.00402692 -0.0109676 -0.00266329 0.00316532 -0.0175615 0.0126993 -0.0208128 -0.0136267 -0.0259373 0.0172619 -0.0270601
internal_weight=905.598 313.628 591.97 140.862 576.006 89.7429 172.765 67.9035 52.9847 68.9775 104.862 83.8732 31.3897 37.5878 486.263 472.208 47.5352 424.673 184.386 240.287 67.2832 34.3913 31.103 32.8919 73.5791 63.4094 58.269 27.5215 21.8817 43.4623 30.7475
internal_count=3632 1327 2305 637 2227 378 690 293 242 304 397 306 152 152 1849 1787 164 1623 671 952 282 154 130 128 355 220 289 128 112 143 161
is_linear=0
shrinkage=0.018


Tree=11
num_leaves=32
num_cat=0
split_feature=17 25 1 24 5 23 17 9 17 7 26 22 16 8 14 9 19 26 31 7 15 23 16 27 17 16 31 8 7 5 22
split_gain=31.3898 49.3564 25.3733 19.2322 18.144 17.8182 15.7448 14.9845 12.0129 12.7513 12.3118 11.7591 10.3593 10.7408 13.5126 27.7911 15.8983 8.66056 8.29696 8.78832 8.26166 8.0355 6.78503 6.76723 6.73684 15.6185 6.45148 6.28161 4.13656 2.17515 0.129142
threshold=0.13416977922481438 0.81056903365604926 1.0000000180025095e-35 0.038114383008400872 0.00054788091691097406 0.08760132574762329 0.3090440851119034 -9.0477228095540971e-05 -1.9006918481664079 0.00028043429461060005 0.4210526315789474 0.94658552862618706 -0.0040342709910974493 -0.00051678958328809992 -0.45007630767383061 0.00022726287776300003 0.091666666666513866 0.10526315789473685 0.0036997398508825611 -0.0008978536446094498 0.0026385663342550505 0.027838082718664493 -0.00063102249875729986 0.085654991873424263 0.57261149989388871 0.00071257167201905006 0.24454368669792595 -0.00047085975432399992 -5.4317061805668583e-05 0.00059773727601274932 0.90531496700671499
decision_type=2 2 2 2 2 2 2 2 2 2 2 2 2 2 2 2 2 2 2 2 2 2 2 2 2 2 2 2 2 2 2
left_child=8 27 3 7 11 24 23 28 9 21 12 17 -10 18 16 -16 -15 -4 19 -14 22 -1 -8 -5 25 -6 -20 -2 -3 -29 -31
right_child=1 2 4 6 5 -7 20 -9 10 -11 -12 -13 13 14 15 -17 -18 -19 26 -21 -22 -23 -24 -25 -26 -27 -28 29 -30 30 -32
leaf_value=-0.0083979073702521549 -0.011772224688197481 0.0066242889341072576 0.0030294846579636018 0.006914898295961861 0.0011740996266365444 0.0070547730014148807 0.023332141967523493 -0.024201312084626683 0.019556604361290048 -0.020381869945883001 -0.01070314868545859 0.016555492680343811 0.0057630208528161274 0.013994465947972278 -0.0075733813651766594 0.0059832677823253794 0.00073466958085494939 -0.016263438042561584 0.0069023185567054926 -0.0082897130521375918 0.00021300966798776903 0.0079931635144666023 0.010053082093216459 -0.0086605620679344394 -0.0273773657750533 -0.02444519037586183 -0.0071684347667530244 -0.018218830351211943 -0.0078545256894378412 -0.024195526445150849 -0.031889746753176136
leaf_weight=19.820387065410614 21.397097870707512 14.687022611498833 18.221038505434993 15.997216686606405 13.320901021361353 10.170082628726957 24.026997789740562 11.511276826262472 12.868363216519354 14.122506111860273 19.856255874037743 11.345971137285231 18.654233738780022 86.578668922185898 66.71754589676857 182.25036731362343 44.935262486338615 12.462754756212233 49.182096794247627 59.598222225904465 13.510022103786467 18.643933102488518 28.840138599276543 20.189670220017433 19.043998688459396 17.504693597555161 13.129228860139845 14.31503304839134 11.056802019476891 9.9603997468948382 11.200698047876356
leaf_count=87 98 55 71 60 53 38 73 58 41 69 88 38 70 296 288 684 177 59 183 257 54 69 103 89 99 90 56 69 48 51 61
internal_value=-4.89172e-06 -0.00478193 -0.00121793 0.00374866 -0.0080433 -0.0143834 0.00778233 -0.0072706 0.00234498 -0.00584766 0.00312921 0.000968462 0.00365156 0.00324805 0.00481957 0.00233719 0.00949041 -0.0047601 -0.000987194 -0.00490069 0.0129849 -0.000382927 0.016188 -0.00170066 -0.0188174 -0.0133349 0.00388424 -0.0198496 0.000291985 -0.0245756 -0.0285906
internal_weight=905.119 298.762 241.889 139.819 102.069 60.0397 102.564 37.2551 606.357 52.5868 553.77 42.0298 533.914 521.046 380.482 248.968 131.514 30.6838 140.564 78.2525 66.3772 38.4643 52.8671 36.1869 49.8696 30.8256 62.3113 56.8732 25.7438 35.4761 21.1611
internal_count=3632 1267 988 540 448 280 379 161 2365 225 2140 168 2052 2011 1445 972 473 130 566 327 230 156 176 149 242 143 239 279 103 181 112
is_linear=0
shrinkage=0.018


Tree=12
num_leaves=40
num_cat=0
split_feature=17 25 1 18 24 5 23 18 0 25 17 14 9 20 20 22 14 9 24 23 30 26 29 22 30 9 29 29 13 18 8 5 29 0 8 0 5 22 22
split_gain=30.3009 47.7315 24.4938 21.3116 18.5658 17.5384 17.2332 16.9735 17.7209 19.1379 15.2023 14.7106 14.4821 14.155 12.6796 11.3458 10.9136 25.765 21.4563 16.9993 15.0368 14.675 15.5035 14.1658 12.7005 10.4471 10.3158 8.40184 8.31775 7.76975 9.81905 7.50978 7.15309 6.96612 6.09668 4.35893 2.12034 0.675987 0.124531
threshold=0.13416977922481438 0.81056903365604926 1.0000000180025095e-35 -0.40434250395211219 0.038114383008400872 0.00054788091691097406 0.08760132574762329 5.2673748173713451 0.0029085864721387004 0.75045061795944634 0.3090440851119034 -1.3037178411336841 -9.0477228095540971e-05 0.90000000000000013 0.75000000000000011 0.94658552862618706 -0.13020963331350247 0.00033422097789265003 0.019570705168616916 0.094580638966349898 0.064665031721714436 -0.2105263157894737 0.4770849203995613 0.92109194062834465 0.15649086488234579 -0.00057844607037609984 0.76268260857840742 0.62532001516168068 1.0000000180025095e-35 1.3989416686360243 7.6402087941822232e-05 0.00088969919657481608 0.75104613619382932 0.0019275246134805503 -0.00047085975432399992 0.0032284922026923004 0.00059773727601274932 0.92478252824371621 0.90531496700671499
decision_type=2 2 2 2 2 2 2 2 2 2 2 2 2 2 2 2 2 2 2 2 2 2 2 2 2 2 2 2 2 2 2 2 2 2 2 2 2 2 2
left_child=3 34 4 -1 12 15 29 16 -9 -10 14 -11 35 -13 -6 27 21 20 -19 -20 32 22 -5 -24 26 -22 -23 -4 -26 30 -7 33 -18 -12 -2 -3 -36 -31 -38
right_child=1 2 5 7 10 6 -8 8 9 11 31 13 -14 -15 -16 -17 17 18 19 -21 25 24 23 -25 28 -27 -28 -29 -30 37 -32 -33 -34 -35 36 -37 38 -39 -40
leaf_value=-0.017196856057722861 -0.011571427736894076 0.0068731325055955052 -0.014936864595766337 0.013966867953544031 0.0083282342929566454 -0.0010366460215021195 0.0069292945456120025 0.010168685374252572 0.0056252592863021223 0 0.0057797656884646907 -0.029902451095415471 -0.023804548710771988 -0.0047263397855112103 -0.012901560042617072 0.016263632747730239 -0.0090306442381291492 0.021557987341986464 6.5053714739224961e-05 0.017414431011377303 0.015380404963325246 0.0089101297554246128 -0.00037431634088846109 -0.023912001389337641 -0.009167076617352261 -0.006080875195770075 0.020811573894723507 0.0038093633297246209 0.0095619574570268359 -0.022483210433470364 -0.022078601791989411 0.00088362881024708711 -0.025986568564928581 0.020325087500448237 -0.017916074600498679 -0.007963391615612981 -0.023821552524594621 -0.032088455662517119 -0.03143762685411064
leaf_weight=17.445253595709801 21.379330173134804 14.506800532341005 13.97574205696583 15.286380156874655 19.035942450165749 13.830364674329759 10.170581817626951 20.756478190422058 20.729922771453857 14.848892375826834 16.170757472515106 22.082738593220711 11.495127916336058 11.231004387140272 17.14450067281723 11.344392418861387 43.111755609512329 23.369225561618805 113.65438541769981 21.733166977763176 13.239068076014521 141.53566531836987 29.129937052726746 11.56618896126747 18.552057072520256 15.954180076718329 28.949161008000374 16.696762576699257 12.827578857541086 11.243377909064295 15.504442840814589 14.091397821903227 10.232162192463873 36.070421189069748 14.297602385282515 11.235302835702894 9.9372282326221484 9.2013903111219388 11.159791052341459
leaf_count=84 98 54 65 52 70 57 38 74 78 60 60 118 58 48 79 38 189 72 453 71 45 511 116 57 80 68 91 65 46 57 78 56 52 114 69 49 51 50 61
internal_value=-5.15058e-06 -0.00470133 -0.0011965 0.00230324 0.0036835 -0.00790677 -0.014147 0.00288982 -0.00430149 -0.0087129 0.0076479 -0.0149385 -0.00714507 -0.0215548 -0.00166915 0.000951498 0.00418774 0.00142077 0.00566945 0.00288618 -0.00671418 0.00676429 -0.00134538 -0.00719328 0.00902601 0.00358862 0.0109634 -0.00467577 -0.0014162 -0.0185151 -0.0123054 0.0127627 -0.0123973 0.0159037 -0.0195334 0.00028474 -0.0241975 -0.0271395 -0.0281708
internal_weight=904.726 298.491 241.717 606.235 139.75 101.967 59.9502 588.79 89.649 68.8926 102.513 48.1626 37.2372 33.3137 36.1804 42.0169 499.141 241.294 158.757 135.388 82.5372 257.847 55.9825 40.6961 201.864 29.1932 170.485 30.6725 31.3796 49.7796 29.3348 66.3326 53.3439 52.2412 56.774 25.7421 35.3946 20.4448 21.097
internal_count=3632 1267 988 2365 540 448 280 2281 378 304 379 226 161 166 149 168 1903 950 596 524 354 953 225 173 728 113 602 130 126 242 135 230 241 174 279 103 181 107 112
is_linear=0
shrinkage=0.018


Tree=13
num_leaves=37
num_cat=0
split_feature=14 20 20 30 9 9 25 25 23 0 24 24 21 15 19 19 7 4 28 23 24 29 16 21 4 30 21 18 0 4 14 7 9 10 16 21
split_gain=21.7275 28.8377 27.797 27.5342 23.4043 21.6344 19.8551 18.376 20.3743 17.2191 23.3694 16.1743 15.0099 16.3298 14.8882 13.9878 13.6 12.6867 12.0303 11.2369 15.2618 22.7778 15.8462 10.753 14.6589 12.4214 9.87747 8.94751 6.87421 6.71661 9.01671 6.32356 5.67074 5.11578 3.34489 3.31639
threshold=-0.14679560761793506 0.50000000000000011 0.50000000000000011 0.0037809588495350778 0.00033422097789265003 -0.0015035246445220998 1.0298475864130052 0.8220901986615069 0.10192547579555113 0.0096901453454746028 0.025433059075605075 0.066620168267344224 0.050811364463344444 0.0025916789965421002 0.15833333333306943 0.074999999999874958 0.00014008622790645002 -0.00051147085585529991 1.1053105361990145 0.088552842775491997 0.022537295222317132 0.61272199536086902 0.0021667087241914007 0.050597914257207673 0.00057867252159285009 0.10705457842117193 0.05060286379605531 0.66782651226873047 0.0039389627576521509 9.7873750802656757e-05 0.64030944586494165 4.2843975383567747e-05 -0.00099915308452604959 0.00055651735504285013 0.0005217273802605001 0.05060170051397251
decision_type=2 2 2 2 2 2 2 2 2 2 2 2 2 2 2 2 2 2 2 2 2 2 2 2 2 2 2 2 2 2 2 2 2 2 2 2
left_child=2 19 3 15 23 -5 9 11 14 10 31 -6 13 -12 18 16 32 28 -9 20 21 -2 29 27 25 33 -17 -3 -7 -22 -31 -4 -1 -25 -29 -8
right_child=1 4 6 5 7 17 35 8 -10 -11 12 -13 -14 -15 -16 26 -18 -19 -20 -21 22 -23 -24 24 -26 -27 -28 34 -30 30 -32 -33 -34 -35 -36 -37
leaf_value=-0.0054954594718279182 0.019915391599421382 -0.031450251437838875 -0.0058400592438450855 0.002645909148135883 -0.0018472780207451746 -0.034202588219072773 0.021420196131218372 0.0046389910075792977 0.017772331418049313 0.023714682602200169 -0.010860466151443525 -0.025151271956631586 -0.013301998087092938 0.0078157655590358529 -0.020055380105055923 -0.01690468380762335 0.020880807323820538 -0.0032046217574865209 -0.010192513006961538 0.01382542504022868 -0.012127600520382172 -0.0092177455213849693 -0.01910183737563537 -0.0024720740351068609 -0.022893828620314405 0.014223113970920182 0.0013469713164391932 -0.0086917376144901078 -0.01707970867355969 0.012207873948699344 -0.0014571915590772891 -0.023630810845685329 0.0077325664631992651 -0.017684087060775719 -0.022370732194883631 0.0099603684162113751
leaf_weight=17.042955502867699 26.538723513484001 15.519978061318396 21.168992429971698 21.821692302823067 20.401875704526901 14.630742639303206 26.825221359729767 63.094780072569847 19.643365189433098 13.624475091695784 16.257051944732666 18.679013684391975 13.265959233045576 187.5361717492342 13.004586473107336 15.127305418252943 18.717105552554131 12.532552018761633 24.444219887256622 25.294973433017731 12.140770494937895 12.643601447343825 15.979684755206106 19.466649830341343 16.064214035868645 10.379460036754606 25.192887634038925 17.180162414908413 19.093537718057632 21.124935746192932 58.130138278007507 9.690773740410803 26.354429841041565 11.733023077249525 9.8524333983659726 13.940098553895949
leaf_count=72 85 83 90 85 84 79 84 243 64 41 72 95 60 689 63 71 59 52 109 87 55 56 77 81 81 36 99 76 91 75 238 48 97 56 49 50
internal_value=-5.69002e-06 -0.00292967 0.00265599 -0.00314314 -0.00671907 -0.01201 0.00593578 -0.00240606 0.00106342 0.00409552 0.00299277 -0.013108 0.00508663 0.00630579 -0.00219582 0.0027324 0.00810132 -0.0189683 0.000456329 0.00277675 0.000839222 0.0104466 -0.00265116 -0.0135341 -0.00835352 -0.00260903 -0.00547123 -0.0204347 -0.0247065 0.000222171 0.00216732 -0.0116012 0.00247464 -0.00833611 -0.0138725 0.0176183
internal_weight=904.139 431.317 472.822 170.513 259.464 68.0785 302.309 159.268 120.187 261.543 247.919 39.0809 217.059 203.793 100.544 102.435 62.1145 46.2568 87.539 171.853 146.558 39.1823 107.376 100.196 57.6433 41.5791 40.3202 42.5526 33.7243 91.3958 79.2551 30.8598 43.3974 31.1997 27.0326 40.7653
internal_count=3632 1793 1839 705 1120 307 1134 658 479 1000 959 179 821 761 415 398 228 222 352 673 586 141 445 462 254 173 170 208 170 368 313 138 169 137 125 134
is_linear=0
shrinkage=0.018


end of trees

feature_importances:
Column_17=52
Column_18=42
Column_0=37
Column_24=24
Column_5=23
Column_23=21
Column_9=20
Column_22=20
Column_28=19
Column_14=18
Column_16=18
Column_20=17
Column_25=17
Column_26=17
Column_29=17
Column_4=14
Column_7=12
Column_30=12
Column_27=11
Column_8=10
Column_15=10
Column_31=8
Column_10=7
Column_21=7
Column_1=6
Column_19=6
Column_3=5
Column_13=5
Column_11=2
Column_2=1

parameters:
[boosting: gbdt]
[objective: binary]
[metric: binary_logloss]
[tree_learner: serial]
[device_type: cpu]
[data_sample_strategy: bagging]
[data: ]
[valid: ]
[num_iterations: 700]
[learning_rate: 0.018]
[num_leaves: 50]
[num_threads: 2]
[seed: 2024]
[deterministic: 0]
[force_col_wise: 0]
[force_row_wise: 0]
[histogram_pool_size: -1]
[max_depth: 7]
[min_data_in_leaf: 50]
[min_sum_hessian_in_leaf: 0.001]
[bagging_fraction: 0.8]
[pos_bagging_fraction: 1]
[neg_bagging_fraction: 1]
[bagging_freq: 0]
[bagging_seed: 4542]
[bagging_by_query: 0]
[feature_fraction: 0.8]
[feature_fraction_bynode: 1]
[feature_fraction_seed: 13336]
[extra_trees: 0]
[extra_seed: 29642]
[early_stopping_round: 0]
[early_stopping_min_delta: 0]
[first_metric_only: 0]
[max_delta_step: 0]
[lambda_l1: 0.15]
[lambda_l2: 0.15]
[linear_lambda: 0]
[min_gain_to_split: 0]
[drop_rate: 0.1]
[max_drop: 50]
[skip_drop: 0.5]
[xgboost_dart_mode: 0]
[uniform_drop: 0]
[drop_seed: 2449]
[top_rate: 0.2]
[other_rate: 0.1]
[min_data_per_group: 100]
[max_cat_threshold: 32]
[cat_l2: 10]
[cat_smooth: 10]
[max_cat_to_onehot: 4]
[top_k: 20]
[monotone_constraints: ]
[monotone_constraints_method: basic]
[monotone_penalty: 0]
[feature_contri: ]
[forcedsplits_filename: ]
[refit_decay_rate: 0.9]
[cegb_tradeoff: 1]
[cegb_penalty_split: 0]
[cegb_penalty_feature_lazy: ]
[cegb_penalty_feature_coupled: ]
[path_smooth: 0]
[interaction_constraints: ]
[verbosity: -1]
[saved_feature_importance_type: 0]
[use_quantized_grad: 0]
[num_grad_quant_bins: 4]
[quant_train_renew_leaf: 0]
[stochastic_rounding: 1]
[linear_tree: 0]
[max_bin: 255]
[max_bin_by_feature: ]
[min_data_in_bin: 3]
[bin_construct_sample_cnt: 200000]
[data_random_seed: 6648]
[is_enable_sparse: 1]
[enable_bundle: 1]
[use_missing: 1]
[zero_as_missing: 0]
[feature_pre_filter: 1]
[pre_partition: 0]
[two_round: 0]
[header: 0]
[label_column: ]
[weight_column: ]
[group_column: ]
[ignore_column: ]
[categorical_feature: ]
[forcedbins_filename: ]
[precise_float_parser: 0]
[parser_config_file: ]
[objective_seed: 12337]
[num_class: 1]
[is_unbalance: 0]
[scale_pos_weight: 1]
[sigmoid: 1]
[boost_from_average: 1]
[reg_sqrt: 0]
[alpha: 0.9]
[fair_c: 1]
[poisson_max_delta_step: 0.7]
[tweedie_variance_power: 1.5]
[lambdarank_truncation_level: 30]
[lambdarank_norm: 1]
[label_gain: ]
[lambdarank_position_bias_regularization: 0]
[eval_at: ]
[multi_error_top_k: 1]
[auc_mu_weights: ]
[num_machines: 1]
[local_listen_port: 12400]
[time_out: 120]
[machine_list_filename: ]
[machines: ]
[gpu_platform_id: -1]
[gpu_device_id: -1]
[gpu_use_dp: 0]
[num_gpu: 1]

end of parameters

pandas_categorical:null
