tree
version=v4
num_class=1
num_tree_per_iteration=1
label_index=0
max_feature_idx=29
objective=binary sigmoid:1
feature_names=Column_0 Column_1 Column_2 Column_3 Column_4 Column_5 Column_6 Column_7 Column_8 Column_9 Column_10 Column_11 Column_12 Column_13 Column_14 Column_15 Column_16 Column_17 Column_18 Column_19 Column_20 Column_21 Column_22 Column_23 Column_24 Column_25 Column_26 Column_27 Column_28 Column_29
feature_infos=[6.7224238450181133:89.169692507946209] [-0.30184358296943969:0.26710831205895141] [0.00096214502683590001:0.024984352500764001] [0.0002227929755293:0.0028988743577869] [-0.0073836404681291998:0.0107726616748792] [-0.0123754067034907:0.015375162595494599] [0.00018832685164129999:0.0033985473595455002] [-0.91393096690336117:-0.037727421436100202] [-0.0090713252189746994:0.0128578944484372] [0.4052925532967408:0.56760139865285175] [0.5:0.59988720660655015] [-3:1.5625431666966996] [-0.68679598036801082:10] [0.0098188927587558004:1] [-0.0064835251458213996:0.0051311549347261998] [-0.0062785560635026001:0.0072000752948954997] [0:1] [0.20000000000000001:0.69999999999999996] [0:1] [0.055009161960109798:0.52999999999995007] [0.33106121458620519:0.90000000000000002] [9.2422450650852834:10.5112551429294] [4.8163202830434386:5.93948258208151] [-8.522735675614955:3.6518484892324952] [-0.00089764163764139999:0.00091165037249709997] [-0.0064835251458213996:0.0051311549347261998] [7.3593492785863844e-05:0.0070170796565454004] none [0.0025857303216041999:0.0033167070867462] [0.12897537491960726:0.93433805806339654]
tree_sizes=1180 1501 1295 1395 1195 882 1513 1091 1504 989 1503 1199 1193 1195 887 675 991 1201 675 975 886 786 785 995 1091 680 780 783 886 888 684 1294 1403 1199 782 1099 1191 1306 989 990 890 1093 1300 678 780 1089 1197 1094 987 1088

Tree=0
num_leaves=10
num_cat=0
split_feature=29 6 5 29 2 4 2 9 29
split_gain=13.8855 19.8518 12.3357 12.3762 15.3224 11.3825 11.8294 10.0067 0.943359
threshold=0.3679071538657564 0.0010568206907074502 0.00055891938158715018 0.75421794502618245 0.0066252585142320504 -0.00045239137416279993 0.0028097546331289007 0.4994395182047901 0.30179193327921411
decision_type=2 2 2 2 2 2 2 2 2
left_child=1 8 5 4 -4 6 -2 -7 -1
right_child=2 -3 3 -5 -6 7 -8 -9 -10
leaf_value=0.20252321282532565 0.14323242316046214 -0.010923629968182962 0.088489968045231987 0.18797001899849547 -0.069621511736397829 -0.058186859443888433 0.027466089958707071 0.029732911516294862 0.15449767319678617
leaf_weight=5.497075140476225 6.7464103996753684 5.2472080886363974 18.240294784307487 5.4970751404762259 4.9973410367965689 17.490693628787994 34.73152020573616 15.741624265909193 4.9973410367965698
leaf_count=22 27 21 73 22 20 70 139 63 20
internal_value=0.0461298 0.116128 0.0354779 0.0800233 0.0544875 0.018345 0.0462956 -0.0165407 0.179654
internal_weight=119.187 15.7416 103.445 28.7347 23.2376 74.7102 41.4779 33.2323 10.4944
internal_count=477 63 414 115 93 299 166 133 42
is_linear=0
shrinkage=1


Tree=1
num_leaves=13
num_cat=0
split_feature=20 9 28 26 6 2 2 28 1 26 8 0
split_gain=12.2517 16.556 19.5108 11.0792 14.9647 12.1008 16.4161 8.49438 5.75627 3.85138 3.40334 2.55419
threshold=0.54330184773221701 0.50214999450405584 0.0026515869844428003 0.0011602594139071001 0.0010098190275259001 0.0033337737912353003 0.0017179359768152503 0.0026718560901169506 -0.16187029494282965 0.0010361806020339501 0.00029970241079955003 46.843017257318614
decision_type=2 2 2 2 2 2 2 2 2 2 2 2
left_child=1 2 11 5 -5 6 -2 -7 -6 -4 -3 -1
right_child=3 10 9 4 8 7 -8 -9 -10 -11 -12 -13
leaf_value=-0.11488772860377357 -0.11650774477236105 0.070596979542996721 0.12570688927959153 0.104757030272075 0.052067750242278076 -0.1052474384764337 0.04057040471975111 -0.021483316095362939 -0.047482820713439441 0.027507079435412592 0.15183934119921585 -0.039792885942943661
leaf_weight=5.2424186766147631 5.4928083419799831 6.7307369560003263 5.2406916022300702 9.7201753407716769 5.2487363368272808 18.232096701860431 18.943458542227745 13.474272951483725 12.740991562604902 4.9897875934839249 6.4744283109903336 6.484136551618576
leaf_count=21 22 27 21 39 21 73 76 54 51 20 26 26
internal_value=6.5536e-06 0.0396442 -0.00292692 -0.0166148 0.024777 -0.0370443 0.00526222 -0.0696502 -0.0184377 0.0778112 0.11043 -0.0733644
internal_weight=119.015 35.1622 21.957 83.8525 27.7099 56.1426 24.4363 31.7064 17.9897 10.2305 13.2052 11.7266
internal_count=477 141 88 336 111 225 98 127 72 41 53 47
is_linear=0
shrinkage=0.08


Tree=2
num_leaves=11
num_cat=0
split_feature=29 6 20 9 28 26 2 6 19 29
split_gain=11.1009 15.6551 10.0392 11.7808 17.1379 8.20265 9.51217 7.24746 2.55843 0.758313
threshold=0.3679071538657564 0.0010568206907074502 0.54330184773221701 0.50214999450405584 0.0026515869844428003 0.0011434058864717002 0.0029966574811594502 0.0010098190275259001 0.15707438073917387 0.30179193327921411
decision_type=2 2 2 2 2 2 2 2 2 2
left_child=1 9 3 4 -2 6 -4 -7 -5 -1
right_child=2 -3 5 8 -6 7 -8 -9 -10 -11
leaf_value=0.14082938064946046 -0.075254366156230143 -0.049618951426073289 0.00111687576401908 0.054973874215816947 0.072811563457662209 0.076841985137636473 -0.071609825896090787 -0.018375153660740037 0.13257596681137132 0.097454261441737577
leaf_weight=5.3892476409673673 10.965435624122625 5.2453675866127005 18.415919825434685 5.2022199481725675 9.2008372694253904 7.704207211732867 30.692893832921982 15.229117527604101 5.6960760354995728 4.9478781968355179
leaf_count=22 44 21 74 21 37 31 123 61 23 20
internal_value=1.34023e-05 0.062948 -0.00949789 0.0285174 -0.00769947 -0.0258901 -0.0443371 0.013612 0.0955332 0.120068
internal_weight=118.689 15.5825 103.107 31.0646 20.1663 72.0421 49.1088 22.9333 10.8983 10.3371
internal_count=477 63 414 125 81 289 197 92 44 42
is_linear=0
shrinkage=0.08


Tree=3
num_leaves=12
num_cat=0
split_feature=29 20 3 20 13 0 21 12 12 0 28
split_gain=9.89601 14.3189 13.9455 15.1001 13.6911 11.8104 20.4822 8.97603 6.93532 5.01709 3.7881
threshold=0.50201510175421915 0.68735557951888671 0.00086801698540190004 0.64710717725641043 0.088618323898944654 37.956430907284535 9.5304185307269282 0.55832092335693051 1.7148250454187279 36.88651111456317 0.0026309417626557007
decision_type=2 2 2 2 2 2 2 2 2 2 2
left_child=1 9 3 4 -2 6 -4 -7 -3 -1 -11
right_child=2 8 5 -5 -6 7 -8 -9 -10 10 -12
leaf_value=-0.0011597066485260895 0.0096964952193243064 0.017963695138220742 0.091224979449529259 0.032424100102022006 -0.12225331456932778 -0.0019809018159433292 -0.085327036544291981 0.091786456228628271 -0.10858454803216178 0.11701734850890136 0.047793675562255389
leaf_weight=5.4480769187212017 6.9300492405891445 5.8959807604551298 5.9779841601848629 9.4408146589994413 18.38185228407383 12.156131237745287 14.182916209101675 14.126485362648962 5.230340838432312 11.030439659953119 9.3460776805877668
leaf_count=22 28 24 24 38 74 49 57 57 21 45 38
internal_value=2.41849e-05 0.0343455 -0.0155948 -0.053922 -0.0861273 0.0130846 -0.0329769 0.0484176 -0.041525 0.0670337 0.0852666
internal_weight=118.147 36.9509 81.1962 34.7527 25.3119 46.4435 20.1609 26.2826 11.1263 25.8246 20.3765
internal_count=477 150 327 140 102 187 81 106 45 105 83
is_linear=0
shrinkage=0.08


Tree=4
num_leaves=10
num_cat=0
split_feature=29 6 5 29 2 4 20 9 29
split_gain=9.05616 12.3144 8.80133 10.2871 11.5229 9.08432 9.19974 6.56593 0.718296
threshold=0.3679071538657564 0.0010568206907074502 0.00055891938158715018 0.75421794502618245 0.0066252585142320504 -0.00035839112970269992 0.53201788616920542 0.50306462774290195 0.30179193327921411
decision_type=2 2 2 2 2 2 2 2 2
left_child=1 8 5 4 -4 6 -2 -7 -1
right_child=2 -3 3 -5 -6 7 -8 -9 -10
leaf_value=0.13004487140706844 0.069585421414963697 -0.042173652512279995 0.035781624399514704 0.12874003266607875 -0.10196506582338936 -0.087451775568613707 -0.019144458272981196 -0.011843986305352411 0.087208736574601653
leaf_weight=5.1917444765567762 9.5851706862449628 5.215291664004325 17.971364974975593 5.3982252627611151 4.9592096805572501 18.01238609850407 34.027032300829887 12.419346645474432 4.841731995344162
leaf_count=22 39 21 73 22 20 73 137 50 20
internal_value=2.59194e-05 0.0575426 -0.00854138 0.0293816 0.00599106 -0.0230505 0.000356759 -0.0565958 0.109374
internal_weight=117.622 15.2488 102.373 28.3288 22.9306 74.0439 43.6122 30.4317 10.0335
internal_count=477 63 414 115 93 299 176 123 42
is_linear=0
shrinkage=0.08


Tree=5
num_leaves=7
num_cat=0
split_feature=29 6 2 29 0 29
split_gain=7.8481 11.4322 7.02264 7.68859 8.86974 7.64667
threshold=0.36406729512944319 0.0010568206907074502 0.0015601547805942004 0.66123387774912279 38.406804884333631 0.50201510175421915
decision_type=2 2 2 2 2 2
left_child=1 -1 -2 5 -5 -4
right_child=2 -3 3 4 -6 -7
leaf_value=0.10989384006891609 -0.084133253508623038 -0.038939346580982255 0.012949502530222536 -0.013007447010419313 0.058775011214689289 -0.049444759857133369
leaf_weight=9.0623233616352064 7.1552465409040442 5.1973413676023474 21.838404804468155 22.233405828475952 21.837250247597694 29.622123539447784
leaf_count=39 29 21 89 90 89 120
internal_value=3.36971e-05 0.0556473 -0.00768915 -0.00196352 0.0225612 -0.0229664
internal_weight=116.946 14.2597 102.686 95.5312 44.0707 51.4605
internal_count=477 60 417 388 179 209
is_linear=0
shrinkage=0.08


Tree=6
num_leaves=13
num_cat=0
split_feature=20 9 28 26 6 2 2 28 1 26 8 22
split_gain=6.86145 11.3518 12.8331 7.97965 9.14432 8.44092 11.1953 6.54473 4.61509 3.18469 2.53555 2.12172
threshold=0.54330184773221701 0.50214999450405584 0.0026515869844428003 0.0011602594139071001 0.0010098190275259001 0.0033337737912353003 0.0017179359768152503 0.0026718560901169506 -0.16187029494282965 0.0010361806020339501 0.00029970241079955003 5.4194448372899098
decision_type=2 2 2 2 2 2 2 2 2 2 2 2
left_child=1 2 11 5 -5 6 -2 -7 -6 -4 -3 -1
right_child=3 10 9 4 8 7 -8 -9 -10 -11 -12 -13
leaf_value=-0.033140386504648851 -0.095982403381331016 0.056243281721525026 0.10588560820568782 0.087106906000520387 0.052566703884262989 -0.088861641518940382 0.035160058727224996 -0.014809722639408891 -0.036761721526928172 0.015412082040336209 0.12820890421299411 -0.10262756012017983
leaf_weight=6.6398482620716113 5.3681586682796505 6.5467516481876356 5.0665701329708082 9.3519866168499011 5.2390319854021099 17.930302187800411 18.605028316378593 13.307265713810919 12.612901374697683 4.8964339345693588 6.009462758898735 4.8785901367664337
leaf_count=27 22 27 21 39 21 73 76 54 51 20 26 20
internal_value=4.08322e-05 0.0302575 -0.00506408 -0.0124388 0.0230242 -0.0299124 0.00579419 -0.0573154 -0.0105464 0.0614213 0.0906864 -0.0625714
internal_weight=116.452 34.0377 21.4814 82.4147 27.2039 55.2108 23.9732 31.2376 17.8519 9.963 12.5562 11.5184
internal_count=477 141 88 336 111 225 98 127 72 41 53 47
is_linear=0
shrinkage=0.08


Tree=7
num_leaves=9
num_cat=0
split_feature=29 6 5 29 2 4 20 9
split_gain=6.46267 9.3943 6.04761 8.50821 8.94027 7.041 6.92395 5.53753
threshold=0.36406729512944319 0.0010568206907074502 0.00055891938158715018 0.75421794502618245 0.0066252585142320504 -0.00035839112970269992 0.53201788616920542 0.50306462774290195
decision_type=2 2 2 2 2 2 2 2
left_child=1 -1 5 4 -4 6 -2 -7
right_child=2 -3 3 -5 -6 7 -8 -9
leaf_value=0.10253023667586561 0.062399643275922616 -0.033972417378369653 0.029756952070322251 0.11709171874868536 -0.092323404376686791 -0.077610366628491231 -0.015127956397220246 -0.0081197457687159514
leaf_weight=8.6245553046464902 9.4096465706825239 5.1556067019700995 17.975747272372253 5.1962685883045188 4.8818247169256201 17.60257521271706 34.056078597903252 12.58711603283882
leaf_count=39 39 21 74 22 20 73 138 51
internal_value=4.65782e-05 0.0514602 -0.00691923 0.0246896 0.00368354 -0.0189584 0.00165555 -0.0486373
internal_weight=115.489 13.7802 101.709 28.0538 22.8576 73.6554 43.4657 30.1897
internal_count=477 60 417 116 94 301 177 124
is_linear=0
shrinkage=0.08


Tree=8
num_leaves=13
num_cat=0
split_feature=6 28 9 11 3 9 29 12 1 0 26 28
split_gain=5.61121 8.91739 12.4134 11.4083 7.95825 7.32347 6.96467 6.15329 4.72361 4.23649 3.00223 2.2374
threshold=0.00084694757230465009 0.0026503584106501005 0.50214999450405584 0.19032976970468277 0.00090533897434950017 0.4610669137067458 0.74611593038071289 0.46746602626775707 -0.15132575178580507 59.173950273675068 0.00079215711209905013 0.0026682395166937006
decision_type=2 2 2 2 2 2 2 2 2 2 2 2
left_child=1 2 5 -4 10 -1 8 -8 -6 11 -2 -3
right_child=4 9 3 -5 6 -7 7 -9 -10 -11 -12 -13
leaf_value=0.035017247336078305 -0.040825270270371687 0.05685109798530201 0.08676796999195506 -0.021537654876300733 0.02997181513325398 -0.067882395264629858 0.11667449004993065 -0.002584632348778071 -0.045230586394627868 0.0015584107751556652 -0.12986933531097106 0.12638134447400298
leaf_weight=5.8504817336797741 4.8449741005897504 5.9220382273197192 13.708428055047991 11.401185572147368 7.2012415826320639 18.187899187207222 4.8485097736120206 6.4554412364959717 20.74372781813145 4.6555893123149863 4.8483908325433731 5.9257366061210632
leaf_count=24 20 25 59 47 29 76 20 27 85 20 20 25
internal_value=5.32371e-05 0.015338 -0.00174723 0.0375911 -0.0204498 -0.0428386 -0.00441806 0.0485682 -0.0258514 0.0662188 -0.085363 0.0916271
internal_weight=114.594 65.6514 49.148 25.1096 48.9423 24.0384 39.2489 11.304 27.945 16.5034 9.69336 11.8478
internal_count=477 276 206 106 201 100 161 47 114 70 40 50
is_linear=0
shrinkage=0.08


Tree=9
num_leaves=8
num_cat=0
split_feature=2 6 3 29 9 29 4
split_gain=5.46974 7.72255 6.83012 6.22377 6.31452 5.92556 2.74598
threshold=0.0015601547805942004 0.00084694757230465009 0.00090533897434950017 0.36406729512944319 0.46648868229779322 0.74611593038071289 -0.00011614002979864998
decision_type=2 2 2 2 2 2 2
left_child=-1 3 6 -2 -5 -4 -3
right_child=1 2 5 4 -6 -7 -8
leaf_value=-0.067975508181965044 0.093357084123319445 -0.12197912819187497 -0.023847382627844579 0.078346568926149565 0.0019054178727937728 0.044958417158504453 -0.036374348631021437
leaf_weight=7.0920733362436286 7.299991860985755 4.821763664484024 27.875112682580948 8.2614991217851621 42.471504062414169 11.240769252181051 4.7712066173553449
leaf_count=30 35 20 114 34 177 47 20
internal_value=5.72711e-05 0.00457746 -0.01891 0.0242912 0.0143533 -0.00407459 -0.0794023
internal_weight=113.834 106.742 48.7089 58.033 50.733 39.1159 9.59297
internal_count=477 447 201 246 211 161 40
is_linear=0
shrinkage=0.08


Tree=10
num_leaves=13
num_cat=0
split_feature=29 20 3 20 13 0 21 12 11 4 20 12
split_gain=5.1959 10.2637 8.26582 11.4512 10.4274 8.22112 16.5528 7.78969 3.85826 6.30838 4.96691 3.83539
threshold=0.50201510175421915 0.68735557951888671 0.00086801698540190004 0.64710717725641043 0.088618323898944654 37.956430907284535 9.5304185307269282 0.55832092335693051 -0.24769198012439406 0.00048390222997315004 0.62083833029982916 1.7148250454187279
decision_type=2 2 2 2 2 2 2 2 2 2 2 2
left_child=1 8 3 4 -2 6 -4 -7 9 -1 -10 -3
right_child=2 11 5 -5 -6 7 -8 -9 10 -11 -12 -13
leaf_value=-0.020370958884501082 0.014891669669596062 0.0060871930400742862 0.084521081565307674 0.034681918556276829 -0.10261200284978125 -0.0064566627807067477 -0.0752654458742303 0.082381983623454696 0.13576661956917205 0.092880317193833731 0.027125668401826297 -0.090767139692546461
leaf_weight=7.8104517012834549 6.6672644168138531 5.479597404599188 5.9121636152267483 9.1655271202325803 17.572316989302635 11.794611871242525 13.915160298347471 13.601049691438673 6.3279517740011215 5.2730052322149277 4.6889511197805405 5.0083233863115311
leaf_count=34 28 24 24 38 74 49 57 57 28 23 20 21
internal_value=5.71049e-05 0.025897 -0.0113098 -0.0414896 -0.0702918 0.0109833 -0.0276199 0.0411223 0.0546451 0.0252725 0.0895275 -0.0401639
internal_weight=113.216 34.5883 78.6281 33.4051 24.2396 45.223 19.8273 25.3957 24.1004 13.0835 11.0169 10.4879
internal_count=477 150 327 140 102 187 81 106 105 57 48 45
is_linear=0
shrinkage=0.08


Tree=11
num_leaves=10
num_cat=0
split_feature=29 6 5 24 21 4 2 9 23
split_gain=4.65778 6.50339 4.55109 7.36755 5.92284 5.80418 6.35674 4.6712 3.30286
threshold=0.36406729512944319 0.0010568206907074502 0.00055891938158715018 0.00012877464987470004 9.8217872858546844 -0.00035839112970269992 0.0028097546331289007 0.5122483132852288 0.99581385908036679
decision_type=2 2 2 2 2 2 2 2 2
left_child=1 -1 5 8 -5 6 -2 -7 -4
right_child=2 -3 3 4 -6 7 -8 -9 -10
leaf_value=0.091477823347117737 0.067492758612541948 -0.025308283186617226 0.028692693305342198 0.051416817521417836 -0.060088721698867302 -0.059469105350671743 -0.012152026727393508 0.020694291004303297 0.10720891526033878
leaf_weight=7.7523820847272855 7.8610119968652716 5.0327844768762589 7.9376529008150118 4.7242404073476783 8.5960351377725583 23.612329468131069 34.831895634531975 5.7936632782220832 6.0364912152290344
leaf_count=39 33 21 34 20 36 100 144 24 26
internal_value=5.41438e-05 0.0455059 -0.0057924 0.0220301 -0.0205416 -0.0163251 0.00251291 -0.0436751 0.0626098
internal_weight=112.178 12.7852 99.3933 27.2944 13.3203 72.0989 42.6929 29.406 13.9741
internal_count=477 60 417 116 56 301 177 124 60
is_linear=0
shrinkage=0.08


Tree=12
num_leaves=10
num_cat=0
split_feature=20 9 2 2 26 11 3 14 12
split_gain=4.43269 8.58512 6.86392 8.68612 10.7907 6.55295 6.1181 3.6201 3.59568
threshold=0.54330184773221701 0.48895049326086276 0.0015601547805942004 0.0029966574811594502 0.0011602594139071001 -0.17501219900283263 0.00089605874519485009 0.00036314559103055002 1.0756046226880762
decision_type=2 2 2 2 2 2 2 2 2
left_child=1 6 -2 5 -5 -4 -1 8 -3
right_child=2 7 3 4 -6 -7 -8 -9 -10
leaf_value=-0.084630622919588699 -0.10780965333770506 0.070327853425699222 -0.01986350659057972 -0.046944448685125012 0.021782804086048255 0.090301070052853816 0.02321113322811745 0.12421266230202033 -0.015445657890094682
leaf_weight=5.8482388556003553 4.348362684249877 9.1521021276712435 5.434332698583602 34.730609685182571 25.250907599925995 9.4909065812826139 7.9350964426994324 4.408149078488349 4.7520111948251715
leaf_count=25 19 42 23 147 107 40 34 20 20
internal_value=6.25507e-05 0.0251449 -0.0100949 -0.00442256 -0.0180118 0.0501898 -0.0225459 0.0610409 0.041013
internal_weight=111.351 32.0956 79.2551 74.9068 59.9815 14.9252 13.7833 18.3123 13.9041
internal_count=477 141 336 317 254 63 59 82 62
is_linear=0
shrinkage=0.08


Tree=13
num_leaves=10
num_cat=0
split_feature=29 6 13 28 3 6 2 21 9
split_gain=3.96536 5.69588 4.31879 10.8152 7.9539 6.83822 5.22251 3.48979 3.43416
threshold=0.36406729512944319 0.0010568206907074502 0.088618323898944654 0.0026503584106501005 0.0014057945917616001 0.00090346471503740015 0.0037403570677668001 9.6590022747344282 0.50306462774290195
decision_type=2 2 2 2 2 2 2 2 2
left_child=1 -1 6 5 -5 -4 8 -8 -2
right_child=2 -3 3 4 -6 -7 7 -9 -10
leaf_value=0.087568021309714181 0.020618900451389671 -0.023082489490755847 -0.02862313753766324 0.050756739151365193 -0.024958161200538533 -0.1183452706399066 0.042054368794871004 -0.042491628657041119 0.11591701385491725
leaf_weight=7.3544111698865873 4.6940390765666979 5.0026767551898956 32.984075278043747 20.046629816293716 15.940602406859396 6.5094652771949759 5.2849108427762967 7.6438659280538559 4.9957239776849747
leaf_count=39 20 21 141 85 66 29 22 32 22
internal_value=6.37979e-05 0.042772 -0.00531594 -0.0145046 0.0172187 -0.0434115 0.0253477 -0.00793166 0.0697515
internal_weight=110.456 12.3571 98.0993 75.4808 35.9872 39.4935 22.6185 12.9288 9.68976
internal_count=477 60 417 321 151 170 96 54 42
is_linear=0
shrinkage=0.08


Tree=14
num_leaves=7
num_cat=0
split_feature=21 6 28 9 3 29
split_gain=4.48705 5.39984 6.55411 7.83895 4.8208 3.87006
threshold=9.472760953539991 0.00091677802976995011 0.0026769901461362504 0.50214999450405584 0.00099398082511400012 0.71684065092796667
decision_type=2 2 2 2 2 2
left_child=-1 2 3 -2 -3 -6
right_child=1 4 -4 -5 5 -7
leaf_value=0.087206717641814535 -0.027356392250220622 -0.089382583483334221 0.080397846190966682 0.030068930054993896 -0.033998190913594066 0.026281378038853439
leaf_weight=3.6556844264268866 30.108631387352943 6.6081703454256049 7.6121575683355323 30.752457112073898 20.630014136433605 10.180067345499991
leaf_count=15 132 30 34 137 86 43
internal_value=6.69937e-05 -0.00294132 0.0104133 0.00166001 -0.0273795 -0.014081
internal_weight=109.547 105.891 68.4732 60.8611 37.4183 30.8101
internal_count=477 462 303 269 159 129
is_linear=0
shrinkage=0.08


Tree=15
num_leaves=5
num_cat=0
split_feature=21 5 23 20
split_gain=3.83009 5.01087 4.17802 4.60752
threshold=9.472760953539991 -0.0050340900390788987 -2.692232223990811 0.52713642265814697
decision_type=2 2 2 2
left_child=-1 -2 -3 -4
right_child=1 2 3 -5
leaf_value=0.080892853641806275 -0.074427519210336537 0.074310747386134746 0.028987093389338577 -0.01217421860993791
leaf_weight=3.626887619495391 5.8883086591958991 4.8035135120153418 22.99343353509903 71.608651086688042
leaf_count=15 24 21 106 311
internal_value=6.26436e-05 -0.00272158 0.00152593 -0.00216979
internal_weight=108.921 105.294 99.4056 94.6021
internal_count=477 462 438 417
is_linear=0
shrinkage=0.08


Tree=16
num_leaves=8
num_cat=0
split_feature=2 6 3 9 9 29 26
split_gain=3.64929 4.3192 4.79737 4.39716 9.16881 4.38618 2.64569
threshold=0.0015601547805942004 0.00084694757230465009 0.00090533897434950017 0.46648868229779322 0.50214999450405584 0.74611593038071289 0.00079215711209905013
decision_type=2 2 2 2 2 2 2
left_child=-1 3 6 -2 -5 -4 -3
right_child=1 2 5 4 -6 -7 -8
leaf_value=-0.057207353745349139 0.071822731948317467 -0.02387832963071566 -0.01882702158435685 -0.033356750935512096 0.038884066813011167 0.041284640637698169 -0.11123909354731691
leaf_weight=6.6836182326078406 8.5287043750286085 4.4973716139793378 27.212607249617577 19.026569724082947 27.489995151758194 10.872666120529173 4.3787627518177032
leaf_count=30 37 20 114 84 125 47 20
internal_value=6.00186e-05 0.00381226 -0.0140102 0.0190173 0.00933556 -0.00166621 -0.066975
internal_weight=108.69 102.007 46.9614 55.0453 46.5166 38.0853 8.87613
internal_count=477 447 201 246 209 161 40
is_linear=0
shrinkage=0.08


Tree=17
num_leaves=10
num_cat=0
split_feature=29 20 13 28 3 6 2 11 1
split_gain=3.55404 4.90523 3.66817 8.93278 6.46487 5.46086 4.59908 3.31557 3.10661
threshold=0.36406729512944319 0.72558913561326166 0.088618323898944654 0.0026503584106501005 0.0014057945917616001 0.00090346471503740015 0.0037403570677668001 -0.14596670931474545 -0.025799413268522597
decision_type=2 2 2 2 2 2 2 2 2
left_child=1 -1 6 5 -5 -4 7 -2 -8
right_child=2 -3 3 4 -6 -7 8 -9 -10
leaf_value=0.081451040247939685 0.017110435236688919 -0.025174988169727974 -0.027221261576578785 0.045982950733621214 -0.022787108975182581 -0.10997390711370499 0.030576475350236419 0.11209648831009146 -0.048491739783651858
leaf_weight=7.3723979443311674 4.5758543163537979 4.4148555845022202 32.546564877033234 19.692185595631599 15.74260827898979 6.0527315139770499 6.5502215623855591 4.8391096740961093 6.1814855933189374
leaf_count=39 20 21 141 85 66 29 28 22 26
internal_value=5.36685e-05 0.0415148 -0.00502752 -0.0135725 0.0154305 -0.0401977 0.0235373 0.0659314 -0.00781264
internal_weight=107.968 11.7873 96.1808 74.0341 35.4348 38.5993 22.1467 9.41496 12.7317
internal_count=477 60 417 321 151 170 96 42 54
is_linear=0
shrinkage=0.08


Tree=18
num_leaves=5
num_cat=0
split_feature=21 5 23 20
split_gain=3.44499 4.27368 4.40328 3.73215
threshold=9.472760953539991 -0.0050340900390788987 -2.8256805570837735 0.52713642265814697
decision_type=2 2 2 2
left_child=-1 -2 -3 -4
right_child=1 2 3 -5
leaf_value=0.077409918177882175 -0.069019486843042793 0.085094214689255154 0.026404826021925638 -0.011005067324182684
leaf_weight=3.562010169029235 5.850928768515586 3.8613572865724555 22.419751763343811 71.490671083331108
leaf_count=15 24 17 106 315
internal_value=5.33283e-05 -0.00260579 0.00136859 -0.002074
internal_weight=107.185 103.623 97.7718 93.9104
internal_count=477 462 438 421
is_linear=0
shrinkage=0.08


Tree=19
num_leaves=8
num_cat=0
split_feature=2 0 29 29 9 21 29
split_gain=3.1412 3.39921 7.51968 5.23022 4.46775 8.352 1.60893
threshold=0.0014817859845380002 38.406804884333631 0.72695639609272711 0.50201510175421915 0.5086739978952618 9.5304185307269282 0.7958278833205662
decision_type=2 2 2 2 2 2 2
left_child=-1 4 3 -3 5 -2 -4
right_child=1 2 6 -5 -6 -7 -8
leaf_value=-0.06431705553224297 0.05339054345312793 0.026951312621286555 0.092618225554907965 -0.023538234998547704 0.035057126755793123 -0.055186918201305037 0.038234785501518223
leaf_weight=4.6414034813642493 5.7338693886995342 24.439269348978996 7.0861914157867414 28.378459736704826 8.131993889808653 21.669139593839645 6.8445762395858765
leaf_count=21 24 117 32 122 35 95 31
internal_value=5.18796e-05 0.0029728 0.0136138 -0.000176238 -0.0170152 -0.0324679 0.0658981
internal_weight=106.925 102.283 66.7485 52.8177 35.535 27.403 13.9308
internal_count=477 456 302 239 154 119 63
is_linear=0
shrinkage=0.08


Tree=20
num_leaves=7
num_cat=0
split_feature=29 6 0 5 21 4
split_gain=2.90108 3.67421 3.53636 6.56876 5.26943 3.83487
threshold=0.35505841802776689 0.0010568206907074502 70.535956152951783 0.00094667007716510009 9.8254306551694999 -0.00045239137416279993
decision_type=2 2 2 2 2 2
left_child=1 -1 3 5 -5 -2
right_child=2 -3 -4 4 -6 -7
leaf_value=0.079192347363627888 0.0050112461448464053 -0.014379150495441188 -0.070451077083571678 0.082005900819901958 -0.0028713800469271776 -0.032155745424740381
leaf_weight=6.2562872245907766 39.12357072532177 4.7058039009571075 4.9246218204498282 9.763606473803522 8.99299308657646 32.547992989420891
leaf_count=37 169 20 22 44 40 145
internal_value=4.83809e-05 0.039024 -0.00443239 -0.000837085 0.0413108 -0.0118673
internal_weight=106.315 10.9621 95.3528 90.4282 18.7566 71.6716
internal_count=477 57 420 398 84 314
is_linear=0
shrinkage=0.08


Tree=21
num_leaves=6
num_cat=0
split_feature=6 2 29 29 24
split_gain=3.67155 8.6551 3.29417 5.52719 5.21872
threshold=0.00026676108508190004 0.0015339724458554502 0.71986541604696752 0.50201510175421915 -0.00020529020978229997
decision_type=2 2 2 2 2
left_child=-1 -2 3 -3 -4
right_child=1 2 4 -5 -6
leaf_value=0.09241177142237382 -0.11787257951524162 0.017934577802758037 -0.018662172910034028 -0.027752276993473532 0.049823305357543632
leaf_weight=2.6848890930414191 3.9899918735027304 30.547633647918701 11.373776346445085 38.06552129983902 19.045323178172112
leaf_count=12 19 145 49 165 87
internal_value=5.58176e-05 -0.00235109 0.00230325 -0.00741179 0.0242164
internal_weight=105.707 103.022 99.0323 68.6132 30.4191
internal_count=477 465 446 310 136
is_linear=0
shrinkage=0.08


Tree=22
num_leaves=6
num_cat=0
split_feature=6 2 6 1 26
split_gain=3.10617 7.70349 2.82036 4.50454 4.28615
threshold=0.00026676108508190004 0.0015339724458554502 0.00083820751978760011 -0.16187029494282965 0.0010205064837325503
decision_type=2 2 2 2 2
left_child=-1 -2 4 -4 -3
right_child=1 2 3 -5 -6
leaf_value=0.084960421006877243 -0.1138169648740128 0.0021526924193305962 0.039788284863208692 -0.024229669940424241 0.056081142862361245
leaf_weight=2.686599373817443 3.8089992552995673 40.140328273177147 8.6510758697986585 37.642208650708199 12.32928755879402
leaf_count=12 19 185 36 168 57
internal_value=4.49311e-05 -0.00217921 0.00212634 -0.0122663 0.0148248
internal_weight=105.258 102.572 98.7629 46.2933 52.4696
internal_count=477 465 446 204 242
is_linear=0
shrinkage=0.08


Tree=23
num_leaves=8
num_cat=0
split_feature=21 0 0 5 5 5 14
split_gain=2.89386 3.15087 5.54103 5.61079 5.12045 4.71062 4.18001
threshold=9.4443912898705538 32.302880497951548 25.126681887382841 -0.0016842270290297998 -0.0050340900390788987 -0.0017774230564197998 -0.00068540201320749998
decision_type=2 2 2 2 2 2 2
left_child=-1 2 4 -4 -2 -3 -7
right_child=1 5 3 -5 -6 6 -8
leaf_value=0.080868345360175176 -0.047987404120054096 0.065437405214378061 -0.12137989571488229 -0.0072283328281727323 0.055844629660838578 0.055854178218417559 -0.0075135149212521351
leaf_weight=2.759937345981597 5.530110701918602 7.5858003050088874 5.9959512948989868 5.0994932353496534 6.7496625036001223 7.4409591555595389 63.661823771893978
leaf_count=12 23 34 26 23 29 35 295
internal_value=3.60531e-05 -0.00214976 -0.0279395 -0.0689156 0.00908459 0.00551134 -0.000882039
internal_weight=104.824 102.064 23.3752 11.0954 12.2798 78.6886 71.1028
internal_count=477 465 101 49 52 364 330
is_linear=0
shrinkage=0.08


Tree=24
num_leaves=9
num_cat=0
split_feature=11 20 9 26 2 3 19 11
split_gain=2.67414 3.38828 6.38457 5.92676 5.81169 5.06058 4.9278 4.44663
threshold=0.99125072028681804 0.5690318187343445 0.48895049326086276 0.0011602594139071001 0.0033337737912353003 0.00089605874519485009 0.41666243793112062 0.085313207913128006
decision_type=2 2 2 2 2 2 2 2
left_child=1 2 5 4 -3 -1 -5 -4
right_child=-2 3 7 6 -6 -7 -8 -9
leaf_value=-0.075311656334349469 0.049530038910250596 0.0036928462834622802 0.061611317580586362 0.053055640735372264 -0.05638214466174131 0.01706787214430288 -0.034606304182867142 -0.027917569453710649
leaf_weight=6.8083202689886084 6.5467682629823676 17.665221080183983 17.467713147401813 12.032992482185366 24.739367336034775 8.5752246081829053 6.2282914966344824 4.4562210217118254
leaf_count=31 30 81 85 54 109 39 27 21
internal_value=2.80802e-05 -0.00327974 0.0156917 -0.0149465 -0.0313557 -0.0238167 0.0231572 0.0434138
internal_weight=104.52 97.9734 37.3075 60.6659 42.4046 15.3835 18.2613 21.9239
internal_count=477 447 176 271 190 70 81 106
is_linear=0
shrinkage=0.08


Tree=25
num_leaves=5
num_cat=0
split_feature=4 5 23 5
split_gain=2.87709 3.3809 3.70835 3.80106
threshold=-0.0060869531265725996 -0.0047910816444590486 -2.8256805570837735 -0.003969908636111099
decision_type=2 2 2 2
left_child=-1 -2 -3 -4
right_child=1 2 3 -5
leaf_value=0.10315498457549453 -0.057225933473415813 0.081150083105666834 0.096742739020527074 -0.0037345877127580012
leaf_weight=1.7028153538703907 6.5657770782709113 3.654659539461135 2.4764302819967261 89.319155134260654
leaf_count=7 28 17 11 414
internal_value=2.41376e-05 -0.00169729 0.00212239 -0.00102394
internal_weight=103.719 102.016 95.4502 91.7956
internal_count=477 470 442 425
is_linear=0
shrinkage=0.08


Tree=26
num_leaves=6
num_cat=0
split_feature=6 2 29 0 29
split_gain=2.60983 6.64424 2.90064 4.68286 4.34134
threshold=0.00026676108508190004 0.0015339724458554502 0.71986541604696752 38.406804884333631 0.50201510175421915
decision_type=2 2 2 2 2
left_child=-1 -2 4 -4 -3
right_child=1 2 3 -5 -6
leaf_value=0.078393538020703701 -0.10930268407684211 0.015424694262030287 -0.00614206787300536 0.0575255073407571 -0.025404304702219552
leaf_weight=2.6500206664204589 3.5649563372135153 29.965280152857304 16.341343641281131 13.502902299165724 37.557854279875755
leaf_count=12 19 145 73 63 165
internal_value=2.46275e-05 -0.00203298 0.00189453 0.0226641 -0.00728529
internal_weight=103.582 100.932 97.3674 29.8442 67.5231
internal_count=477 465 446 136 310
is_linear=0
shrinkage=0.08


Tree=27
num_leaves=6
num_cat=0
split_feature=1 5 20 9 20
split_gain=2.53304 5.81263 3.26173 6.00362 5.64612
threshold=-0.16187029494282965 -0.0050340900390788987 0.57282037062089908 0.48895049326086276 0.65188978947665033
decision_type=2 2 2 2 2
left_child=-1 -2 3 -3 -4
right_child=1 2 4 -5 -6
leaf_value=0.041174218493747632 -0.11199327257986225 -0.020871418601902746 -0.040752355320608218 0.046486998790382532 0.01034603119533686
leaf_weight=8.7577585130929929 3.0745818465948096 14.309809386730192 24.685992017388344 20.746142715215683 31.497169315814972
leaf_count=37 13 67 115 103 142
internal_value=1.82364e-05 -0.00380342 -0.000157627 0.0189914 -0.0121058
internal_weight=103.071 94.3137 91.2391 35.056 56.1832
internal_count=477 440 427 170 257
is_linear=0
shrinkage=0.08


Tree=28
num_leaves=7
num_cat=0
split_feature=4 6 1 9 28 7
split_gain=2.50864 2.88616 5.55704 5.36888 5.0628 4.41511
threshold=-0.0060869531265725996 0.0010098190275259001 -0.11373519042521703 0.50214999450405584 0.0026718560901169506 -0.55768337335013218
decision_type=2 2 2 2 2 2
left_child=-1 2 -2 -4 -3 -6
right_child=1 4 3 -5 5 -7
leaf_value=0.097004653275472641 0.091960851615117245 -0.08263186204933741 -0.021796149559234083 0.02419441237420087 0.066539548218005909 -0.020949491434394375
leaf_weight=1.6788576394319523 4.649944841861724 6.8367733061313656 32.166907250881195 32.820625647902489 4.5291064530611065 19.963392078876495
leaf_count=7 21 34 151 158 20 86
internal_value=1.5952e-05 -0.00159676 0.00747548 0.00143044 -0.0217622 -0.00477118
internal_weight=102.646 100.967 69.6375 64.9875 31.3293 24.4925
internal_count=477 470 330 309 140 106
is_linear=0
shrinkage=0.08


Tree=29
num_leaves=7
num_cat=0
split_feature=21 6 28 7 29 1
split_gain=2.3328 2.6079 4.67588 4.96334 4.67186 5.02948
threshold=9.4443912898705538 0.0010098190275259001 0.0026718560901169506 -0.55768337335013218 0.36406729512944319 -0.11373519042521703
decision_type=2 2 2 2 2 2
left_child=-1 4 -3 -4 -2 -6
right_child=1 2 3 -5 5 -7
leaf_value=0.073691166945327596 0.074456937274146914 -0.08341198673395489 0.067583757898056429 -0.023640273593233653 0.084013551216623988 -0.0058467634568558826
leaf_weight=2.6781556457281104 5.9354622885584822 6.2161331772804287 4.7601162493228939 19.268283575773239 4.2752090692520133 58.982178524136543
leaf_count=12 39 32 21 83 19 271
internal_value=1.28525e-05 -0.00197153 -0.0215676 -0.00556845 0.00659399 0.000226387
internal_weight=102.116 99.4374 30.2445 24.0284 69.1928 63.2574
internal_count=477 465 136 104 329 290
is_linear=0
shrinkage=0.08


Tree=30
num_leaves=5
num_cat=0
split_feature=26 26 2 6
split_gain=2.2468 4.38796 3.03792 3.54465
threshold=0.00022801790218665002 0.00029587494233745005 0.0014817859845380002 0.00033447056455755008
decision_type=2 2 2 2
left_child=-1 -2 -3 -4
right_child=1 2 3 -5
leaf_value=0.073047176715204082 -0.085724945415511247 -0.08600692287035154 0.10594470541068997 0.0014055306504197776
leaf_weight=2.6262930035591117 3.8434490859508506 2.4748057126998892 2.1246354430913916 90.396915085613728
leaf_count=12 18 14 10 423
internal_value=1.63889e-05 -0.00192413 0.00146636 0.00380613
internal_weight=101.466 98.8398 94.9964 92.5216
internal_count=477 465 447 433
is_linear=0
shrinkage=0.08


Tree=31
num_leaves=11
num_cat=0
split_feature=23 24 21 12 29 9 12 29 23 13
split_gain=2.12233 5.87661 4.64706 5.59203 3.64695 4.27153 5.95202 3.91577 6.2 5.42772
threshold=0.86582911157652864 0.00010259660845745001 9.8217872858546844 1.6504033898537227 0.65476015875139904 0.4610669137067458 0.41834214422088972 0.50201510175421915 0.40891456384252861 0.28036842055681838
decision_type=2 2 2 2 2 2 2 2 2 2
left_child=4 -2 -3 -4 7 -6 -7 8 -1 -9
right_child=1 2 3 -5 5 6 -8 9 -10 -11
leaf_value=0.026447712011245711 0.082699727130331122 0.049154117758283475 -0.10541161733207938 0.011923487611298014 0.065208686338820238 0.036876340896852662 -0.033562961141305532 -0.079727173053486894 -0.082421623651524528 0.0091870023347063439
leaf_weight=14.815647423267366 6.9646425619721439 6.461542762815955 4.4425225481390935 6.266113668680191 7.4812885373830786 13.865278825163843 17.202907517552376 12.761518463492395 4.3251344934105864 6.7012855112552634
leaf_count=70 35 32 21 29 36 65 80 58 21 30
internal_value=1.23554e-05 0.0207172 -0.00442442 -0.0367535 -0.00646448 0.0109409 -0.00212693 -0.0238454 0.00184712 -0.0491129
internal_weight=101.288 24.1348 17.1702 10.7086 77.1531 38.5495 31.0682 38.6036 19.1408 19.4628
internal_count=477 117 82 50 360 181 145 179 91 88
is_linear=0
shrinkage=0.08


Tree=32
num_leaves=12
num_cat=0
split_feature=3 13 20 1 1 2 9 2 23 4 1
split_gain=2.12253 6.47211 7.84042 5.50897 5.68621 4.29377 4.15205 4.17462 3.86049 3.48935 2.3261
threshold=0.00089605874519485009 0.16506098457461302 0.64710717725641043 -0.038852308984480943 -0.019302634386846696 0.0041243880635287505 0.4964654551155861 0.0059299229387149007 0.80132562358131665 -0.00035839112970269992 -0.16187029494282965
decision_type=2 2 2 2 2 2 2 2 2 2 2
left_child=1 3 8 -1 -5 9 7 -7 -3 -2 -8
right_child=5 2 -4 4 -6 6 10 -9 -10 -11 -12
leaf_value=-0.079295914067881834 0.10795519319928994 -0.10465592707311291 0.043400974366718685 0.12183066989773426 0.010433534086143064 -0.04069940236221458 0.02742609283377152 0.043841980947449163 -0.012235748702577359 0.018317739870697018 -0.035056042407798631
leaf_weight=3.4737393856048611 4.5606675446033478 10.084987148642542 4.4700208455324164 3.5430905967950883 17.020294904708859 4.822803974151614 4.7041534632444373 16.62156530469656 4.0559373721480361 7.1159836724400503 20.135114684700969
leaf_count=17 22 48 20 17 87 23 20 76 21 35 91
internal_value=9.94398e-06 -0.0135362 -0.0489539 0.0138863 0.0296274 0.0099774 -0.000959384 0.0248288 -0.0781477 0.0533283 -0.0232229
internal_weight=100.608 42.6481 18.6109 24.0371 20.5634 57.9603 46.2836 21.4444 14.1409 11.6767 24.8393
internal_count=477 210 89 121 104 267 210 99 69 57 111
is_linear=0
shrinkage=0.08


Tree=33
num_leaves=10
num_cat=0
split_feature=19 26 20 3 21 11 19 6 8
split_gain=2.05288 4.17893 4.77604 6.46864 3.58388 4.76548 3.32731 4.56534 3.10149
threshold=0.41666243793112062 0.0011151125081130004 0.57282037062089908 0.0010069368279710504 9.5767350113290153 -0.28511920532559254 0.31643493845051324 0.0011137556583993501 0.0017197064894639502
decision_type=2 2 2 2 2 2 2 2 2
left_child=1 2 3 -1 -2 -6 7 -3 -4
right_child=4 6 8 -5 5 -7 -8 -9 -10
leaf_value=0.0029095772882775754 0.040310849820146884 0.057607040875316776 -0.015146588892598756 0.11286661010290377 -0.090931139494089361 -0.00051849040966079826 0.087205857624091387 -0.027627451050628409 -0.085478630338880132
leaf_weight=19.843812882900242 4.3832688629627254 8.3749691396951729 29.822293825447559 4.1381516158580771 6.8800265640020379 8.1516475081443751 5.8296269476413718 7.7375158667564383 4.6366617009043685
leaf_count=102 20 42 141 21 32 37 27 34 21
internal_value=6.81165e-06 0.00564574 -0.00553115 0.021883 -0.0233399 -0.0419005 0.0354144 0.0166758 -0.0246102
internal_weight=99.798 80.383 58.4409 23.982 19.4149 15.0317 21.9421 16.1125 34.459
internal_count=477 388 285 123 89 69 103 76 162
is_linear=0
shrinkage=0.08


Tree=34
num_leaves=6
num_cat=0
split_feature=19 19 19 29 11
split_gain=2.10733 6.02936 2.8371 3.45011 2.49091
threshold=0.084322779551881707 0.11509044402833607 0.17610026767928119 0.36406729512944319 -0.091962475744171435
decision_type=2 2 2 2 2
left_child=-1 -2 4 -4 -3
right_child=1 2 3 -5 -6
leaf_value=0.040295428257791061 -0.07180812015974615 0.067776316675261974 0.049983145476344734 -0.0097272291545344256 0.0007662171194711653
leaf_weight=7.6690806895494452 7.5565118715167037 7.3414656966924667 6.8702704310417166 62.839467950165272 6.8748104199767095
leaf_count=36 36 35 39 297 34
internal_value=1.41087e-05 -0.00336272 0.00279995 -0.00384245 0.0353711
internal_weight=99.1516 91.4825 83.926 69.7097 14.2163
internal_count=477 441 405 336 69
is_linear=0
shrinkage=0.08


Tree=35
num_leaves=9
num_cat=0
split_feature=5 2 29 4 14 21 19 0
split_gain=2.00506 5.04012 3.24684 3.10777 3.00351 3.39894 2.71261 2.6437
threshold=0.00055891938158715018 0.0034784341230652007 0.37089020829017422 4.2407975000872162e-05 -0.00065203081018799986 9.8167347526268944 0.097210491735557666 47.775036406979901
decision_type=2 2 2 2 2 2 2 2
left_child=2 -2 -1 6 -3 -6 -4 -5
right_child=1 4 3 7 5 -7 -8 -9
leaf_value=0.052217527767141142 0.082381781132393306 0.071066835904372114 0.062099961288415911 -0.020033156831342561 0.028038171033379994 -0.038000839925468946 -0.0079731434816380699 -0.089160433440317072
leaf_weight=5.3747943416237822 6.0715121477842358 3.344806030392653 3.8456202298402777 10.583630874752997 8.5086785703897458 12.054618865251539 43.859380893409252 5.3207949623465529
leaf_count=32 32 17 17 49 42 56 206 26
internal_value=1.73315e-05 0.0172907 -0.00748945 -0.0125345 0.000760701 -0.0106752 -0.00232437 -0.0431596
internal_weight=98.9638 29.9796 68.9842 63.6094 23.9081 20.5633 47.705 15.9044
internal_count=477 147 330 298 115 98 223 75
is_linear=0
shrinkage=0.08


Tree=36
num_leaves=10
num_cat=0
split_feature=20 21 2 20 20 29 2 3 29
split_gain=1.94767 3.54127 3.55588 3.37209 6.7885 4.86932 3.85921 4.90168 2.52111
threshold=0.73278131442719197 9.7856528078134719 0.0054524861713264013 0.65188978947665033 0.62375251780295338 0.49008275931604994 0.0029966574811594502 0.0011270587267571003 0.65823491791592936
decision_type=2 2 2 2 2 2 2 2 2
left_child=3 -2 -3 4 5 -1 -5 -8 -6
right_child=1 2 -4 6 8 -7 7 -9 -10
leaf_value=0.048936161233677035 -0.068237925263757979 0.064211549484694472 -0.03634456397410251 0.090368711538804922 -0.10928639606900335 -0.0072467370756393451 -0.039680933898252974 0.05348890163859972 -0.023809424343229638
leaf_weight=13.094480268657206 6.9943586289882687 3.9807287901639921 5.1785648316144943 5.5303151011467007 4.6903542652726156 40.12786553800106 6.5257730334997168 8.0990134924650174 4.1733109652996063
leaf_count=72 32 20 23 26 22 195 31 36 20
internal_value=2.21866e-05 -0.0253741 0.00735822 0.00501048 -0.00421928 0.00657614 0.033442 0.0119153 -0.069041
internal_weight=98.3948 16.1537 9.15929 82.2411 62.086 53.2223 20.1551 14.6248 8.86367
internal_count=477 75 43 402 309 267 93 67 42
is_linear=0
shrinkage=0.08


Tree=37
num_leaves=11
num_cat=0
split_feature=28 6 3 9 9 11 11 28 2 29
split_gain=1.90778 5.00763 4.5105 4.62767 3.79664 6.28241 6.14639 2.19659 1.57374 1.55312
threshold=0.0026718560901169506 0.0010098190275259001 0.0011691795188920502 0.4964654551155861 0.50214999450405584 1.0000000180025095e-35 -0.29181637914201908 0.0027620651877697504 0.0071097036495665006 0.58758397576557653
decision_type=2 2 2 2 2 2 2 2 2 2
left_child=1 4 9 8 6 -6 -1 -5 -4 -2
right_child=2 -3 3 7 5 -7 -8 -9 -10 -11
leaf_value=-0.073253004338142622 0.096294919663783007 -0.075377036879398257 0.068162007990208731 -0.069937287434579803 0.061043006964435861 -0.01547023779834013 0.0048054333218492144 -0.00087075169021190424 0.010401772819742978 0.02996325315382236
leaf_weight=9.5898837745189685 4.5987238809466344 6.3884669914841643 4.5688750296831158 6.4740033596754056 13.008019387722017 14.550474509596823 19.755339398980141 5.4096776247024536 8.8992361277341825 4.4406189620494843
leaf_count=47 25 35 21 28 69 71 96 25 39 21
internal_value=2.3e-05 -0.00821822 0.0151898 -0.00211004 -0.000678436 0.0206452 -0.0207037 -0.0384969 0.0299962 0.0637092
internal_weight=97.6833 63.2922 34.3911 25.3518 56.9037 27.5585 29.3452 11.8837 13.4681 9.03934
internal_count=477 318 159 113 283 140 143 53 60 46
is_linear=0
shrinkage=0.08


Tree=38
num_leaves=8
num_cat=0
split_feature=1 6 5 14 7 23 20
split_gain=2.01891 7.08585 4.67449 5.02386 3.07784 3.05993 1.47657
threshold=-0.15132575178580507 0.0014102775063800001 -0.0021966527237251496 -0.00068540201320749998 -0.62392798145976192 -1.3312537814152141 0.60427117730812185
decision_type=2 2 2 2 2 2 2
left_child=1 -1 4 6 -2 -5 -4
right_child=2 -3 3 5 -6 -7 -8
leaf_value=0.10696112151925759 -0.11109862013429675 -0.028625944774450053 0.026374103570657153 0.04056610611583903 -0.022131371263599098 -0.010428381457928048 0.094695268696480095
leaf_weight=4.5976336151361448 3.771988108754158 5.3225716203451157 3.8140857666730863 8.6320412382483394 7.3147165030240995 59.033701874315746 4.3148449659347534
leaf_count=20 19 23 20 44 35 295 21
internal_value=2.26015e-05 0.0342134 -0.00388134 0.00321567 -0.0524004 -0.00392307 0.062639
internal_weight=96.8016 9.92021 86.8814 75.7947 11.0867 67.6657 8.12893
internal_count=477 43 434 380 54 339 41
is_linear=0
shrinkage=0.08


Tree=39
num_leaves=8
num_cat=0
split_feature=2 29 29 2 7 23 26
split_gain=1.79016 2.76182 4.42943 3.94304 5.86528 3.78735 3.24877
threshold=0.0015601547805942004 0.66123387774912279 0.6258009505238824 0.0028097546331289007 -0.67279326680161644 0.86582911157652864 0.00060983106169985011
decision_type=2 2 2 2 2 2 2
left_child=-1 2 5 6 -5 -2 -3
right_child=1 3 -4 4 -6 -7 -8
leaf_value=-0.044803352966816992 -0.017122325946042152 0.02025414868268725 -0.087497993346953018 -0.060769409956363651 0.025152401326935844 0.030438414966576972 0.11936624911935292
leaf_weight=5.3839899227023116 34.14405307918787 4.4529567509889585 4.2268470227718344 6.615743711590766 21.970525652170185 15.616767525672911 4.0342323780059814
leaf_count=30 166 22 20 33 104 82 20
internal_value=2.05431e-05 0.00267076 -0.00887456 0.0194834 0.00526745 -0.00219602 0.0673653
internal_weight=96.4451 91.0611 53.9877 37.0735 28.5863 49.7608 8.48719
internal_count=477 447 268 179 137 248 42
is_linear=0
shrinkage=0.08


Tree=40
num_leaves=7
num_cat=0
split_feature=1 4 4 5 3 3
split_gain=1.738 3.92188 3.57609 3.64338 3.63229 2.0526
threshold=-0.16187029494282965 -0.0021879910178071497 -0.00082547138500364988 0.00048410811637770009 0.00099154985470740011 0.0010985275367309502
decision_type=2 2 2 2 2 2
left_child=-1 5 4 -4 -3 -2
right_child=1 2 3 -5 -6 -7
leaf_value=0.034910293572421279 -0.014334210285867423 0.0053222675984815494 -0.02324661956859226 0.015429440065494014 0.085995743320769591 -0.087280059640098412
leaf_weight=8.3430033773183805 4.9398522078990919 8.7902205884456617 34.162832841277122 28.670652478933334 6.0168225839734069 4.9352644383907318
leaf_count=37 26 43 173 146 30 22
internal_value=2.19533e-05 -0.00330401 0.00273577 -0.0055989 0.0381038 -0.0507902
internal_weight=95.8586 87.5156 77.6405 62.8335 14.807 9.87512
internal_count=477 440 392 319 73 48
is_linear=0
shrinkage=0.08


Tree=41
num_leaves=9
num_cat=0
split_feature=20 20 29 13 28 29 24 26
split_gain=1.84123 3.02547 2.8775 3.40774 4.32485 2.62992 2.14805 0.509682
threshold=0.73278131442719197 0.7534014024112442 0.36406729512944319 0.071445582415640765 0.0026503584106501005 0.56718111173846097 -9.2059449886365389e-06 0.0012109988094835503
decision_type=2 2 2 2 2 2 2 2
left_child=2 -2 7 6 -5 -3 -4 -1
right_child=1 5 3 4 -6 -7 -8 -9
leaf_value=0.03633158975557825 -0.07496275183534333 -0.043131458524681754 0.08823031294673099 -0.024352013610267603 0.017039123207562894 0.036685971206389931 0.0059622777061983899 0.081922592267026514
leaf_weight=3.5281416252255431 5.1921624094247809 4.9402605593204481 4.2895613014698029 35.663074493408203 29.536966681480408 5.6789842694997787 3.8582602813839895 2.8266963884234428
leaf_count=25 24 25 21 180 139 26 21 16
internal_value=2.18042e-05 -0.0249162 0.004969 0.000494761 -0.00560097 -0.000446509 0.0492737 0.0566109
internal_weight=95.5141 15.8114 79.7027 73.3479 65.2 10.6192 8.14782 6.35484
internal_count=477 75 402 361 319 51 42 41
is_linear=0
shrinkage=0.08


Tree=42
num_leaves=11
num_cat=0
split_feature=19 26 17 15 9 26 29 22 12 0
split_gain=1.67806 3.30118 3.1769 3.2556 2.9736 2.5585 2.52004 3.83955 2.98261 2.04423
threshold=0.41666243793112062 0.00070668282805645005 0.50000000000000011 -0.00041635998007384997 0.49303095579778627 0.00053279942343905002 0.66123387774912279 5.2278679509731143 0.39688648143617483 25.126681887382841
decision_type=2 2 2 2 2 2 2 2 2 2
left_child=1 2 3 -1 9 -4 7 -3 -8 -2
right_child=4 6 5 -5 -6 -7 8 -9 -10 -11
leaf_value=0.056125483832296749 0.041220347383603237 -0.06247332419188642 -0.011536346577122837 -0.014787765588448014 -0.066001087521455823 -0.10098060714017723 0.09088003554195534 0.018152302333356782 0.019121319480809636 -0.025467478193033827
leaf_weight=5.2759424597024944 4.9417130798101443 4.5202706605196026 4.0181245505809766 19.301783844828606 6.3422475457191458 4.1716568320989609 5.7649311795830753 23.089003257453442 10.384767219424246 7.2692045569419861
leaf_count=26 23 21 20 101 30 22 28 117 53 36
internal_value=2.37598e-05 0.00525679 -0.0139445 0.000434726 -0.021561 -0.0570969 0.0196351 0.00495204 0.0447369 0.00152084
internal_weight=95.0796 76.5265 32.7675 24.5777 18.5532 8.18978 43.759 27.6093 16.1497 12.2109
internal_count=477 388 169 127 89 42 219 138 81 59
is_linear=0
shrinkage=0.08


Tree=43
num_leaves=5
num_cat=0
split_feature=21 5 23 1
split_gain=1.65693 2.31071 3.85991 2.28036
threshold=9.472760953539991 -0.0047910816444590486 -2.8256805570837735 -0.11088811095412858
decision_type=2 2 2 2
left_child=-1 -2 -3 -4
right_child=1 2 3 -5
leaf_value=0.058108989352548879 -0.049792623449524946 0.090174295060650403 0.036717640973938169 -0.0063889852102563538
leaf_weight=3.0415218472480765 6.0256813019514075 3.0279389247298232 8.7913105487823469 73.671567551791668
leaf_count=15 27 16 42 377
internal_value=1.96405e-05 -0.00191094 0.00146392 -0.00179342
internal_weight=94.558 91.5165 85.4908 82.4629
internal_count=477 462 435 419
is_linear=0
shrinkage=0.08


Tree=44
num_leaves=6
num_cat=0
split_feature=19 19 19 12 20
split_gain=1.61357 5.18519 2.33787 2.69894 2.10647
threshold=0.084322779551881707 0.11509044402833607 0.17610026767928119 -0.085588132189326996 0.54058366117863443
decision_type=2 2 2 2 2
left_child=-1 -2 4 -4 -3
right_child=1 2 3 -5 -6
leaf_value=0.03596265543033398 -0.067590449676849546 0.084045279392380087 -0.051440717394275172 0.002113641005569909 0.013590942076739323
leaf_weight=7.3698285669088355 7.2929160818457595 3.7627700865268698 6.7012755721807471 59.46655098348856 9.7622561901807767
leaf_count=36 36 21 34 302 48
internal_value=2.12067e-05 -0.00302392 0.00288475 -0.00331018 0.0331919
internal_weight=94.3556 86.9858 79.6929 66.1678 13.525
internal_count=477 441 405 336 69
is_linear=0
shrinkage=0.08


Tree=45
num_leaves=9
num_cat=0
split_feature=23 24 21 12 8 9 22 13
split_gain=1.53841 4.54055 3.5537 5.49205 2.49284 2.92143 4.80283 4.0497
threshold=0.82143367739969242 0.00010259660845745001 9.8217872858546844 1.6427708243786705 0.00044752886476810005 0.46009731519003499 5.3675353786082249 0.088618323898944654
decision_type=2 2 2 2 2 2 2 2
left_child=4 -2 -3 -4 5 6 -1 -7
right_child=1 2 3 -5 -6 7 -8 -9
leaf_value=0.10047482396612882 0.075504816293559915 0.043891597248600513 -0.10753667089688351 0.01121077932349784 -0.054964341162450595 0.030348514649848876 -0.016339482009431645 -0.020263877477232045
leaf_weight=4.4219512194395048 6.3559966608881977 6.3445164114236858 3.8937474340200406 6.9274664893746376 6.0543801560997954 13.306897610425947 4.5916707441210747 42.218968369066715
leaf_count=22 36 34 20 33 31 67 23 211
internal_value=2.27357e-05 0.0177419 -0.00364607 -0.0315176 -0.00588126 -0.00127683 0.0409679 -0.0081345
internal_weight=94.1156 23.5217 17.1657 10.8212 70.5939 64.5395 9.01362 55.5259
internal_count=477 123 87 53 354 323 45 278
is_linear=0
shrinkage=0.08


Tree=46
num_leaves=10
num_cat=0
split_feature=20 21 2 20 20 29 2 3 4
split_gain=1.54419 2.91452 2.89745 2.6902 5.20719 4.04692 3.13537 3.07087 2.03926
threshold=0.73278131442719197 9.7856528078134719 0.0054524861713264013 0.65188978947665033 0.62375251780295338 0.49808335126878239 0.0029966574811594502 0.0011270587267571003 -0.00079145821573444982
decision_type=2 2 2 2 2 2 2 2 2
left_child=3 -2 -3 4 5 -1 -5 -8 -6
right_child=1 2 -4 6 8 -7 7 -9 -10
leaf_value=0.043954387692694129 -0.06277647927499716 0.059807529662711467 -0.032754358460585324 0.084219465431138771 -0.022185216500373434 -0.0076842966405235901 -0.030807354697716775 0.044371126295251535 -0.10180923474859035
leaf_weight=13.123259574174879 6.7036529481410971 3.8082135766744596 5.0141006112098694 5.1195160299539593 4.0297775641083717 37.377529047429562 6.2346172258257848 7.863072544336319 4.2083457708358747
leaf_count=75 32 20 23 26 20 192 31 36 22
internal_value=2.60324e-05 -0.0230134 0.00720063 0.00461464 -0.00388576 0.00573466 0.0305968 0.0111239 -0.0628602
internal_weight=93.4821 15.526 8.82231 77.9561 58.7389 50.5008 19.2172 14.0977 8.23812
internal_count=477 75 43 402 309 267 93 67 42
is_linear=0
shrinkage=0.08


Tree=47
num_leaves=9
num_cat=0
split_feature=11 11 9 28 28 9 1 12
split_gain=1.44291 1.88103 4.89485 4.88066 3.91737 3.47959 2.2731 1.38345
threshold=0.99125072028681804 0.085313207913128006 0.50214999450405584 0.0026092916199801004 0.0026718560901169506 0.51345315591428575 0.023372717935018203 0.46746602626775707
decision_type=2 2 2 2 2 2 2 2
left_child=1 2 4 -4 -1 6 -3 -7
right_child=-2 5 3 -5 -6 7 -8 -9
leaf_value=-0.036962662355143949 0.037871824817592589 -0.01946755292463594 0.10710496786642681 0.015686468306424162 0.017101605796414933 -0.032315562772964483 0.039119975327588673 -0.094926386583340461
leaf_weight=19.689396306872368 6.0281712859868994 12.858420453965669 4.6624144986271885 18.842507563531399 15.198230072855948 5.0869420021772367 6.3220891132950774 4.0623384416103363
leaf_count=105 30 67 25 96 74 27 31 22
internal_value=2.55213e-05 -0.00260522 0.00560143 0.0338202 -0.0134104 -0.0195205 -0.000156514 -0.0601152
internal_weight=92.7505 86.7223 58.3925 23.5049 34.8876 28.3298 19.1805 9.14928
internal_count=477 447 300 121 179 147 98 49
is_linear=0
shrinkage=0.08


Tree=48
num_leaves=8
num_cat=0
split_feature=2 29 2 7 29 20 2
split_gain=1.41308 2.08004 3.47819 3.91871 3.45825 2.61689 2.58817
threshold=0.0015601547805942004 0.66123387774912279 0.0034784341230652007 -0.63404432223781082 0.6258009505238824 0.65188978947665033 0.0021832339444507005
decision_type=2 2 2 2 2 2 2
left_child=-1 4 5 -4 6 -3 -2
right_child=1 2 3 -5 -6 -7 -8
leaf_value=-0.041550316424438051 0.079770202779383265 0.025879598430302624 -0.050930479894010186 0.020564452537258131 -0.079534842972472652 0.11096310246487115 -0.0060578616268264001
leaf_weight=4.9507980421185485 2.3648441806435576 6.1960378885269147 6.6685281470417967 18.56907016038895 3.9688892289996138 3.69213005900383 45.750700205564499
leaf_count=30 13 33 35 91 20 20 235
internal_value=2.59663e-05 0.00238619 0.0174309 0.00167335 -0.00775994 0.0576488 -0.00183947
internal_weight=92.161 87.2102 35.1258 25.2376 52.0844 9.88817 48.1155
internal_count=477 447 179 126 268 53 248
is_linear=0
shrinkage=0.08


Tree=49
num_leaves=9
num_cat=0
split_feature=19 14 11 19 21 21 21 0
split_gain=1.41277 3.05942 3.02939 3.39961 3.25456 2.9115 3.68664 2.12102
threshold=0.41666243793112062 -0.00068540201320749998 0.085313207913128006 0.31318756522330488 9.7235367733635858 9.5767350113290153 9.7549086851210109 39.979688741493
decision_type=2 2 2 2 2 2 2 2
left_child=1 7 3 -3 -4 -2 -7 -1
right_child=5 2 4 -5 -6 6 -8 -9
leaf_value=0.0064490288163263701 0.039804409049192219 0.00079232662815167639 -0.085463890964514941 0.060719420845633205 -0.0098501544573908577 -0.07693663829996919 0.0051922186704477973 0.079825056346004744
leaf_weight=4.706159867346285 4.0399145558476475 30.638519383966923 4.4151864275336292 7.5517542958259574 20.833103328943253 7.2449717223644239 6.7635560929775238 5.4306451752781868
leaf_count=23 20 160 23 42 110 37 32 30
internal_value=2.87893e-05 0.0049489 -0.00157214 0.0126423 -0.0230728 -0.0200283 -0.0372834 0.0457592
internal_weight=91.6238 73.5754 63.4386 38.1903 25.2483 18.0484 14.0085 10.1368
internal_count=477 388 335 202 133 89 69 53
is_linear=0
shrinkage=0.08


end of trees

feature_importances:
Column_29=47
Column_2=36
Column_20=30
Column_6=27
Column_9=27
Column_21=21
Column_28=18
Column_3=17
Column_5=17
Column_26=17
Column_1=15
Column_0=14
Column_4=14
Column_19=14
Column_11=13
Column_12=12
Column_23=11
Column_13=8
Column_7=5
Column_14=5
Column_24=5
Column_8=4
Column_22=3
Column_15=1
Column_17=1

parameters:
[boosting: gbdt]
[objective: binary]
[metric: binary_logloss]
[tree_learner: serial]
[device_type: cpu]
[data_sample_strategy: bagging]
[data: ]
[valid: ]
[num_iterations: 50]
[learning_rate: 0.08]
[num_leaves: 15]
[num_threads: 1]
[seed: 42]
[deterministic: 0]
[force_col_wise: 0]
[force_row_wise: 0]
[histogram_pool_size: -1]
[max_depth: 4]
[min_data_in_leaf: 20]
[min_sum_hessian_in_leaf: 0.001]
[bagging_fraction: 0.8]
[pos_bagging_fraction: 1]
[neg_bagging_fraction: 1]
[bagging_freq: 0]
[bagging_seed: 400]
[bagging_by_query: 0]
[feature_fraction: 1]
[feature_fraction_bynode: 1]
[feature_fraction_seed: 30056]
[extra_trees: 0]
[extra_seed: 12879]
[early_stopping_round: 0]
[early_stopping_min_delta: 0]
[first_metric_only: 0]
[max_delta_step: 0]
[lambda_l1: 0]
[lambda_l2: 0]
[linear_lambda: 0]
[min_gain_to_split: 0]
[drop_rate: 0.1]
[max_drop: 50]
[skip_drop: 0.5]
[xgboost_dart_mode: 0]
[uniform_drop: 0]
[drop_seed: 17869]
[top_rate: 0.2]
[other_rate: 0.1]
[min_data_per_group: 100]
[max_cat_threshold: 32]
[cat_l2: 10]
[cat_smooth: 10]
[max_cat_to_onehot: 4]
[top_k: 20]
[monotone_constraints: ]
[monotone_constraints_method: basic]
[monotone_penalty: 0]
[feature_contri: ]
[forcedsplits_filename: ]
[refit_decay_rate: 0.9]
[cegb_tradeoff: 1]
[cegb_penalty_split: 0]
[cegb_penalty_feature_lazy: ]
[cegb_penalty_feature_coupled: ]
[path_smooth: 0]
[interaction_constraints: ]
[verbosity: -1]
[saved_feature_importance_type: 0]
[use_quantized_grad: 0]
[num_grad_quant_bins: 4]
[quant_train_renew_leaf: 0]
[stochastic_rounding: 1]
[linear_tree: 0]
[max_bin: 255]
[max_bin_by_feature: ]
[min_data_in_bin: 3]
[bin_construct_sample_cnt: 200000]
[data_random_seed: 175]
[is_enable_sparse: 1]
[enable_bundle: 1]
[use_missing: 1]
[zero_as_missing: 0]
[feature_pre_filter: 1]
[pre_partition: 0]
[two_round: 0]
[header: 0]
[label_column: ]
[weight_column: ]
[group_column: ]
[ignore_column: ]
[categorical_feature: ]
[forcedbins_filename: ]
[precise_float_parser: 0]
[parser_config_file: ]
[objective_seed: 16083]
[num_class: 1]
[is_unbalance: 0]
[scale_pos_weight: 1]
[sigmoid: 1]
[boost_from_average: 1]
[reg_sqrt: 0]
[alpha: 0.9]
[fair_c: 1]
[poisson_max_delta_step: 0.7]
[tweedie_variance_power: 1.5]
[lambdarank_truncation_level: 30]
[lambdarank_norm: 1]
[label_gain: ]
[lambdarank_position_bias_regularization: 0]
[eval_at: ]
[multi_error_top_k: 1]
[auc_mu_weights: ]
[num_machines: 1]
[local_listen_port: 12400]
[time_out: 120]
[machine_list_filename: ]
[machines: ]
[gpu_platform_id: -1]
[gpu_device_id: -1]
[gpu_use_dp: 0]
[num_gpu: 1]

end of parameters

pandas_categorical:null
