tree
version=v4
num_class=1
num_tree_per_iteration=1
label_index=0
max_feature_idx=31
objective=binary sigmoid:1
feature_names=Column_0 Column_1 Column_2 Column_3 Column_4 Column_5 Column_6 Column_7 Column_8 Column_9 Column_10 Column_11 Column_12 Column_13 Column_14 Column_15 Column_16 Column_17 Column_18 Column_19 Column_20 Column_21 Column_22 Column_23 Column_24 Column_25 Column_26 Column_27 Column_28 Column_29 Column_30 Column_31
feature_infos=[6.7224238450181133:95.743254342146841] [-0.30184358296943969:0.29507274703148312] [-0.44761139041341091:1.4644612827173336] [0.00069703525938649995:0.024984352500764001] [0:1] [0:1] [-0.0052638729765830004:0.0056022387937636996] [-0.0116851642665733:0.0145964837419155] [0.00022258894528928447:0.0027103783156492344] [-1:1] [-0.0064835251458213996:0.0052476720335971] [-0.0062785560635026001:0.010157725819827599] [-0.0123754067034907:0.015375162595494599] [0:1] [0:1] [-8.7894413640707914:9.6994184909778323] [-0.0090713252189746994:0.0128578944484372] [-1.116473476093405:10] [0:0.39999999999933328] [0.20000000000000001:1] [0.050832595826285396:79.115615403162892] [0:1] [0:0.2614251483216119] [0:0.32843205803864001] [0.54124114969298931:3.4444428770411677] [0:0.0026429812695208713] [-0.57894736842105265:0.68421052631578938] [0:0.55002160754647311] [0:3.1481524889758008] [0.10000000000000001:0.90000000000000002] [0:0.60350357457289239] [0:0.99999999967395137]
tree_sizes=2399 2290 3699 2069 2180 2187 2303 4021 2299 2170 2630 1864 2525 1860 2176 2068 2623

Tree=0
num_leaves=21
num_cat=0
split_feature=1 8 1 24 12 0 25 23 26 17 25 25 24 12 30 23 31 16 17 2
split_gain=44.1914 27.5949 18.7614 37.2656 22.8583 18.9067 18.487 18.8961 13.6298 33.6128 31.6536 24.4442 19.3934 18.5064 13.3844 12.9875 12.0431 11.0207 9.5763 7.38887
threshold=0.13122010047199237 0.0018333404674274795 0.04469724321749876 0.97389309372684874 0.0012726606509022502 68.051527459811169 0.00092850354271515592 0.055390335495930081 0.10526315789473685 -0.098366149049501986 0.0012296696048535592 0.00063734989404532253 0.8380299530647296 -0.0018606681921417498 0.29055157417259508 0.11877213192073204 0.16539828362240863 0.00077541433435170018 1.129618911092342 0.69353205196099255
decision_type=2 2 2 2 2 2 2 2 2 2 2 2 2 2 2 2 2 2 2 2
left_child=1 2 8 4 -4 19 7 -6 11 12 15 13 -10 -1 16 -11 -13 -15 -2 -5
right_child=18 -3 3 5 6 -7 -8 -9 9 10 -12 14 -14 17 -16 -17 -18 -19 -20 -21
leaf_value=0.02376226824904281 0.030528580204519002 0.025150457695207653 -0.032825629188218401 0.021191124369119307 -0.015223259745418287 -0.010350998369641479 -0.023761361987701565 0.013315582638817932 0.026484516402570279 -0.0081839593457262924 0.020106045410412828 0.00019815961301866599 -0.0030340240538818211 0.0055571191333610472 -0.02017712976169371 -0.027056580381697833 -0.010529611147982228 -0.0081143929569465912 0.010524713497363983 0.0033784519052262084
leaf_weight=16.913509607315063 16.004409849643707 12.930040538311003 19.720299243927002 15.758102059364321 14.793023347854616 18.384639084339142 18.479803502559662 14.954242944717405 16.170107841491703 132.56062579154968 12.14633387327194 248.99928534030914 12.603122949600218 199.67278695106506 12.522513151168821 13.049835801124571 39.019635915756226 20.840999722480774 16.45112270116806 15.275562703609465
leaf_count=52 45 39 104 50 68 81 91 52 48 572 39 994 52 756 60 66 172 90 59 59
internal_value=-1.03456e-08 -0.000784381 -0.00119033 -0.00786203 -0.0165055 0.00398184 -0.00969528 -0.000791368 -0.00010441 -0.00429866 -0.00757415 0.00134564 0.0135129 0.00566375 -0.00205781 -0.00991998 -0.00125055 0.00424814 0.0205669 0.0125683
internal_weight=887.25 854.794 841.864 117.366 67.9474 49.4183 48.2271 29.7473 724.499 186.53 157.757 537.969 28.7732 237.427 300.541 145.61 288.019 220.514 32.4555 31.0337
internal_count=3549 3445 3406 505 315 190 211 120 2901 777 677 2124 100 898 1226 638 1166 846 104 109
is_linear=0
shrinkage=1


Tree=1
num_leaves=20
num_cat=0
split_feature=1 8 1 30 23 18 26 17 25 25 22 12 30 31 19 8 8 3 28
split_gain=42.6404 26.6257 18.0986 17.7349 19.0062 20.1109 13.1429 32.4194 30.5396 23.5761 21.683 17.8557 12.9139 11.6158 10.7519 10.4966 10.3934 10.1185 6.33858
threshold=0.13122010047199237 0.0018333404674274795 0.04469724321749876 0.15278071400864376 0.071559528327437408 1.0000000180025095e-35 0.10526315789473685 -0.098366149049501986 0.0012296696048535592 0.00063734989404532253 0.089987054380471471 -0.0018606681921417498 0.29055157417259508 0.16539828362240863 0.50000000000000011 0.00097687111550279183 0.00034704370033867578 0.012626841810612353 0.91030978055989864
decision_type=2 2 2 2 2 2 2 2 2 2 2 2 2 2 2 2 2 2 2
left_child=1 2 6 4 5 -4 9 18 10 11 -9 -1 13 -11 -5 -7 -13 -2 -8
right_child=17 -3 3 14 -6 15 7 8 -10 12 -12 16 -14 -15 -16 -17 -18 -19 -20
leaf_value=0.02334160276176531 0.01025335989013264 0.024706837692876283 0.0012394017749599105 0.011786845240989365 0.0038240763091523839 -0.029131942012459836 0.02093551618729533 -0.0076045400009491157 0.019750545991162698 0.00019460521023662237 -0.032754490990146358 0.012225847844082574 -0.019820236334884823 -0.010341081528309972 -0.0077720902873919737 -0.011405778485612845 0.0022524265792275146 0.030797580465865559 0.0036544980048949616
leaf_weight=16.911122560501099 17.016834512352943 12.927995681762694 14.696638077497481 19.483808964490891 17.916194632649422 30.360291674733162 15.756450071930887 133.5168783813715 12.145106166601179 248.99928534030914 12.088976815342901 42.004102990031242 12.521238908171652 39.018553853034973 16.710186719894409 18.186808258295059 178.50780037045479 15.434514343738554 13.01391665637493
leaf_count=52 61 39 58 69 69 156 50 574 39 994 64 148 60 172 72 81 698 43 50
internal_value=0 -0.000770343 -0.00116913 -0.0077223 -0.0123943 -0.0170296 -0.000102526 -0.00422135 -0.00743834 0.00132131 -0.00974271 0.00556215 -0.00202105 -0.00122796 0.0026877 -0.0226024 0.00417146 0.0202042 0.0132715
internal_weight=887.217 854.765 841.837 117.354 81.1599 63.2437 724.483 186.521 157.751 537.962 145.606 237.423 300.539 288.018 36.194 48.5471 220.512 32.4513 28.7704
internal_count=3549 3445 3406 505 364 295 2901 777 677 2124 638 898 1226 1166 141 237 846 104 100
is_linear=0
shrinkage=0.018


Tree=2
num_leaves=33
num_cat=0
split_feature=20 8 30 25 22 30 23 19 24 17 24 3 8 2 28 17 11 20 17 12 22 23 25 22 17 19 17 24 12 31 17 7
split_gain=44.8543 23.6946 16.9706 22.4634 33.818 20.2796 19.0726 16.3322 22.4302 19.5775 28.3057 17.2519 36.3061 16.6549 20.1147 16.5476 16.0958 15.5361 14.5602 13.1798 13.149 10.6468 10.4574 12.3072 13.6603 12.1019 9.97808 13.0106 9.92776 9.44306 9.22083 8.52207
threshold=0.051324314881517431 0.0014338903679141409 0.04972492640140757 0.00057436209825799595 0.03455035241687595 0.29055157417259508 0.010891714886752203 0.75000000000000011 0.77066830602136782 -0.075401444398133635 0.87569163806992911 0.0021582933414730008 0.00058173476289419073 0.84269261233180492 0.97739128735635672 0.62457897272028073 -0.00070505204233484988 0.050929481989357407 2.8078190192184187 0.00013572257922260002 0.0083755441106855375 0.064148897270117036 0.00039360220724727073 0.040471715253802533 0.76588138036964348 0.50000000000000011 -0.36433402574707724 0.89035118202158325 0.0013011753821612502 0.019965740710446499 1.5445241942735304 0.00054674051180170007
decision_type=2 2 2 2 2 2 2 2 2 2 2 2 2 2 2 2 2 2 2 2 2 2 2 2 2 2 2 2 2 2 2 2
left_child=2 -2 7 22 6 16 -5 9 -9 10 -1 19 15 14 18 -13 -6 -16 -10 30 -14 -18 -4 24 25 -24 -8 -28 -15 -30 -11 -12
right_child=1 -3 3 4 5 -7 26 8 13 11 31 12 20 28 17 -17 21 -19 -20 -21 -22 -23 23 -25 -26 -27 27 -29 29 -31 -32 -33
leaf_value=0.016710102032104511 0.00414900270136588 0.031831544150354087 -0.00013847300206901414 0.022958248892496012 0.007415933949594361 -0.029322100948128382 0.016347500645509151 -0.018287003548492827 0.0015797597726098188 -0.030348608284564354 -0.0012061090460116102 -0.004233416436881317 0.0088478680825665023 -0.021739395437990066 0.015773057552342467 0.020592269346614629 -0.0014750832842953256 0.00044443096129820071 -0.017505724593467945 -0.0045288865832320939 -0.011058652317252223 -0.019770736696750831 0.010765133798955948 0.023458556804957349 0.019972738467552559 -0.013525871844541657 -0.0068726104008578074 0.0058170166872844277 0.0038212471633635816 -0.017576378199480405 -0.012939623648240429 -0.023211451639457099
leaf_weight=27.479310408234596 19.804848536849022 20.773090317845345 24.481625348329544 16.146768748760223 20.207078769803047 14.522281080484388 14.023192584514616 18.88988770544529 83.286450386047363 21.224544569849968 15.058821067214014 13.912233307957647 11.526473090052603 12.139384329318998 59.863684117794037 22.205472514033318 18.443569868803024 33.903168469667435 15.153425410389898 21.995252549648285 121.89442886412144 24.29870793223381 13.993883401155474 25.269252300262451 17.078486979007721 12.365196943283079 46.392034098505974 59.638926044106483 22.064080774784092 9.3501785695552808 20.427961334586143 9.3305906504392606
leaf_count=92 76 57 98 50 75 75 47 89 328 110 61 58 42 59 203 71 75 135 71 92 540 116 50 78 55 56 198 225 85 44 92 46
internal_value=0 0.0184519 -0.000886941 0.00248749 -0.000718268 -0.010213 0.00466788 -0.00281071 0.000492566 -0.00576982 0.00418862 -0.00799776 -0.00496684 0.00201936 0.0043063 0.0109772 -0.00570258 0.010269 -0.00135296 -0.0159982 -0.00931067 -0.0119718 0.00985628 0.0134494 0.00750402 -0.000540123 0.00215986 0.000237594 -0.00799149 -0.00251529 -0.0219522 -0.00982508
internal_weight=887.144 40.5779 846.566 306.861 213.673 77.4716 136.201 539.705 254.65 285.055 51.8687 233.186 169.539 235.76 192.207 36.1177 62.9494 93.7669 98.4399 63.6478 133.421 42.7423 93.1884 68.7068 43.4376 26.3591 120.054 106.031 43.5536 31.4143 41.6525 24.3894
internal_count=3549 133 3416 1198 861 341 520 2218 1014 1204 199 1005 711 925 737 129 266 338 399 294 582 191 337 239 161 106 470 423 188 129 202 107
is_linear=0
shrinkage=0.018


Tree=3
num_leaves=18
num_cat=0
split_feature=20 8 1 1 24 30 0 22 25 29 12 3 0 24 30 30 22
split_gain=43.2889 22.883 21.6141 19.9232 33.6724 21.3153 17.5459 17.0052 19.1526 14.1436 14.2214 20.9897 19.2072 11.2457 6.46435 2.86091 0.730741
threshold=0.051324314881517431 0.0014338903679141409 0.13122010047199237 0.043177732760049957 0.96511082498396439 0.15278071400864376 68.051527459811169 0.029523499148246674 0.00073015361034721536 0.89941823240806618 -0.0037693214561049996 0.0011219069693975501 18.471569858466918 0.97389309372684874 0.087046018917905255 0.063750294311752817 0.022517884503430077
decision_type=2 2 2 2 2 2 2 2 2 2 2 2 2 2 2 2 2
left_child=2 -2 3 9 7 6 -6 16 -9 10 13 -12 -13 15 -10 -1 -5
right_child=1 -3 -4 4 5 -7 -8 8 14 -11 11 12 -14 -15 -16 -17 -18
leaf_value=-0.022624431645765809 0.0040748668672021694 0.031287278976307994 0.016159809391481685 -0.032620964105113531 0.0056673733423676029 0.018139186893551665 -0.021188217364835532 0.0046244495250652102 -0.012352782456523064 -0.018645315602609437 -0.023325219528009741 0.022772351838765172 0.00071319298637006145 0.0047260291816052626 -0.031503474101184557 -0.0091354892724174498 -0.023092489328618872
leaf_weight=15.122852161526682 19.80492177605629 20.756776317954063 23.300766557455063 13.753609314560892 17.740185543894771 18.58380064368248 13.819925948977469 17.539710655808449 16.860225871205333 13.087905943393705 11.386264830827711 12.915939345955847 634.00930726528168 10.000374272465704 9.4823627769947034 9.3820904940366727 9.5127919018268567
leaf_count=74 76 57 78 73 67 61 67 67 76 62 56 40 2519 38 50 41 47
internal_value=0 0.0181307 -0.000871353 -0.00135956 -0.00822487 0.0028872 -0.00605193 -0.016551 -0.00980579 -0.000213496 0.000134762 0.000730087 0.00116296 -0.0110993 -0.0194876 -0.0176565 -0.0290133
internal_weight=887.06 40.5617 846.498 823.197 117.293 50.1439 31.5601 67.1487 43.8823 705.905 692.817 658.312 646.925 34.5053 26.3426 24.5049 23.2664
internal_count=3549 133 3416 3338 508 195 134 313 193 2830 2768 2615 2559 153 126 115 120
is_linear=0
shrinkage=0.018


Tree=4
num_leaves=19
num_cat=0
split_feature=20 8 1 1 24 30 0 22 12 12 0 8 26 17 8 24 18 20
split_gain=41.7891 22.1184 20.8562 19.2322 32.5109 20.5645 16.9348 16.4527 15.2679 12.8544 20.2935 12.2864 12.0427 33.7357 17.0538 10.8569 2.83142 0.147253
threshold=0.051324314881517431 0.0014338903679141409 0.13122010047199237 0.043177732760049957 0.96511082498396439 0.15278071400864376 68.051527459811169 0.0267347166747046 0.0015616799937596502 -0.0037693214561049996 20.838470523478787 0.00078688954970118131 0.10526315789473685 -0.098366149049501986 0.00034704370033867578 0.97389309372684874 0.10833333333315277 0.050908662522671275
decision_type=2 2 2 2 2 2 2 2 2 2 2 2 2 2 2 2 2 2
left_child=2 -2 3 9 7 6 -6 17 -9 15 -11 -10 14 -14 -12 16 -1 -5
right_child=1 -3 -4 4 5 -7 -8 8 11 10 12 -13 13 -15 -16 -17 -18 -19
leaf_value=-0.010675333057451915 0.0040020894220488441 0.030767103750894104 0.015876739277654314 -0.025617768473028327 0.0055662292694623732 0.017819386918632617 -0.020819025942209093 -0.026414787535395612 0.0084229026386205205 0.019005305064390542 0.012263648143199805 -0.013306181170111234 0.014297041209242269 -0.0075223156066852063 0.00023928654727336469 0.0046423404799731611 -0.023720889712111014 -0.033910519939224261
leaf_weight=12.372636660933496 19.804827705025673 20.73053053021431 23.292059734463692 9.8636108189821261 17.740141868591312 18.579533979296684 13.814534381031988 13.591226711869238 14.733562633395193 18.205518558621407 41.813866749405861 19.092337265610695 26.882330819964409 150.37919491529465 434.1099568605423 10.000107795000075 12.127615377306936 9.8348978310823423
leaf_count=55 76 57 78 50 67 61 67 69 54 59 147 87 92 647 1732 38 60 53
internal_value=0 0.0178195 -0.000856189 -0.00133576 -0.00808237 0.00283591 -0.00594384 -0.0162664 -0.010378 -0.000209832 0.000337953 -0.00376676 -0.000182453 -0.00418882 0.00130493 -0.0109032 -0.0173475 -0.0301191
internal_weight=886.968 40.5354 846.433 823.141 117.25 50.1342 31.5547 67.1156 47.4171 705.891 671.391 33.8259 653.185 177.262 475.924 34.5004 24.5003 19.6985
internal_count=3549 133 3416 3338 508 195 134 313 210 2830 2677 141 2618 739 1879 153 115 103
is_linear=0
shrinkage=0.018


Tree=5
num_leaves=19
num_cat=0
split_feature=1 8 3 8 26 8 16 8 22 17 23 24 17 7 3 7 2 10
split_gain=37.8775 23.6408 17.2031 20.3851 21.0919 29.7072 17.6909 22.142 22.086 19.0703 17.2754 16.2288 23.2813 17.3644 9.55088 9.37083 28.95 2.36705
threshold=0.13122010047199237 0.0018333404674274795 0.0011219069693975501 0.00052298540831473793 0.10526315789473685 0.00041219404776302585 0.0011090221164828504 0.0010352943965074586 0.018772893858067779 -0.098366149049501986 0.059747635522526064 1.0382381872107096 0.096282167214394268 0.00051512742210625012 0.012626841810612353 -0.0011847001311494998 0.1824656033496164 -1.9025848673968278e-05
decision_type=2 2 2 2 2 2 2 2 2 2 2 2 2 2 2 2 2 2
left_child=1 2 -1 4 15 17 11 9 -9 -8 -7 12 -5 -13 -2 -4 -17 -6
right_child=14 -3 3 6 5 10 7 8 -10 -11 -12 13 -14 -15 -16 16 -18 -19
leaf_value=-0.022941651326742991 0.0093973933949552304 0.023320101835716988 0.019149310980265701 0.0046930146942903775 -0.01542143606324845 -0.0049557423514237425 0.00057693427342887143 -0.018421146193151598 0.01100988790654087 -0.017652724408220678 0.018238230193500512 0.0012151822143625444 -0.0050137449333123949 0.018820121868404194 0.029367795703069206 -0.015194874783263914 0.010013559672139008 -0.028951884052760921
leaf_weight=11.383674338459967 16.994811162352562 12.885694250464438 21.621036782860756 109.77913762629032 11.226595759391786 25.927412480115891 24.842377662658691 11.217965513467787 29.859282180666924 70.452512100338936 17.057939067482948 67.823399394750595 292.76389387249947 24.842613995075226 15.390237763524054 17.226070448756218 96.028150796890259 9.4949504286050779
leaf_count=56 61 39 70 419 52 109 99 53 107 332 56 268 1230 81 43 79 346 49
internal_value=0 -0.000725471 -0.00110095 -0.000794118 0.00422924 -0.00427164 -0.00237847 -0.00811751 0.00286917 -0.0128787 0.00421718 -0.000790603 -0.00235911 0.00598673 0.0190625 0.00826482 0.0061405 -0.0219142
internal_weight=886.818 854.433 841.547 830.163 198.582 63.7069 631.581 136.372 41.0772 95.2949 42.9854 495.209 402.543 92.666 32.385 134.875 113.254 20.7215
internal_count=3549 3445 3406 3350 761 266 2589 591 160 431 165 1998 1649 349 104 495 425 101
is_linear=0
shrinkage=0.018


Tree=6
num_leaves=20
num_cat=0
split_feature=20 8 16 30 26 16 20 8 18 19 23 27 16 23 8 30 22 23 8
split_gain=39.6534 20.9349 19.6835 15.375 23.3108 34.4574 32.0997 31.5811 21.5174 19.9486 16.7104 15.6995 24.8167 13.8947 17.8336 19.8101 11.5754 11.433 2.09547
threshold=0.051324314881517431 0.0014338903679141409 0.0042204117959479511 0.04972492640140757 0.10526315789473685 0.00098916561770880031 0.050921194666942636 0.0011920580019951193 0.091666666666513866 0.75000000000000011 0.1119384182726615 0.19354927146628165 0.00077541433435170018 0.011307404130038114 0.00055462497525056865 0.31047282917183744 0.038942197045568949 0.065763285188746648 0.00080654455270189106
decision_type=2 2 2 2 2 2 2 2 2 2 2 2 2 2 2 2 2 2 2
left_child=2 -2 3 4 5 6 9 11 -8 -1 13 12 -6 -5 17 -16 -7 -15 -13
right_child=1 -3 -4 10 7 16 8 -9 -10 -11 -12 18 -14 14 15 -17 -18 -19 -20
leaf_value=0.00011010863596708677 0.0039344691170709106 0.029998648951838763 0.020056639899672289 0.019100648405956759 -0.015390095814074431 -0.027193565692608293 -0.0025152013479962515 0.01146416637288814 -0.021890117018393166 0.010656706384104443 -0.013293702244281218 -0.031708768809284242 0.0022387523903698702 0.0036499947387412029 0.00091877854728517039 -0.019722985347408503 -0.0066779505589602784 0.017453589421376526 -0.018898615302473932
leaf_weight=129.73885434865952 19.803805202245712 20.667435258626938 14.202218577265738 16.689305141568184 74.468275144696236 18.424144014716148 77.682647809386253 21.17042176425457 24.456585884094238 105.87531967461109 21.155085325241089 11.695430904626848 39.174862027168274 50.153715386986732 163.83181141316891 16.423200160264969 18.211014211177826 32.404892325401306 10.453709140419958
leaf_count=518 76 57 45 54 344 94 319 75 119 379 96 62 154 193 650 79 78 107 50
internal_value=0 0.0173727 -0.000833312 -0.00119669 -0.00303905 -0.000589083 0.00120471 -0.00885939 -0.00720609 0.00486453 0.0020502 -0.0120569 -0.00929444 0.00322771 0.00219916 -0.00096178 -0.0171376 0.00912248 -0.0259516
internal_weight=886.683 40.4712 846.211 832.009 531.351 374.389 337.753 156.963 102.139 235.614 300.658 135.792 113.643 279.503 262.814 180.255 36.6352 82.5586 22.1491
internal_count=3549 133 3416 3371 2192 1507 1335 685 438 897 1179 610 498 1083 1029 729 172 300 112
is_linear=0
shrinkage=0.018


Tree=7
num_leaves=36
num_cat=0
split_feature=20 25 30 25 22 30 23 26 25 20 18 22 0 19 0 28 11 26 3 29 3 23 25 22 17 19 23 24 17 31 6 10 3 10 11
split_gain=38.3007 19.452 15.3021 20.4398 31.458 18.8084 17.481 15.9963 46.7484 32.716 27.8283 27.8334 21.5078 21.147 19.6068 18.3414 15.3461 11.8897 11.7465 13.0122 14.6287 10.7732 10.0421 11.6597 13.1021 11.6683 10.0364 9.88304 9.74601 8.24068 6.90483 6.69117 4.76487 3.6821 0.571205
threshold=0.051324314881517431 0.0011618322844600662 0.04972492640140757 0.00057436209825799595 0.03455035241687595 0.29055157417259508 0.011307404130038114 0.10526315789473685 0.0011695213385450617 0.050910622827356831 0.091666666666513866 0.038005729856127095 63.658586147987549 0.75000000000000011 28.91170039358941 0.98094211453218072 -0.00070505204233484988 1.0000000180025095e-35 0.0016299155173039 0.49878717587185489 0.0027257633818305502 0.041714553755697797 0.00039360220724727073 0.040471715253802533 0.76588138036964348 0.50000000000000011 0.064148897270117036 0.87747395719136911 1.6375358728137066 0.15785190987689396 0.00010247692042000002 -9.4418069363450465e-05 0.0065835108429010006 -0.00012581157734419996 -9.5618953332554248e-05
decision_type=2 2 2 2 2 2 2 2 2 2 2 2 2 2 2 2 2 2 2 2 2 2 2 2 2 2 2 2 2 2 2 2 2 2 2
left_child=2 -2 7 22 6 16 -5 9 18 12 11 29 13 14 -1 -15 -6 30 33 31 -21 -19 -4 24 25 -24 -18 -13 -10 -11 -8 -20 34 -9 -12
right_child=1 -3 3 4 5 -7 17 8 28 10 32 27 -14 15 -16 -17 26 21 19 20 -22 -23 23 -25 -26 -27 -28 -29 -30 -31 -32 -33 -34 -35 -36
leaf_value=0.015944949843135905 0.0033907914010328495 0.028610245759500545 -0.00037727007455802075 0.021386752256938077 0.0073179498181226649 -0.028260885256340025 -0.00063440206676562542 -0.014961043823838725 0.023250980245078823 -0.0073892116324545979 -0.032012477063105609 0.015275449405852608 -0.014084900662610235 0.004214241841619849 -0.0031282349121898377 0.020035213826392718 -0.0014181361973794101 0.0014577240901704185 -0.0095800403701350977 0.0036955736685304079 -0.012261026552110647 0.016043114154824567 0.010376613717592846 0.022688192767722954 0.01936798035600891 -0.01347563420516131 -0.019189862867644934 -0.0034452929429975572 0.0028819984198713454 -0.024706861435230276 -0.016211928893941199 -0.025802232011690355 -0.013316499261819591 -0.030105840915941755 -0.022489236010553512
leaf_weight=20.836441770195961 18.668797194957733 21.752728387713432 24.471088752150536 17.258711025118828 20.203907206654549 14.490698739886282 32.752271920442581 11.218505546450617 14.415234223008158 47.499458536505699 10.223687618970871 25.752239763736725 20.76796481013298 54.131798103451729 103.81088615953922 43.065084934234619 18.438767999410629 48.010159134864807 16.300580337643623 33.54502446949482 40.987111285328865 25.188551336526871 13.988209947943689 25.245050057768822 17.071712180972099 12.362284570932387 24.283414602279663 13.724208101630209 16.770241305232048 11.181263267993925 12.909687250852583 18.800893917679787 14.036090210080145 13.013984277844427 9.318086251616478
leaf_count=70 72 61 98 54 75 75 132 52 44 204 54 88 95 207 428 138 75 189 72 130 185 85 50 78 55 56 116 57 65 56 60 95 64 68 46
internal_value=0 0.0170847 -0.000818629 0.00238642 -0.000672071 -0.0098334 0.00452364 -0.00264602 -0.00731295 -0.000579028 -0.00780157 -0.00291824 0.00333399 0.00498524 5.37967e-05 0.0112719 -0.00548998 0.00202854 -0.0119458 -0.0093742 -0.00505021 0.00653609 0.0094173 0.0129403 0.00715239 -0.000724674 -0.0116144 0.00871054 0.0124498 -0.0107895 -0.00513613 -0.0184183 -0.0219203 -0.0233404 -0.0278145
internal_weight=886.495 40.4215 846.073 306.675 213.536 77.4168 136.119 539.399 165.052 374.347 131.735 98.1572 242.612 221.844 124.647 97.1969 62.9261 118.861 133.866 109.634 74.5321 73.1987 93.1383 68.6673 43.4222 26.3505 42.7222 39.4764 31.1855 58.6807 45.662 35.1015 33.5779 24.2325 19.5418
internal_count=3549 133 3416 1198 861 341 520 2218 711 1507 569 405 938 843 498 345 266 466 602 482 315 274 337 239 161 106 191 145 109 260 192 167 164 120 100
is_linear=0
shrinkage=0.018


Tree=8
num_leaves=20
num_cat=0
split_feature=20 8 16 30 26 16 20 8 18 19 23 27 16 23 8 30 22 23 8
split_gain=37.0023 19.7036 18.6223 14.2919 21.7222 32.7424 29.9337 29.6 20.134 18.6188 15.7484 15.1204 23.8009 12.889 16.5505 18.6318 11.0164 10.9615 2.00053
threshold=0.051324314881517431 0.0014338903679141409 0.0042204117959479511 0.04972492640140757 0.10526315789473685 0.00098916561770880031 0.050921194666942636 0.0011920580019951193 0.091666666666513866 0.75000000000000011 0.1119384182726615 0.19354927146628165 0.00077541433435170018 0.011307404130038114 0.00055462497525056865 0.31047282917183744 0.038942197045568949 0.065763285188746648 0.00080654455270189106
decision_type=2 2 2 2 2 2 2 2 2 2 2 2 2 2 2 2 2 2 2
left_child=2 -2 3 4 5 6 9 11 -8 -1 13 12 -6 -5 17 -16 -7 -15 -13
right_child=1 -3 -4 10 7 16 8 -9 -10 -11 -12 18 -14 14 15 -17 -18 -19 -20
leaf_value=0.00011919967080250455 0.0037781188462473344 0.029100293304222563 0.019532762743084887 0.018412520198712402 -0.014916173593828016 -0.026531548802414005 -0.0024069537183636939 0.011121415936753604 -0.021156878640316543 0.0103100560070561 -0.012928000553724703 -0.030941555714799937 0.0023507764856835092 0.0034382200537747126 0.00090275344196418883 -0.019128690523761954 -0.0065027747248592293 0.016958109780529675 -0.018397499648332517
leaf_weight=129.73082721233368 19.802151307463646 20.562637969851494 14.17620414495468 16.672567173838615 74.412441864609718 18.394488349556923 77.673543825745583 21.162032470107079 24.434290394186974 105.84194731712341 21.139738872647285 11.667082116007807 39.167357921600342 50.141594111919403 163.81614002585411 16.399498268961906 18.207053273916245 32.377348825335503 10.443048596382139
leaf_count=518 76 57 45 54 344 94 319 75 119 379 96 62 154 193 650 79 78 107 50
internal_value=0 0.0168044 -0.000804746 -0.00115811 -0.00293483 -0.000569571 0.00117846 -0.00855572 -0.00694465 0.00471301 0.00197268 -0.0116533 -0.00894277 0.00311604 0.00212514 -0.000919517 -0.0167091 0.00879672 -0.0253019
internal_weight=886.222 40.3648 845.857 831.681 531.134 374.282 337.681 156.852 102.108 235.573 300.547 135.69 113.58 279.407 262.735 180.216 36.6015 82.5189 22.1101
internal_count=3549 133 3416 3371 2192 1507 1335 685 438 897 1179 610 498 1083 1029 729 172 300 112
is_linear=0
shrinkage=0.018


Tree=9
num_leaves=19
num_cat=0
split_feature=1 8 3 25 26 17 24 1 17 11 7 23 28 24 28 17 1 17
split_gain=33.4877 21.0404 16.5145 19.962 30.1057 22.5369 17.884 35.355 23.1743 19.7723 17.5364 14.4412 12.0709 11.6916 10.7675 9.1924 7.57997 4.89422
threshold=0.13122010047199237 0.0018333404674274795 0.0011219069693975501 0.00056053177917997951 0.2105263157894737 0.034523077644712907 1.0432530289080282 0.043802643864928804 0.096282167214394268 -0.00033296753379529994 0.00060494566737280011 0.11045448105802354 1.1308982212216196 0.81754042024560625 1.0402437643142262 1.129618911092342 0.018142163609482453 1.2457334946511425
decision_type=2 2 2 2 2 2 2 2 2 2 2 2 2 2 2 2 2 2
left_child=1 2 -1 4 11 -6 7 8 -5 17 -11 13 -9 -4 -13 -2 -7 -8
right_child=15 -3 3 6 5 16 9 12 -10 10 -12 14 -14 -15 -16 -17 -18 -19
leaf_value=-0.022446457978625833 0.027740547374410063 0.022085528735199901 0.0012985255957810042 0.0053716308122485797 0.006270206658078834 -0.030062526157520014 0.018772289829858006 -0.019434742921701938 -0.0044367870892084542 -0.010794987989469356 0.0076571045550247272 -0.015681583152705895 -0.0029475465442979696 0.011548421608922178 0.0069918897815681837 0.0081417346111433142 -0.0092007725832949448 0.0061310846399152043
leaf_weight=11.369893759489058 15.883870244026182 12.79234693944454 52.533214718103409 105.25882402062416 15.446907475590704 13.925932571291925 24.833320423960686 56.795867070555687 299.03628708422184 35.242120981216431 31.313918739557266 15.151120290160181 19.877055004239082 119.6427261531353 11.883589088916777 16.343265324831009 10.494181662797926 18.11090849339962
leaf_count=56 45 39 207 399 58 73 81 274 1252 156 116 70 83 423 44 59 46 68
internal_value=0 -0.000681342 -0.00103477 -0.000734036 0.00364808 -0.0105779 -0.00251338 -0.0040108 -0.00187543 0.00403572 -0.0020753 0.00651442 -0.0152098 0.00844056 -0.00563215 0.0179686 -0.0213183 0.0135437
internal_weight=885.935 853.708 840.916 829.546 239.078 39.867 590.468 480.968 404.295 109.5 66.556 199.211 76.6729 172.176 27.0347 32.2271 24.4201 42.9442
internal_count=3549 3445 3406 3350 921 177 2429 2008 1651 421 272 744 357 630 114 104 119 149
is_linear=0
shrinkage=0.018


Tree=10
num_leaves=23
num_cat=0
split_feature=20 8 16 30 25 22 26 16 25 20 18 30 28 11 23 27 27 22 26 25 22 3
split_gain=35.2575 18.8318 17.3398 13.7336 21.1316 26.3714 20.6004 31.3635 31.1835 28.7093 19.4114 16.7235 15.7918 15.2755 13.1512 11.9977 16.9338 10.619 10.0999 9.71032 11.2601 10.1079
threshold=0.051324314881517431 0.0014338903679141409 0.0042204117959479511 0.04972492640140757 0.00057436209825799595 0.03455035241687595 0.10526315789473685 0.00098916561770880031 0.001238196366484368 0.050921194666942636 0.091666666666513866 0.29055157417259508 0.97739128735635672 -0.00070505204233484988 0.011307404130038114 0.03352871108617346 0.19246961614995536 0.038942197045568949 1.0000000180025095e-35 0.00039360220724727073 0.040471715253802533 0.0023513214781552502
decision_type=2 2 2 2 2 2 2 2 2 2 2 2 2 2 2 2 2 2 2 2 2 2
left_child=2 -2 3 6 19 14 7 9 15 12 -11 13 -1 -7 -6 -8 -17 -9 -16 -5 21 -21
right_child=1 -3 -4 4 5 11 8 17 -10 10 -12 -13 -14 -15 18 16 -18 -19 -20 20 -22 -23
leaf_value=0.00020188819577784446 0.0037001858393277531 0.028489945291478986 0.01887046235343065 -0.00056591529492693385 0.019243147629470679 0.0072065854941109619 -0.02491588429876325 -0.02602602861714361 0.015080636785822884 -0.0023552258923399605 -0.020773200339178722 -0.027300674996317061 0.0095609338428758617 -0.011711456102895758 -0.0050049374997253281 -0.0056593913715181849 -0.022534682612837625 -0.0063480030131895029 0.0058555447108847017 0.016168717112572274 0.022119269958872624 -0.0011139722719336782
leaf_weight=125.01662531495094 19.799120381474495 20.462881654500961 14.131710559129713 24.460102871060371 15.33943562209606 20.20118735730648 17.859312996268272 18.360759079456329 16.267870366573334 77.663926601409912 24.411645129323006 14.077371224761007 110.50972162187099 42.315731674432755 45.652653723955154 98.467537477612495 24.124791532754898 18.201493754982948 69.781188741326332 20.070487469434738 25.210202902555466 23.328218579292297
leaf_count=498 76 57 45 98 49 75 90 94 55 319 119 73 399 190 192 420 120 78 263 67 78 94
internal_value=0 0.0164252 -0.000784772 -0.00112549 0.00194396 -0.00124365 -0.00286768 -0.000564153 -0.0083443 0.00114607 -0.00681036 -0.00963055 0.00460793 -0.00555274 0.00365337 -0.0110899 -0.00902574 -0.0163694 0.00153608 0.00906582 0.0125327 0.00684487
internal_weight=885.714 40.262 845.452 831.32 300.437 207.368 530.884 374.164 156.72 337.602 102.076 76.5943 235.526 62.5169 130.773 140.452 122.592 36.5623 115.434 93.069 68.6089 43.3987
internal_count=3549 133 3416 3371 1179 842 2192 1507 685 1335 438 338 897 265 504 630 540 172 455 337 239 161
is_linear=0
shrinkage=0.018


Tree=11
num_leaves=16
num_cat=0
split_feature=8 27 17 17 3 3 11 24 2 25 26 30 12 7 25
split_gain=30.5872 16.7106 24.9732 12.0232 19.3131 14.9297 13.3049 17.8347 20.6089 14.2144 29.7598 13.4652 11.1666 4.73178 4.33761
threshold=0.0018333404674274795 0.32190808414706262 1.6006938729605673 -0.34062715367626922 0.0038871437268166507 0.0011219069693975501 -0.00054770773075554985 0.99115872127341342 0.12890975912664954 0.00050697849316008899 0.2105263157894737 0.31047282917183744 0.0013308861045957501 -0.0012085591088739998 0.00058993884030097532
decision_type=2 2 2 2 2 2 2 2 2 2 2 2 2 2 2
left_child=1 3 -3 4 14 -5 7 8 -7 10 -8 -11 -6 -9 -1
right_child=-2 2 -4 5 12 6 9 13 -10 11 -12 -13 -14 -15 -16
leaf_value=0.0094809734976968527 0.023516233697446522 0.019455428824698525 -0.010278550300991583 -0.022052775710967001 -0.013082768384516923 -0.0078645592027224934 0.0060871913061300896 0.01816562889994729 0.0052687936163940061 -0.0038755260011673919 -0.017276636093595484 -0.021955313897932743 0.0097045918143310698 0.0065623123542939256 0.022539293205672922
leaf_weight=21.142608627676964 17.415198341012001 30.009164661169052 12.895805105566977 11.358489915728567 18.333256721496586 68.055023387074471 109.54169671237469 22.546174615621567 89.309368431568146 398.54855012893677 20.873874425888062 13.748175859451292 10.927892550826071 25.460342839360237 15.18803261220455
leaf_count=76 52 96 57 56 83 294 410 74 340 1662 99 68 40 95 47
internal_value=0 -0.000475721 0.010451 -0.00104902 0.00632744 -0.00169079 -0.00137366 0.00252039 -0.000395897 -0.0028525 0.00231142 -0.00449271 -0.00447469 0.0121075 0.0150842
internal_weight=885.354 867.938 42.905 825.033 65.5918 759.442 748.083 205.371 157.364 542.712 130.416 412.297 29.2611 48.0065 36.3306
internal_count=3549 3497 153 3344 246 3098 3042 803 634 2239 509 1730 123 169 123
is_linear=0
shrinkage=0.018


Tree=12
num_leaves=22
num_cat=0
split_feature=20 8 16 30 25 30 26 16 25 20 18 19 23 23 27 27 11 11 25 23 17
split_gain=33.6831 17.9953 16.4117 13.2046 20.2002 21.1628 19.6033 30.1321 30.0489 27.5629 18.7034 17.8853 17.5234 11.9785 11.5089 16.4148 10.4064 9.79756 9.39109 9.35437 9.33886
threshold=0.051324314881517431 0.0014338903679141409 0.0042204117959479511 0.04972492640140757 0.00057436209825799595 0.31047282917183744 0.10526315789473685 0.00098916561770880031 0.001238196366484368 0.050921194666942636 0.091666666666513866 0.75000000000000011 0.064977165876309792 0.011307404130038114 0.03352871108617346 0.19246961614995536 -5.6236915382136154e-05 0.00074574483032065013 0.00039360220724727073 0.066348598740267967 0.76588138036964348
decision_type=2 2 2 2 2 2 2 2 2 2 2 2 2 2 2 2 2 2 2 2 2
left_child=2 -2 3 6 18 12 7 9 14 11 -11 -1 13 -6 -8 -16 -14 -9 -5 20 -20
right_child=1 -3 -4 4 5 -7 8 17 -10 10 -12 -13 16 -15 15 -17 -18 -19 19 -21 -22
leaf_value=6.5997143259019671e-06 0.0036511419345031759 0.027922040305099968 0.018384276921127964 -0.00059252004565399808 0.01887593549605816 -0.019171403335601283 -0.024402842595687421 -0.027719087080896938 0.014847846365397627 -0.0023083499474203656 -0.020396848105179846 0.0099965772493297439 -0.00087068594275943329 0.0020224144752594569 -0.0055120817557499395 -0.022138711756204865 -0.017506559871018297 -0.0083266057848693162 0.00089598073494168509 0.020946335651549221 0.018667995968663746
leaf_weight=129.70226925611496 19.797844439744949 20.348696634173393 14.089250221848486 24.454877734184265 15.320648252964018 19.125522688031197 17.829180210828781 14.270423278212546 16.26014769077301 77.656130254268646 24.381640776991844 105.78022292256355 27.075538888573647 123.16778373718262 98.434229776263237 24.084712266921997 22.578794404864311 22.249203160405159 28.423060342669487 25.549168765544891 14.587341740727423
leaf_count=518 76 57 45 98 49 93 90 74 55 319 119 379 110 483 420 120 107 98 112 80 47
internal_value=0 0.0160782 -0.000766268 -0.00109749 0.00191297 -0.00120396 -0.00280619 -0.000558822 -0.00815088 0.00111684 -0.00668056 0.00450913 0.000621982 0.00392476 -0.0108476 -0.00882562 -0.0085195 -0.0160604 0.0088783 0.0122897 0.00703
internal_weight=885.167 40.1465 845.02 830.931 300.283 207.268 530.648 374.04 156.608 337.52 102.038 235.482 188.143 138.488 140.348 122.519 49.6543 36.5196 93.0144 68.5596 43.0104
internal_count=3549 133 3416 3371 1179 842 2192 1507 685 1335 438 897 749 532 630 540 217 172 337 239 159
is_linear=0
shrinkage=0.018


Tree=13
num_leaves=16
num_cat=0
split_feature=20 25 1 3 0 30 25 22 1 24 8 19 27 29 29
split_gain=32.5955 17.0272 13.9492 15.4562 18.5376 13.8446 18.5722 23.1237 16.2076 19.0722 14.2857 13.7499 10.8594 6.78664 5.16778
threshold=0.051270727317018386 0.0011618322844600662 0.15615030755322576 0.0094950062562314027 24.489787128344641 0.0070849336131183051 0.00051930475789578167 0.03455035241687595 0.04469724321749876 1.030279357340981 0.00041219404776302585 0.75000000000000011 0.24583131366966493 0.5349096237576233 0.6441834870745089
decision_type=2 2 2 2 2 2 2 2 2 2 2 2 2 2 2
left_child=2 -2 3 4 12 8 10 -8 11 -10 -7 -6 13 -1 -5
right_child=1 -3 -4 14 5 6 7 -9 9 -11 -12 -13 -14 -15 -16
leaf_value=0.012854926538524342 0.0017358750069055488 0.023669164758286173 0.015019258264213914 -0.022880152742796443 -0.0052863827208349048 -1.8449408560169192e-05 0.0036283007402201661 -0.0080017967967796356 -0.020067887358630722 0.0015809358992178073 0.015663656507201053 0.0014914094665864023 0.022518341551224119 -0.0045233546415845973 -0.0051706874370895887
leaf_weight=13.791733592748644 20.157233387231827 27.423336938023567 17.452209904789925 13.408223316073419 206.96143691241741 31.606692180037498 137.86018937826157 92.264221623539925 36.889774203300476 20.097375810146332 45.15804497897625 181.39074642956257 15.727482870221136 14.824688062071798 9.7471896260976774
leaf_count=48 79 82 58 66 876 126 532 402 181 80 151 716 49 62 41
internal_value=0 0.0144685 -0.000824467 -0.00116776 -0.00074133 -0.00141199 0.00152315 -0.00102503 -0.00344053 -0.0124017 0.00918424 -0.00211432 0.0105412 0.00378164 -0.0156225
internal_weight=884.761 47.5806 837.18 819.728 796.572 752.228 306.889 230.124 445.339 56.9872 76.7647 388.352 44.3439 28.6164 23.1554
internal_count=3549 161 3388 3330 3223 3064 1211 934 1853 261 277 1592 159 110 107
is_linear=0
shrinkage=0.018


Tree=14
num_leaves=19
num_cat=0
split_feature=1 3 1 24 12 17 29 30 7 17 12 24 27 17 16 23 23 7
split_gain=29.1156 13.413 14.0372 26.1245 22.8593 17.0594 15.7817 13.2162 12.2835 10.3809 10.288 12.5386 10.4723 11.7433 8.6713 8.37445 7.87893 6.08265
threshold=0.13122010047199237 0.0011573244019892003 0.04469724321749876 0.97389309372684874 0.0012726606509022502 0.52181472414972452 0.89941823240806618 0.0016856387390148232 0.0031339170420710007 1.1546055773388313 -0.0033846063288210499 0.99115872127341342 0.224400453361949 -0.29813301675552689 -0.0023107004604635997 0.0382539877405337 0.059747635522526064 0.0021787718798529005
decision_type=2 2 2 2 2 2 2 2 2 2 2 2 2 2 2 2 2 2
left_child=1 -1 6 4 -4 -5 10 16 -7 -2 11 15 13 -12 -14 -3 -6 -9
right_child=9 2 3 5 7 8 -8 17 -10 -11 12 -13 14 -15 -16 -17 -18 -19
leaf_value=-0.017582984764682019 0.02675253983461915 -0.018954364285669816 -0.029670041297228337 -0.011433895665824369 -0.026135631855836259 0.020579670469690236 -0.018728169230853239 -0.007300140081869225 -0.0011911631747319666 0.0059230838867152464 0.0096609795469695479 0.0095953060886058098 -0.0036084176502030022 0.00013759575513848046 0.012656729831380902 -0.0014969577887646659 -0.0039589685758853908 0.009480741160546674
leaf_weight=14.718965008854864 16.486711129546169 22.333102345466614 19.509493336081505 15.692715898156164 12.724384218454363 19.137828588485718 13.249579548835753 12.876823812723162 14.447437673807142 15.475271224975584 45.303581580519676 11.133390530943869 13.511336669325827 553.43974903225899 44.915640950202942 15.373843774199484 9.3371347934007627 14.834656476974486
leaf_count=70 47 107 104 70 66 61 63 56 59 57 163 40 56 2216 157 63 40 54
internal_value=0 -0.000633165 -0.000329071 -0.00606572 -0.0131893 0.00390478 0.000613853 -0.0066056 0.0111708 0.0168262 0.000984566 -0.00696308 0.00158079 0.000864925 0.00884969 -0.0119421 -0.0169614 0.00158886
internal_weight=884.502 852.54 837.821 118.56 69.2825 49.278 719.26 49.773 33.5853 31.962 706.011 48.8403 657.17 598.743 58.427 37.7069 22.0615 27.7115
internal_count=3549 3445 3375 510 320 190 2865 216 120 104 2802 210 2592 2379 213 170 106 110
is_linear=0
shrinkage=0.018


Tree=15
num_leaves=18
num_cat=0
split_feature=20 8 1 1 24 30 22 25 29 3 27 3 20 24 2 23 20
split_gain=31.5631 16.9348 14.772 15.0782 27.1888 18.1454 15.2098 14.7589 13.5443 13.0322 20.7109 13.8249 12.9569 8.93133 8.22243 7.49488 0.434598
threshold=0.051324314881517431 0.0014338903679141409 0.13122010047199237 0.043177732760049957 0.96511082498396439 0.15278071400864376 0.0267347166747046 0.00073015361034721536 0.89941823240806618 0.0094950062562314027 0.24583131366966493 0.0011573244019892003 0.050971500548295919 0.86806984605419857 0.90531103012695369 0.021986533292409623 0.050908662522671275
decision_type=2 2 2 2 2 2 2 2 2 2 2 2 2 2 2 2 2
left_child=2 -2 3 8 6 12 16 -8 9 10 11 -1 -6 -12 -9 -11 -5
right_child=1 -3 -4 4 5 -7 7 14 -10 15 13 -13 -14 -15 -16 -17 -18
leaf_value=-0.017282536950734336 0.0035634067021153822 0.027165351090964244 0.013423193475456967 -0.023161640084132986 -0.015594527092403117 0.016936441241065737 0.0035736219492425018 -0.023885271161957922 -0.018202482419638101 -0.0037687210517867247 0.0019666314203691119 0.00028865304013506919 0.0075087572008504947 0.019708266785193964 -0.0032907266186541508 -0.023945214256447953 -0.032245526932989467
leaf_weight=14.70800359547138 19.793678417801857 20.171676456928253 23.022904142737389 9.7278828322887438 17.691046744585041 18.536957889795303 18.185409694910049 19.001753285527233 13.062361329793928 14.425254344940187 15.048912361264227 611.6798769235611 13.766997292637823 25.188373476266861 9.9131837636232358 10.599718302488325 9.7496899813413602
leaf_count=70 76 57 78 50 83 61 71 97 62 60 59 2445 51 81 42 53 53
internal_value=0 0.0156003 -0.000740909 -0.00114363 -0.00713637 0.00284709 -0.0146632 -0.00899541 -0.000147183 0.000193776 0.000677573 -0.00012366 -0.00541075 0.0131716 -0.016971 -0.0125138 -0.0280579
internal_weight=884.274 39.9654 844.308 821.285 116.573 49.995 66.5779 47.1003 704.713 691.65 666.625 626.388 31.458 40.2373 28.9149 25.025 19.4776
internal_count=3549 133 3416 3338 508 195 313 210 2830 2768 2655 2515 134 140 139 113 103
is_linear=0
shrinkage=0.018


Tree=16
num_leaves=23
num_cat=0
split_feature=20 8 16 30 25 30 26 25 16 20 18 23 28 29 10 23 24 11 25 17 20 12
split_gain=30.524 16.4733 14.5406 12.1057 19.0673 20.2079 18.6113 28.5275 28.337 26.2194 18.0094 16.785 15.087 12.777 13.1441 12.528 12.5025 9.34173 8.69031 9.11448 9.07781 5.83752
threshold=0.051324314881517431 0.0014338903679141409 0.0042204117959479511 0.04972492640140757 0.00057436209825799595 0.31047282917183744 0.10526315789473685 0.0012787300766208367 0.00098916561770880031 0.050921194666942636 0.091666666666513866 0.011307404130038114 0.97739128735635672 0.49226327969161815 -0.00029000110009489994 0.11308811220822154 0.98254253681709669 0.00074574483032065013 0.00039360220724727073 0.43552408948109195 0.05086375466590478 4.7412518223851736e-05
decision_type=2 2 2 2 2 2 2 2 2 2 2 2 2 2 2 2 2 2 2 2 2 2
left_child=2 -2 3 6 18 11 8 13 9 12 -11 -6 -1 14 -8 -13 -15 -10 -5 20 -20 -21
right_child=1 -3 -4 4 5 -7 7 -9 17 10 -12 15 -14 16 -16 -17 -18 -19 19 21 -22 -23
leaf_value=0.00013851747800107294 0.003499940043402601 0.026807610623115333 0.017368382466331593 -0.00049121924074850705 0.018581682152742411 -0.018767280500061934 -0.0030119191989025716 0.016273720740715723 -0.026958705543218105 -0.0021818035943850329 -0.019945858823942866 0.00034864514078614416 0.0092892785303445788 -0.011525260196500521 -0.023836171797680446 -0.018268713021097227 0.0019619584587276242 -0.007988512405155631 -0.004315692281215624 0.026252790380673369 0.014780943605684816 0.011301113921159461
leaf_weight=124.95528198778629 19.792593270540237 20.07579243183136 13.978755369782446 24.447065591812134 15.300852760672567 19.07402066886425 14.219163358211516 14.170834988355635 14.205050617456434 77.627076983451843 24.332823768258095 160.2581145465374 110.42905034124851 57.987864747643471 34.433165296912193 12.465523406863211 35.536404252052307 22.211300939321518 16.690733730793003 16.11850480735302 15.104882359504698 20.55539582669735
leaf_count=498 76 57 45 98 49 93 60 47 74 319 119 640 399 263 174 60 141 98 69 47 51 72
internal_value=0 0.0153605 -0.000728149 -0.00103922 0.00184426 -0.00118468 -0.00267628 -0.00788891 -0.000486275 0.00113722 -0.00647073 0.000598163 0.00444618 -0.0103308 -0.0178334 -0.000994043 -0.00637676 -0.0155424 0.00861542 0.0119003 0.00469868 0.018026
internal_weight=883.97 39.8684 844.102 830.123 300.015 207.099 530.108 156.347 373.761 337.344 101.96 188.024 235.384 142.177 48.6523 172.724 93.5243 36.4164 92.9166 68.4695 31.7956 36.6739
internal_count=3549 133 3416 3371 1179 842 2192 685 1507 1335 438 749 897 638 234 700 404 172 337 239 120 119
is_linear=0
shrinkage=0.018


end of trees

feature_importances:
Column_8=29
Column_25=27
Column_17=25
Column_23=25
Column_30=25
Column_20=22
Column_24=20
Column_1=18
Column_22=18
Column_3=16
Column_16=15
Column_26=14
Column_12=12
Column_27=10
Column_11=9
Column_19=9
Column_0=8
Column_18=8
Column_7=7
Column_28=7
Column_29=7
Column_2=5
Column_10=4
Column_31=4
Column_6=1

parameters:
[boosting: gbdt]
[objective: binary]
[metric: binary_logloss]
[tree_learner: serial]
[device_type: cpu]
[data_sample_strategy: bagging]
[data: ]
[valid: ]
[num_iterations: 700]
[learning_rate: 0.018]
[num_leaves: 50]
[num_threads: 1]
[seed: 42]
[deterministic: 0]
[force_col_wise: 0]
[force_row_wise: 0]
[histogram_pool_size: -1]
[max_depth: 7]
[min_data_in_leaf: 50]
[min_sum_hessian_in_leaf: 0.001]
[bagging_fraction: 0.8]
[pos_bagging_fraction: 1]
[neg_bagging_fraction: 1]
[bagging_freq: 0]
[bagging_seed: 400]
[bagging_by_query: 0]
[feature_fraction: 0.8]
[feature_fraction_bynode: 1]
[feature_fraction_seed: 30056]
[extra_trees: 0]
[extra_seed: 12879]
[early_stopping_round: 0]
[early_stopping_min_delta: 0]
[first_metric_only: 0]
[max_delta_step: 0]
[lambda_l1: 0.15]
[lambda_l2: 0.15]
[linear_lambda: 0]
[min_gain_to_split: 0]
[drop_rate: 0.1]
[max_drop: 50]
[skip_drop: 0.5]
[xgboost_dart_mode: 0]
[uniform_drop: 0]
[drop_seed: 17869]
[top_rate: 0.2]
[other_rate: 0.1]
[min_data_per_group: 100]
[max_cat_threshold: 32]
[cat_l2: 10]
[cat_smooth: 10]
[max_cat_to_onehot: 4]
[top_k: 20]
[monotone_constraints: ]
[monotone_constraints_method: basic]
[monotone_penalty: 0]
[feature_contri: ]
[forcedsplits_filename: ]
[refit_decay_rate: 0.9]
[cegb_tradeoff: 1]
[cegb_penalty_split: 0]
[cegb_penalty_feature_lazy: ]
[cegb_penalty_feature_coupled: ]
[path_smooth: 0]
[interaction_constraints: ]
[verbosity: -1]
[saved_feature_importance_type: 0]
[use_quantized_grad: 0]
[num_grad_quant_bins: 4]
[quant_train_renew_leaf: 0]
[stochastic_rounding: 1]
[linear_tree: 0]
[max_bin: 255]
[max_bin_by_feature: ]
[min_data_in_bin: 3]
[bin_construct_sample_cnt: 200000]
[data_random_seed: 175]
[is_enable_sparse: 1]
[enable_bundle: 1]
[use_missing: 1]
[zero_as_missing: 0]
[feature_pre_filter: 1]
[pre_partition: 0]
[two_round: 0]
[header: 0]
[label_column: ]
[weight_column: ]
[group_column: ]
[ignore_column: ]
[categorical_feature: ]
[forcedbins_filename: ]
[precise_float_parser: 0]
[parser_config_file: ]
[objective_seed: 16083]
[num_class: 1]
[is_unbalance: 0]
[scale_pos_weight: 1]
[sigmoid: 1]
[boost_from_average: 1]
[reg_sqrt: 0]
[alpha: 0.9]
[fair_c: 1]
[poisson_max_delta_step: 0.7]
[tweedie_variance_power: 1.5]
[lambdarank_truncation_level: 30]
[lambdarank_norm: 1]
[label_gain: ]
[lambdarank_position_bias_regularization: 0]
[eval_at: ]
[multi_error_top_k: 1]
[auc_mu_weights: ]
[num_machines: 1]
[local_listen_port: 12400]
[time_out: 120]
[machine_list_filename: ]
[machines: ]
[gpu_platform_id: -1]
[gpu_device_id: -1]
[gpu_use_dp: 0]
[num_gpu: 1]

end of parameters

pandas_categorical:null
