tree
version=v4
num_class=1
num_tree_per_iteration=1
label_index=0
max_feature_idx=47
objective=binary sigmoid:1
feature_names=Column_0 Column_1 Column_2 Column_3 Column_4 Column_5 Column_6 Column_7 Column_8 Column_9 Column_10 Column_11 Column_12 Column_13 Column_14 Column_15 Column_16 Column_17 Column_18 Column_19 Column_20 Column_21 Column_22 Column_23 Column_24 Column_25 Column_26 Column_27 Column_28 Column_29 Column_30 Column_31 Column_32 Column_33 Column_34 Column_35 Column_36 Column_37 Column_38 Column_39 Column_40 Column_41 Column_42 Column_43 Column_44 Column_45 Column_46 Column_47
feature_infos=[0.91407678221598598:95.495495465384494] [-0.49848942476794911:1.403228438104742] [0.0033074596835291998:0.050217425356291402] [0:1] [0:1] [-0.017109365782182698:0.011181217375171601] [-0.020804370437891:0.017547000805659001] [0.0014734199085264371:0.0039289174714371555] [-0.021778453078643099:0.013703217165078999] [-0.021778453078643099:0.013703217165078999] [-0.025251428984871899:0.025186152841273499] [0:1] [0:1] [-1:1] [0.0026437870510356998:0.0075701485594589996] [-0.023577562497567699:0.019099663533291199] [0.0166666666666388:0.4833333333325277] [0.20000000000000001:1] none [-4.8548641901941263:5.1008276849357541] none [0:13.009221535703523] [-3.133667941246737:2.7248521287146512] [-2.4185761205928449:2.4650276313057593] [-19.071287185775049:22.119265789592987] none [-0.80914403169902105:0.85013794748929239] [-1.0501606009650164:0.99523315914463606] [-0.21778824201777378:4.5179239250216581] [-4.8548641901941236:5.1008276849357532] [0.00080091310092905753:0.0043596164686943205] [0:1] [0.048472186080937542:0.058024689810165696] [0.10000000000000001:0.90000000000000002] [-0.20591879407025404:0.19760170519427994] [-0.40688834171333421:0.40053893737131074] [-0.52075024433078221:0.44710875574228315] [-0.13965578930864844:0.19176696626307629] [-0.1325800982871693:0.10258580867789914] [-0.72231935938849812:0.44475160977233535] [-0.29398846624660341:0.11213536133473354] [-0.1354289396079269:0.24715058195239367] [-0.46349024730548766:0.44020709450861856] [-0.084536936897770379:0.23331269492878789] [-0.38812548223350146:0.51531920423451349] [-0.3627128424507815:0.32303021500391899] [-0.39993268928454484:0.69690649195073906] [-0.55647076119523642:0.8194870406970769]
tree_sizes=1415 1417 1306 1390 1317 1321 1425 1315

Tree=0
num_leaves=12
num_cat=0
split_feature=47 30 2 44 17 47 47 22 2 8 42
split_gain=58.6026 31.9487 32.8203 30.1272 20.3552 29.6381 28.2579 7.71108 9.61454 3.15217 1.1392
threshold=-0.46001307175521516 0.0024917439563821153 0.017396531179626255 0.4611647216041721 0.75000000000000011 0.69337020517401393 0.10137512189645459 -1.1354672355685749 0.023410017354604604 -0.00044144335428734997 -0.4207591947094409
decision_type=2 2 2 2 2 2 2 2 2 2 2
left_child=10 3 -3 4 5 -2 -6 8 -4 -9 -1
right_child=1 2 7 -5 6 -7 -8 9 -10 -11 -12
leaf_value=-0.054440195353895236 -0.00075188201905706728 0.014581992068298168 -0.041902367748140074 -0.043864705144189192 -0.0010935211415826727 0.045196763636223714 0.020590905493376922 -0.032712965259244851 0.001640998952534908 -0.058880321561396207 -0.036555119418887665
leaf_weight=13.154952436685564 475.20279628038406 16.53231081366539 8.9496871531009692 11.930307805538176 92.986129909753799 12.827076137065886 127.84428820014 9.2094839513301867 8.7524919211864454 11.906832218170164 9.4536303579807264
leaf_count=53 1901 66 36 48 372 51 510 37 35 48 38
internal_value=-1.86556e-08 0.00139106 -0.0205315 0.0030847 0.00389033 0.000460102 0.0114452 -0.0355999 -0.0202882 -0.0479908 -0.0474496
internal_weight=798.75 776.141 55.3508 720.791 708.86 488.03 220.83 38.8185 17.7022 21.1163 22.6086
internal_count=3195 3104 222 2882 2834 1952 882 156 71 85 91
is_linear=0
shrinkage=1


Tree=1
num_leaves=12
num_cat=0
split_feature=47 30 2 44 17 45 44 22 2 8 10
split_gain=55.2235 30.0935 30.9301 28.3797 19.1514 28.113 26.635 7.26855 9.06697 2.96278 1.13413
threshold=-0.46001307175521516 0.0024917439563821153 0.017396531179626255 0.4611647216041721 0.75000000000000011 -0.33858249782823657 0.22999329497851259 -1.1354672355685749 0.023410017354604604 -0.00044144335428734997 0.0038604590997160003
decision_type=2 2 2 2 2 2 2 2 2 2 2
left_child=10 3 -3 4 5 -2 -6 8 -4 -9 -1
right_child=1 2 7 -5 6 -7 -8 9 -10 -11 -12
leaf_value=-0.054616029235337281 0.035069403936267105 0.014149234773087861 -0.040683740806955977 -0.042585519019183136 -0.0031952483430288132 -0.0010411199732875064 0.018665112737254727 -0.031755731627454521 0.0015926183613776932 -0.057185290623703484 -0.037129934479128601
leaf_weight=10.911633253097536 20.089345365762711 16.531432494521141 8.9457598775625247 11.924570828676222 76.217181488871574 467.93392241001129 144.59965825080872 9.2070203572511691 8.7524859160184842 11.896518230438231 11.684050083160399
leaf_count=44 80 66 36 48 305 1872 577 37 35 48 47
internal_value=0 0.00134833 -0.0199315 0.00299204 0.00377397 0.000446461 0.0111024 -0.0345657 -0.0196866 -0.0466051 -0.0460764
internal_weight=798.694 776.098 55.3332 720.765 708.84 488.023 220.817 38.8018 17.6982 21.1035 22.5957
internal_count=3195 3104 222 2882 2834 1952 882 156 71 85 91
is_linear=0
shrinkage=0.03


Tree=2
num_leaves=11
num_cat=0
split_feature=47 30 2 44 17 47 47 28 47 42
split_gain=52.0955 28.361 29.1758 26.7548 18.0213 26.7999 25.352 6.60098 5.99403 1.06983
threshold=-0.46001307175521516 0.0024917439563821153 0.017396531179626255 0.4611647216041721 0.75000000000000011 0.69337020517401393 0.10137512189645459 0.86933146170302844 0.091886715343852246 -0.4207591947094409
decision_type=2 2 2 2 2 2 2 2 2 2
left_child=9 3 -3 4 5 -2 -6 -4 -9 -1
right_child=1 2 7 -5 6 -7 -8 8 -10 -11
leaf_value=-0.051547185810061104 -0.00071808318023543791 0.013730690167200462 -0.047753014916178047 -0.041381238863162639 -0.0011025764423335171 0.043006140181761104 0.019436260410902854 -0.039025030908455063 -0.0068034456234306083 -0.034271127126053527
leaf_weight=13.120472565293314 475.19983899593353 16.528898969292641 17.094143182039261 11.908044666051863 92.984282627701759 12.808125346899031 127.79590554535389 9.9328364282846469 11.726677164435385 9.4386694729328138
leaf_count=53 1901 66 69 48 372 51 510 40 47 38
internal_value=0 0.00130691 -0.019361 0.00290223 0.00366117 0.000433135 0.0107708 -0.0335893 -0.021953 -0.0447912
internal_weight=798.538 775.979 55.2826 720.696 708.788 488.008 220.78 38.7537 21.6595 22.5591
internal_count=3195 3104 222 2882 2834 1952 882 156 87 91
is_linear=0
shrinkage=0.03


Tree=3
num_leaves=12
num_cat=0
split_feature=47 2 44 39 31 23 22 17 6 31 10
split_gain=49.1922 26.1074 25.3055 19.5615 18.4757 17.2702 14.4211 14.323 5.35987 3.79561 1.07636
threshold=-0.46001307175521516 0.021526979920469851 0.4611647216041721 -0.14965199445284053 0.8778523926659213 1.076034614014391 -0.8305758006176962 0.75000000000000011 -0.0009820206907583996 0.75131462127537729 0.0038604590997160003
decision_type=2 2 2 2 2 2 2 2 2 2 2
left_child=10 2 5 4 6 7 -3 -2 -7 -5 -1
right_child=1 3 -4 9 -6 8 -8 -9 -10 -11 -12
leaf_value=-0.051881932465209939 0.0021748026643314262 0 -0.040244434892272966 -0.053059343105625871 0.03201235799539337 0.0092422741017497857 -0.042413726349528273 0.011964826883634509 -0.013327160278213769 -0.02501947710549467 -0.034906606629705905
leaf_weight=10.855836868286135 433.28451484441757 18.734825730323792 11.881702065467833 11.614923343062403 9.036942854523657 10.761451095342634 11.657769575715067 195.98109750449657 63.874701023101807 8.9678798764944059 11.644635483622549
leaf_count=44 1733 75 48 47 36 43 47 783 256 36 47
internal_value=0 0.00126692 0.00286714 -0.017704 -0.00514788 0.00360966 -0.0164474 0.00523312 -0.0100008 -0.0413289 -0.0435847
internal_weight=798.296 775.796 715.783 60.0123 39.4295 703.902 30.3926 629.266 74.6362 20.5828 22.5005
internal_count=3195 3104 2863 241 158 2815 122 2516 299 83 91
is_linear=0
shrinkage=0.03


Tree=4
num_leaves=11
num_cat=0
split_feature=47 30 2 44 17 47 44 28 47 42
split_gain=46.4929 25.5812 26.7895 23.8422 16.0655 25.2553 23.9383 6.09413 5.42323 1.02283
threshold=-0.46001307175521516 0.0024917439563821153 0.017396531179626255 0.4611647216041721 0.75000000000000011 0.69337020517401393 0.22999329497851259 0.86933146170302844 0.091886715343852246 -0.4207591947094409
decision_type=2 2 2 2 2 2 2 2 2 2
left_child=9 3 -3 4 5 -2 -6 -4 -9 -1
right_child=1 2 7 -5 6 -7 -8 8 -10 -11
leaf_value=-0.049041723430272049 -0.00070690898662394066 0.013267630242095829 -0.045756638146180223 -0.039168617453700018 -0.003378271215064556 0.041782994438401153 0.017348174078847624 -0.037183860121419672 -0.0064786662674229415 -0.032213484346037616
leaf_weight=13.024892285466196 475.19286413490772 16.523892164230347 17.005559518933296 11.846446394920347 76.214514911174774 12.780288100242613 144.46176218986511 9.9023774713277835 11.72162042558193 9.3974166214466077
leaf_count=53 1901 66 69 48 305 51 577 40 47 38
internal_value=-1.257e-06 0.00122799 -0.0184248 0.00274216 0.00345727 0.000409204 0.0101721 -0.0320963 -0.0209056 -0.0424491
internal_weight=798.072 775.649 55.1534 720.496 708.649 487.973 220.676 38.6296 21.624 22.4223
internal_count=3195 3104 222 2882 2834 1952 882 156 87 91
is_linear=0
shrinkage=0.03


Tree=5
num_leaves=11
num_cat=0
split_feature=47 30 40 23 7 38 31 7 6 34
split_gain=43.9775 24.1316 21.2847 15.8036 17.1859 10.5802 8.78368 6.53405 5.2434 1.04572
threshold=-0.46001307175521516 0.0024917439563821153 -0.19605052034172241 1.1980176959090065 0.00191112309050424 -0.052723746106072958 0.32481743736461904 0.0022099024151137382 -0.0055857193282887992 0.16049087296547701
decision_type=2 2 2 2 2 2 2 2 2 2
left_child=9 2 -2 4 -4 -3 -7 -5 -8 -1
right_child=1 5 3 7 -6 6 8 -9 -10 -11
leaf_value=-0.049890189219354376 -0.035425079666023825 0.0017455976174177517 0.013779868130856063 -0.017259062535760407 0.0020556507408125962 -0.0061862729207996818 -0.020459041768443442 0.0082503263601732425 -0.049356764988067563 -0.033205385978684943
leaf_weight=10.290132820606233 12.79997795820236 16.714618712663651 144.94879592955112 43.886082515120506 507.68158845603466 13.141710594296454 11.144559487700461 11.010023698210714 14.043889760971071 12.035746634006498
leaf_count=42 52 67 579 176 2031 53 45 44 57 49
internal_value=-2.82672e-06 0.00119047 0.00266027 0.003363 0.00466905 -0.0179171 -0.0265817 -0.0120526 -0.0369454 -0.0413774
internal_weight=797.697 775.371 720.326 707.526 652.63 55.0448 38.3302 54.8961 25.1884 22.3259
internal_count=3195 3104 2882 2830 2610 222 155 220 102 91
is_linear=0
shrinkage=0.03


Tree=6
num_leaves=12
num_cat=0
split_feature=47 2 44 31 10 36 5 39 17 28 10
split_gain=41.6268 23.018 21.4508 17.3917 14.1862 25.5118 22.2878 10.7753 15.0494 9.43185 1.07287
threshold=-0.46001307175521516 0.021526979920469851 0.4611647216041721 0.7878064542347859 0.0017343708272038003 -0.34866189505672024 -0.0016911792225676999 -0.14601521189588962 0.50000000000000011 1.2632171711068045 0.0038604590997160003
decision_type=2 2 2 2 2 2 2 2 2 2 2
left_child=10 2 4 7 6 -6 -2 8 -3 -5 -1
right_child=1 3 -4 9 5 -7 -8 -9 -10 -11 -12
leaf_value=-0.048550491088456341 -0.0033684138658232375 -0.038806301709192303 -0.037246336525028186 0.025069873659306609 0.023513865999186916 -0.0056873945574088588 0.011105704530504881 -0.053067077261888161 0.0055842925748293294 -0.014535594732521803 -0.031847792317426626
leaf_weight=10.692494794726374 138.58066982030869 14.381255611777307 11.756377995014189 10.521908223629 30.342233538627625 228.45858816802502 306.26771593093872 11.497057333588598 12.687793374061583 10.72138838469982 11.52308729290962
leaf_count=44 555 58 48 42 121 915 1224 47 51 43 47
internal_value=-4.29098e-06 0.00115397 0.0026553 -0.0166908 0.00333616 -0.00223478 0.00658695 -0.0286777 -0.0179181 0.00490907 -0.0403598
internal_weight=797.431 775.215 715.406 59.8094 703.649 258.801 444.848 38.5661 27.069 21.2433 22.2156
internal_count=3195 3104 2863 241 2815 1036 1779 156 109 85 91
is_linear=0
shrinkage=0.03


Tree=7
num_leaves=11
num_cat=0
split_feature=47 30 2 45 7 0 17 33 46 42
split_gain=39.4319 21.9741 23.6486 19.2075 14.5617 22.0166 14.1053 5.74111 2.55443 1.03008
threshold=-0.46001307175521516 0.0025314844947471418 0.017396531179626255 -0.34768277808783726 0.00191112309050424 63.794790455253185 0.25000000000000006 0.73252177322845602 0.27322680635470414 -0.4207591947094409
decision_type=2 2 2 2 2 2 2 2 2 2
left_child=9 3 -3 -2 5 -5 -6 8 -4 -1
right_child=1 2 7 4 6 -7 -8 -9 -10 -11
leaf_value=-0.045943668595772258 -0.039510327884944185 0.013375123542054057 -0.043904341868670656 0.015859589758208819 -0.012423943976600923 -0.013814595577477865 0.0024747767286531527 -0.0084934845494649743 -0.022444743141937847 -0.029315160531744894
leaf_weight=12.799433737993242 9.5092627704143506 15.270419061183928 19.088782206177715 135.68888328969479 64.618383958935738 26.689279109239578 486.59623453021049 8.6268393695354444 8.9329323321580869 9.2895334064960462
leaf_count=53 39 61 78 542 259 107 1947 35 36 38
internal_value=-5.82998e-06 0.00111849 -0.0176943 0.00247886 0.0030529 0.0109463 0.000717147 -0.0307641 -0.037379 -0.0393978
internal_weight=797.11 775.021 51.919 723.102 713.593 162.378 551.215 36.6486 28.0217 22.089
internal_count=3195 3104 210 2894 2855 649 2206 149 114 91
is_linear=0
shrinkage=0.03


end of trees

feature_importances:
Column_47=15
Column_2=9
Column_44=8
Column_17=7
Column_30=6
Column_10=4
Column_31=4
Column_42=4
Column_7=3
Column_22=3
Column_28=3
Column_6=2
Column_8=2
Column_23=2
Column_39=2
Column_45=2
Column_0=1
Column_5=1
Column_33=1
Column_34=1
Column_36=1
Column_38=1
Column_40=1
Column_46=1

parameters:
[boosting: gbdt]
[objective: binary]
[metric: binary_logloss]
[tree_learner: serial]
[device_type: cpu]
[data_sample_strategy: bagging]
[data: ]
[valid: ]
[num_iterations: 500]
[learning_rate: 0.03]
[num_leaves: 31]
[num_threads: 1]
[seed: 137]
[deterministic: 0]
[force_col_wise: 0]
[force_row_wise: 0]
[histogram_pool_size: -1]
[max_depth: 5]
[min_data_in_leaf: 35]
[min_sum_hessian_in_leaf: 0.001]
[bagging_fraction: 0.8]
[pos_bagging_fraction: 1]
[neg_bagging_fraction: 1]
[bagging_freq: 0]
[bagging_seed: 5691]
[bagging_by_query: 0]
[feature_fraction: 0.8]
[feature_fraction_bynode: 1]
[feature_fraction_seed: 22311]
[extra_trees: 0]
[extra_seed: 25471]
[early_stopping_round: 0]
[early_stopping_min_delta: 0]
[first_metric_only: 0]
[max_delta_step: 0]
[lambda_l1: 0.15]
[lambda_l2: 0.15]
[linear_lambda: 0]
[min_gain_to_split: 0]
[drop_rate: 0.1]
[max_drop: 50]
[skip_drop: 0.5]
[xgboost_dart_mode: 0]
[uniform_drop: 0]
[drop_seed: 11029]
[top_rate: 0.2]
[other_rate: 0.1]
[min_data_per_group: 100]
[max_cat_threshold: 32]
[cat_l2: 10]
[cat_smooth: 10]
[max_cat_to_onehot: 4]
[top_k: 20]
[monotone_constraints: ]
[monotone_constraints_method: basic]
[monotone_penalty: 0]
[feature_contri: ]
[forcedsplits_filename: ]
[refit_decay_rate: 0.9]
[cegb_tradeoff: 1]
[cegb_penalty_split: 0]
[cegb_penalty_feature_lazy: ]
[cegb_penalty_feature_coupled: ]
[path_smooth: 0]
[interaction_constraints: ]
[verbosity: -1]
[saved_feature_importance_type: 0]
[use_quantized_grad: 0]
[num_grad_quant_bins: 4]
[quant_train_renew_leaf: 0]
[stochastic_rounding: 1]
[linear_tree: 0]
[max_bin: 255]
[max_bin_by_feature: ]
[min_data_in_bin: 3]
[bin_construct_sample_cnt: 200000]
[data_random_seed: 486]
[is_enable_sparse: 1]
[enable_bundle: 1]
[use_missing: 1]
[zero_as_missing: 0]
[feature_pre_filter: 1]
[pre_partition: 0]
[two_round: 0]
[header: 0]
[label_column: ]
[weight_column: ]
[group_column: ]
[ignore_column: ]
[categorical_feature: ]
[forcedbins_filename: ]
[precise_float_parser: 0]
[parser_config_file: ]
[objective_seed: 12927]
[num_class: 1]
[is_unbalance: 0]
[scale_pos_weight: 1]
[sigmoid: 1]
[boost_from_average: 1]
[reg_sqrt: 0]
[alpha: 0.9]
[fair_c: 1]
[poisson_max_delta_step: 0.7]
[tweedie_variance_power: 1.5]
[lambdarank_truncation_level: 30]
[lambdarank_norm: 1]
[label_gain: ]
[lambdarank_position_bias_regularization: 0]
[eval_at: ]
[multi_error_top_k: 1]
[auc_mu_weights: ]
[num_machines: 1]
[local_listen_port: 12400]
[time_out: 120]
[machine_list_filename: ]
[machines: ]
[gpu_platform_id: -1]
[gpu_device_id: -1]
[gpu_use_dp: 0]
[num_gpu: 1]

end of parameters

pandas_categorical:null
