tree
version=v4
num_class=1
num_tree_per_iteration=1
label_index=0
max_feature_idx=47
objective=binary sigmoid:1
feature_names=Column_0 Column_1 Column_2 Column_3 Column_4 Column_5 Column_6 Column_7 Column_8 Column_9 Column_10 Column_11 Column_12 Column_13 Column_14 Column_15 Column_16 Column_17 Column_18 Column_19 Column_20 Column_21 Column_22 Column_23 Column_24 Column_25 Column_26 Column_27 Column_28 Column_29 Column_30 Column_31 Column_32 Column_33 Column_34 Column_35 Column_36 Column_37 Column_38 Column_39 Column_40 Column_41 Column_42 Column_43 Column_44 Column_45 Column_46 Column_47
feature_infos=[3.3288613114018091:99.999999999346485] [-0.4434638057638251:1.4074432296852362] [0.00030760149381990002:0.0050815587009275997] [0:1] [0:1] [-0.0011331782481577:0.0013740541808882] [-0.0014982105156761999:0.0018728957644154] [0.00015381164795263117:0.00041022877172301807] [-0.0014618933775547001:0.0012432860221066001] [-0.0014618933775547001:0.0012432860221066001] [-0.0019116297979693:0.0022470138667961999] [0:1] [0:1] [-1:1] [0.0025798758544671998:0.0026257677255524] [-0.0016336577450031:0.0021177775156180998] [0:0.599999999999] [0.20000000000000001:1] none [-5.0523933106598724:5.2595660513241489] none [0:13.83151752412075] [-2.9375023453267621:3.1638318614010084] [-2.5496508082283538:2.3898621211910025] [-21.495136334541339:24.249260002720181] none [-0.84206555177664544:0.87659434188735819] [-1.0079543177814023:0.99030171962416691] [-0.21190693534808056:5.5467942167741446] [-5.0523933106598689:5.2595660513241498] [0:2.0518585349010667] [0:1] [0.013968066100458951:86.303797739149431] [0.10000000000000001:0.90000000000000002] [-0.22752254591963553:0.21646900714007086] [-0.41235571499846563:0.41068207272738738] [-0.50045979747237745:0.54074680143964415] [-0.28101398655910304:0.22209105644888386] [-0.14323838986440141:0.13097782469745509] [-0.77813897885774375:0.90691365002941571] [-0.35131904731467972:0.51960444186142973] [-0.46939717276598247:0.28489264863734076] [-0.44279644715436833:0.47377270829784401] [-0.46710977291028816:0.32220711589732681] [-0.61519675755288428:0.54026142938962995] [-0.38166743873852194:0.39664211887759288] [-0.9141846609741443:0.77246104521298409] [-0.93871772275731369:0.85953487517573224]
tree_sizes=1962 1957 1846 2269 1725 1966 2239

Tree=0
num_leaves=17
num_cat=0
split_feature=41 47 15 44 16 30 10 41 27 32 6 17 31 31 22 22
split_gain=24.8867 36.6884 27.4015 27.2758 29.7734 23.8649 15.337 14.2905 13.9911 18.8536 13.606 14.8978 21.271 13.0889 8.24321 4.86874
threshold=-0.38317263166013793 -0.33169476268655801 -0.00058780259369269983 0.11245910704231073 0.27499999999954167 0.00021749218899063752 -0.00030996774358379992 -0.12977436262067843 0.036657736262212061 0.013968458695079778 -0.00012249965594879995 0.90000000000000013 0.34867499512949929 0.081049374030926782 0.78145993466899 0.87358979191407438
decision_type=2 2 2 2 2 2 2 2 2 2 2 2 2 2 2 2
left_child=10 2 -2 8 5 -5 -4 -8 9 -3 -1 12 14 -10 -12 -14
right_child=1 3 6 4 -6 -7 7 -9 13 -11 11 -13 15 -15 -16 -17
leaf_value=-0.046941341156926476 -0.028912620996481658 -0.025335392901778369 0.054253669206426262 0.0015506049280930594 -0.045632833042054531 0.020785687392123359 0.013228513895755628 0.052246064096710974 -0.040976106795356938 0.0053464668171465581 0.03576963289525964 -0.042956821511389971 -0.0066595094945244614 -0.012280159028912071 -0.00080912311706223493 -0.035557446046821407
leaf_weight=11.635458201169966 9.316991984844206 22.921110093593597 13.406853169202803 322.92410254478455 10.562079399824141 70.814251661300659 59.348105758428574 9.8968085050582868 16.796301871538162 81.994482070207596 11.038870751857759 10.527737677097319 9.5789476037025469 101.93345150351524 10.514959514141081 13.039476066827772
leaf_count=44 36 89 57 1294 40 290 241 42 64 330 46 40 38 402 42 50
internal_value=4.16948e-08 0.00162155 0.0193041 -0.000965058 0.00367704 0.00502808 0.0248363 0.0189708 -0.00937387 -0.00134043 -0.0175616 -0.0111187 -0.00330943 -0.0164241 0.0178352 -0.0236413
internal_weight=786.25 719.915 91.9688 627.946 404.3 393.738 82.6518 69.2449 223.645 104.916 66.3354 54.7 44.1723 118.73 21.5538 22.6184
internal_count=3145 2885 376 2509 1624 1584 340 283 885 419 260 216 176 466 88 88
is_linear=0
shrinkage=1


Tree=1
num_leaves=17
num_cat=0
split_feature=30 30 23 44 21 44 42 22 2 2 7 0 22 31 42 1
split_gain=24.825 30.1288 28.1228 26.6417 20.7514 22.7692 21.5788 22.2799 20.7098 16.9285 15.6982 14.102 12.9139 17.2605 6.60027 3.56556
threshold=0.00030963847177802202 0.00019897692309703022 0.17282041234320769 -0.11517487693924626 3.6333308478271396 0.23086569941828414 -0.29815275097625865 0.65262159773358797 0.0016764921215168501 0.0020306486428701503 0.00018232003721514674 27.598012061861038 -0.070556538904349694 0.12554079661595774 0.37377427993226003 0.8402508884330423
decision_type=2 2 2 2 2 2 2 2 2 2 2 2 2 2 2 2
left_child=1 4 12 15 6 10 7 -1 -7 -5 -6 -8 14 -14 -3 -4
right_child=-2 2 3 9 5 8 11 -9 -10 -11 -12 -13 13 -15 -16 -17
leaf_value=0.03248319312442971 -0.041514210414854355 0.046717581743465166 -0.042059573156634465 -0.00031514810355324477 -0.046558864054781053 0.016646463781703841 0.017656661397741365 -0.0062539969085707164 -0.033584912921400714 0.040163717573070634 -0.014259055381875368 -0.0032511195298486339 -0.022634149065276978 0.021430050683994277 0.015112477487479067 -0.015418275945343483
leaf_weight=35.891208112239838 12.604431867599486 23.472221434116364 11.565424263477327 36.999211892485619 15.858398109674452 35.812191069126129 31.359273031353951 20.895415216684341 9.1146929115056974 12.173065081238745 97.606800690293312 364.37564699351788 9.2466842383146268 51.461835205554962 8.8356350958347303 8.9092005640268308
leaf_count=149 48 99 44 148 60 146 128 83 35 51 384 1452 36 211 36 35
internal_value=0 0.000683214 0.0121553 -0.00220197 -0.00236623 -0.0117083 0.000896561 0.0181714 0.00627793 0.00970621 -0.0188685 -0.00157689 0.0229399 0.0146053 0.0383226 -0.0308817
internal_weight=786.181 773.577 162.663 69.6469 610.914 158.392 452.522 56.7866 44.9269 49.1723 113.465 395.735 93.0164 60.7085 32.3079 20.4746
internal_count=3145 3097 660 278 2437 625 1812 232 181 199 444 1580 382 247 135 79
is_linear=0
shrinkage=0.03


Tree=2
num_leaves=16
num_cat=0
split_feature=30 30 23 44 21 44 38 2 2 32 28 31 1 35 2
split_gain=23.3812 28.3599 26.4923 25.0994 19.5403 21.4295 20.3309 19.5104 15.9568 12.6966 11.9155 11.4303 12.1356 10.3601 3.50094
threshold=0.00030963847177802202 0.00019897692309703022 0.17282041234320769 -0.11517487693924626 3.6333308478271396 0.23086569941828414 0.076801265937428795 0.0016764921215168501 0.0020306486428701503 0.013968583710769348 0.1915429909483769 0.11407723246765035 0.77003404119591912 0.39220263134105021 0.0014418985203137503
decision_type=2 2 2 2 2 2 2 2 2 2 2 2 2 2 2
left_child=1 4 11 14 6 13 9 -7 -5 -1 -8 -3 -13 -6 -4
right_child=-2 2 3 8 5 7 10 -9 -10 -11 -12 12 -14 -15 -16
leaf_value=-0.0066908162740791834 -0.040295690087393296 -0.0049321482530187725 -0.014679556265353453 -0.0003057328455588164 -0.021122561244288119 0.016150275852708833 0.04482334370190507 -0.032616291901817952 0.03900124680066977 0.0038861791185095113 0.010068266378467836 0.031503548756657979 0.00022672065877565796 0.010619947113872969 -0.041049135125402737
leaf_weight=197.28876288235188 12.600583985447882 11.814701974391935 8.9081524908542651 36.999286368489265 103.56881327927113 35.809720039367676 12.564610525965689 9.108353987336157 12.164397612214087 211.05881422758102 31.588004291057587 67.44232389330864 13.724768698215483 9.8735643625259382 11.561366751790045
leaf_count=783 48 47 35 148 404 146 53 35 51 848 128 280 55 40 44
internal_value=0 0.00066233 0.0117946 -0.00213937 -0.00229594 -0.0113625 0.000869826 0.00608604 0.00941765 -0.00121355 0.0201784 0.0222645 0.0262804 -0.0183098 -0.0299818
internal_weight=786.076 773.476 162.615 69.6332 610.861 158.36 452.5 44.9181 49.1637 408.348 44.1526 92.9818 81.1671 113.442 20.4695
internal_count=3145 3097 660 278 2437 625 1812 181 199 1631 181 382 335 444 79
is_linear=0
shrinkage=0.03


Tree=3
num_leaves=20
num_cat=0
split_feature=41 47 44 17 32 0 31 42 7 32 6 17 31 7 1 47 21 6 7
split_gain=22.5316 32.544 24.5403 66.0787 36.5956 34.5069 23.566 18.1536 14.6448 13.5588 12.837 13.9973 19.8907 10.6735 9.64552 8.72535 12.261 4.70162 4.56195
threshold=-0.38317263166013793 -0.33169476268655801 0.36506233404284893 0.90000000000000013 0.013968789324592081 29.105482205755624 0.66652852575264265 -0.31372349938019178 0.00018474675967740045 0.013968679491044812 -0.00012249965594879995 0.90000000000000013 0.34867499512949929 0.00022219332278938659 0.8402508884330423 -0.65892538930791056 2.7519269350596809 0.00025067258815680008 0.00019884115573577655
decision_type=2 2 2 2 2 2 2 2 2 2 2 2 2 2 2 2 2 2 2
left_child=10 6 5 14 -5 8 15 18 -3 -7 -1 12 13 -12 -4 16 -2 -14 -8
right_child=1 2 3 4 -6 9 7 -9 -10 -11 11 -13 17 -15 -16 -17 -18 -19 -20
leaf_value=-0.045269478474999333 0.031718206744331283 -0.01718031127216758 0.050990878637534202 0.010388464889740627 -0.044519863046929807 -0.010957348935938615 -0.032835929063822357 0.027660304297946029 0.023869543000553266 -0.00085635076679883957 0.038059143349898426 -0.041330810128458247 -0.0069590356680996951 -0.0036429240472381258 0.015634300680237304 0.054001348816772154 -0.0037778210175371954 -0.035116694646035701 -0.0040955200937331715
leaf_weight=11.622949987649916 37.984021380543709 8.9371495693922025 29.705154255032539 28.649131447076797 17.384517818689346 243.09559100866318 10.652948796749117 11.369360134005545 52.740769624710083 237.3938352316618 11.002157062292101 10.518133610486982 10.343794092535974 10.544954121112822 9.800895690917967 10.782967984676359 11.047284021973608 12.260385498404501 10.041719943284987
leaf_count=44 158 35 126 116 66 960 41 47 217 949 46 40 41 42 40 46 44 47 40
internal_value=0 0.00154136 -0.000894199 0.0140152 -0.0103274 -0.00325804 0.0182042 -0.00241622 0.0178214 -0.00597797 -0.0167173 -0.0104576 -0.0028861 0.017559 0.0424252 0.0293114 0.0236419 -0.0225602 -0.0192359
internal_weight=785.878 719.585 627.707 85.5397 46.0336 542.167 91.8783 32.064 61.6779 480.489 66.2924 54.6694 44.1513 21.5471 39.506 59.8143 49.0313 22.6042 20.6947
internal_count=3145 2885 2509 348 182 2161 376 128 252 1909 260 216 176 88 166 248 202 88 81
is_linear=0
shrinkage=0.03


Tree=4
num_leaves=15
num_cat=0
split_feature=30 30 23 42 28 38 33 15 44 33 27 35 21 2
split_gain=22.1906 25.6455 24.6605 23.4339 18.0577 19.9932 16.0511 11.7777 18.6082 15.3629 10.0107 9.43004 9.26253 3.47246
threshold=0.00030963847177802202 0.00019897692309703022 0.17282041234320769 -0.14003944354543724 0.15713646611002133 0.076209225261272551 0.49997420694804734 -0.00073240804002704986 0.36399726786332681 0.4536486957850891 0.38038875528640087 -0.3928283075635402 1.8874670716700173 0.0015520291350607002
decision_type=2 2 2 2 2 2 2 2 2 2 2 2 2 2
left_child=1 4 10 13 5 11 -5 9 -9 -6 12 -1 -3 -4
right_child=-2 2 3 6 7 -7 -8 8 -10 -11 -12 -13 -14 -15
leaf_value=0.03082448394460037 -0.039276245024084548 0.015370872466801827 -0.014980355635855281 0.040280394582857086 -0.05435530571740943 0.043005778029556879 -0.00028311625089289373 -0.0057499497232896468 0.016297561449775559 -0.0078861493693434415 0 0.0011910522294393197 0.036637514487965261 -0.041035486204977371
leaf_weight=10.369520530104635 12.588121160864828 38.930100008845329 9.6701201200485247 11.189043402671812 9.6065232604742068 12.526184320449827 37.939391985535622 396.091577231884 37.504302233457565 19.671365976333618 16.459617033600807 124.83470179140568 37.471066161990166 10.775298297405241
leaf_count=43 48 159 38 47 36 53 152 1574 153 78 66 500 157 41
internal_value=0 0.000644745 0.0112376 -0.00220837 -0.00216791 0.00694664 0.00895843 -0.00508792 -0.00382758 -0.0234856 0.0213475 0.00352868 0.0259113 -0.0291295
internal_weight=785.627 773.039 162.435 69.5739 610.604 147.73 49.1284 462.874 433.596 29.2779 92.8608 135.204 76.4012 20.4454
internal_count=3145 3097 660 278 2437 596 199 1841 1727 114 382 543 316 79
is_linear=0
shrinkage=0.03


Tree=5
num_leaves=17
num_cat=0
split_feature=41 47 15 42 30 34 30 0 10 30 41 6 17 31 7 6
split_gain=20.9905 30.3422 24.0333 23.2911 18.355 29.973 20.2929 16.816 13.8265 13.6506 13.1262 12.1325 13.2375 18.6809 9.37411 5.53664
threshold=-0.38317263166013793 -0.33169476268655801 -0.00058780259369269983 0.17658029339022546 0.00021749218899063752 -0.070948226711726251 0.00017384609411850652 23.445124832570304 -0.00030996774358379992 0.00027505925509426572 -0.12977436262067843 -0.00012249965594879995 0.90000000000000013 0.3508813231138333 0.00022219332278938659 0.00031751671746965004
decision_type=2 2 2 2 2 2 2 2 2 2 2 2 2 2 2 2
left_child=11 2 -2 7 6 -6 -5 -3 -4 -9 -10 -1 13 14 -13 -15
right_child=1 3 8 4 5 -7 -8 9 10 -11 -12 12 -14 15 -16 -17
leaf_value=-0.04393564685155369 -0.027589147521589585 0.030364353011572427 0.050785277465408118 0.0043010638291736724 0.028959416559421653 -0.015210060322662708 -0.014073610710521786 -0.0082124409216695338 0.011711099482182389 -0.038445793762002037 0.049167518579468737 0.035267816068375056 -0.040109645925482759 -0.0082722012792391681 -0.0033863375973837481 -0.039138531466090025
leaf_weight=11.599096208810804 9.3007183969020826 9.3828532546758634 13.341299667954443 261.41369815170765 52.260466665029526 18.527329996228218 68.027077898383141 203.44701157510281 59.235955536365509 14.376088276505468 9.8542299419641477 11.495512500405313 10.499387651681898 12.38016350567341 10.540735229849814 9.6998545527458173
leaf_count=44 36 39 57 1051 217 73 268 806 241 55 42 48 40 49 42 37
internal_value=0 0.00148744 0.0175908 -0.000863372 0.00348345 0.0173278 0.000488498 -0.00853743 0.0227838 -0.0102535 0.0172134 -0.0161456 -0.0100573 -0.0026917 0.0166774 -0.0222069
internal_weight=785.381 719.167 91.7322 627.435 400.229 70.7878 329.441 227.206 82.4315 217.823 69.0902 66.2147 54.6157 44.1163 22.0362 22.08
internal_count=3145 2885 376 2509 1609 290 1319 900 340 861 283 260 216 176 90 86
is_linear=0
shrinkage=0.03


Tree=6
num_leaves=20
num_cat=0
split_feature=44 17 14 38 0 17 44 39 24 31 7 45 38 1 36 28 7 37 31
split_gain=18.2315 61.2027 34.9109 21.8608 23.012 15.0922 32.0416 13.9484 13.9068 12.853 12.5901 12.0424 11.6527 8.91564 8.50574 7.62211 6.88638 2.79302 2.29311
threshold=0.36506233404284893 0.90000000000000013 0.0025851994342008505 0.076801265937428795 29.105482205755624 0.50000000000000011 0.16076143689378736 -0.17516510834003043 -1.6189664720920354 0.66652852575264265 0.00020122852063291362 -0.33339496667819418 0.090073174651077517 0.8402508884330423 0.13593241646820964 0.15713646611002133 0.00020039191533864284 0.075449206899734875 0.25188501545688979
decision_type=2 2 2 2 2 2 2 2 2 2 2 2 2 2 2 2 2 2 2
left_child=3 13 11 4 7 6 -6 17 -9 14 -7 -3 -11 18 15 -5 -14 -1 -2
right_child=1 2 -4 9 5 10 -8 8 -10 12 -12 -13 16 -15 -16 -17 -18 -19 -20
leaf_value=0.047397899893015884 0.035836084095152348 -0.0113451791404823 -0.043385392793670582 0.048241617297712043 -0.0056421930334103728 -0.002250522016571182 0.022430839973538161 -0.0083032582706089129 0.024499741622993551 0.020034648772376082 -0.014118852683408376 0.027628263665667972 -0.036269297155427399 0.014690252172058384 -0.0041563593893655633 0.019216902768429966 0 0.021878109689965161 0.055968009389332246
leaf_weight=9.2244108766317385 11.196870625019075 12.651028573513033 17.616652995347977 11.200165361165999 160.00493624806404 133.05635461211205 47.262909904122353 29.473497703671455 18.907432228326797 11.692400321364405 207.47913002967834 15.718564927577971 9.1330140978097933 9.7916516661643964 9.5145612806081754 34.51402460038662 9.2300883829593641 8.988731309771536 18.405647531151772
leaf_count=39 47 50 67 48 636 531 194 117 78 48 817 65 35 40 38 142 37 37 79
internal_value=0 0.0130722 -0.0103524 -0.0016005 -0.00358261 -0.0056134 0.000749146 0.0130303 0.00445964 0.0126075 -0.00949782 0.0101225 -0.00304272 0.040466 0.0211907 0.0265607 -0.0180232 0.0353298 0.0487236
internal_weight=785.062 85.3804 45.9862 699.682 614.397 547.803 207.268 66.5941 48.3809 85.2843 340.535 28.3696 30.0555 39.3942 55.2288 45.7142 18.3631 18.2131 29.6025
internal_count=3145 348 182 2797 2449 2178 830 271 195 348 1348 115 120 166 228 190 72 76 126
is_linear=0
shrinkage=0.03


end of trees

feature_importances:
Column_30=10
Column_31=9
Column_44=9
Column_7=7
Column_2=6
Column_17=6
Column_6=5
Column_41=5
Column_42=5
Column_0=4
Column_1=4
Column_21=4
Column_22=4
Column_32=4
Column_38=4
Column_47=4
Column_15=3
Column_23=3
Column_28=3
Column_10=2
Column_27=2
Column_33=2
Column_35=2
Column_14=1
Column_16=1
Column_24=1
Column_34=1
Column_36=1
Column_37=1
Column_39=1
Column_45=1

parameters:
[boosting: gbdt]
[objective: binary]
[metric: binary_logloss]
[tree_learner: serial]
[device_type: cpu]
[data_sample_strategy: bagging]
[data: ]
[valid: ]
[num_iterations: 500]
[learning_rate: 0.03]
[num_leaves: 31]
[num_threads: 1]
[seed: 137]
[deterministic: 0]
[force_col_wise: 0]
[force_row_wise: 0]
[histogram_pool_size: -1]
[max_depth: 5]
[min_data_in_leaf: 35]
[min_sum_hessian_in_leaf: 0.001]
[bagging_fraction: 0.8]
[pos_bagging_fraction: 1]
[neg_bagging_fraction: 1]
[bagging_freq: 0]
[bagging_seed: 5691]
[bagging_by_query: 0]
[feature_fraction: 0.8]
[feature_fraction_bynode: 1]
[feature_fraction_seed: 22311]
[extra_trees: 0]
[extra_seed: 25471]
[early_stopping_round: 0]
[early_stopping_min_delta: 0]
[first_metric_only: 0]
[max_delta_step: 0]
[lambda_l1: 0.15]
[lambda_l2: 0.15]
[linear_lambda: 0]
[min_gain_to_split: 0]
[drop_rate: 0.1]
[max_drop: 50]
[skip_drop: 0.5]
[xgboost_dart_mode: 0]
[uniform_drop: 0]
[drop_seed: 11029]
[top_rate: 0.2]
[other_rate: 0.1]
[min_data_per_group: 100]
[max_cat_threshold: 32]
[cat_l2: 10]
[cat_smooth: 10]
[max_cat_to_onehot: 4]
[top_k: 20]
[monotone_constraints: ]
[monotone_constraints_method: basic]
[monotone_penalty: 0]
[feature_contri: ]
[forcedsplits_filename: ]
[refit_decay_rate: 0.9]
[cegb_tradeoff: 1]
[cegb_penalty_split: 0]
[cegb_penalty_feature_lazy: ]
[cegb_penalty_feature_coupled: ]
[path_smooth: 0]
[interaction_constraints: ]
[verbosity: -1]
[saved_feature_importance_type: 0]
[use_quantized_grad: 0]
[num_grad_quant_bins: 4]
[quant_train_renew_leaf: 0]
[stochastic_rounding: 1]
[linear_tree: 0]
[max_bin: 255]
[max_bin_by_feature: ]
[min_data_in_bin: 3]
[bin_construct_sample_cnt: 200000]
[data_random_seed: 486]
[is_enable_sparse: 1]
[enable_bundle: 1]
[use_missing: 1]
[zero_as_missing: 0]
[feature_pre_filter: 1]
[pre_partition: 0]
[two_round: 0]
[header: 0]
[label_column: ]
[weight_column: ]
[group_column: ]
[ignore_column: ]
[categorical_feature: ]
[forcedbins_filename: ]
[precise_float_parser: 0]
[parser_config_file: ]
[objective_seed: 12927]
[num_class: 1]
[is_unbalance: 0]
[scale_pos_weight: 1]
[sigmoid: 1]
[boost_from_average: 1]
[reg_sqrt: 0]
[alpha: 0.9]
[fair_c: 1]
[poisson_max_delta_step: 0.7]
[tweedie_variance_power: 1.5]
[lambdarank_truncation_level: 30]
[lambdarank_norm: 1]
[label_gain: ]
[lambdarank_position_bias_regularization: 0]
[eval_at: ]
[multi_error_top_k: 1]
[auc_mu_weights: ]
[num_machines: 1]
[local_listen_port: 12400]
[time_out: 120]
[machine_list_filename: ]
[machines: ]
[gpu_platform_id: -1]
[gpu_device_id: -1]
[gpu_use_dp: 0]
[num_gpu: 1]

end of parameters

pandas_categorical:null
