tree
version=v4
num_class=1
num_tree_per_iteration=1
label_index=0
max_feature_idx=31
objective=binary sigmoid:1
feature_names=Column_0 Column_1 Column_2 Column_3 Column_4 Column_5 Column_6 Column_7 Column_8 Column_9 Column_10 Column_11 Column_12 Column_13 Column_14 Column_15 Column_16 Column_17 Column_18 Column_19 Column_20 Column_21 Column_22 Column_23 Column_24 Column_25 Column_26 Column_27 Column_28 Column_29 Column_30 Column_31
feature_infos=[4.5409034689568273:99.212052991002921] [-67.892308526279521:86.143998003550223] [-0.42248352512580972:1.4551110572226531] [0.00038505383622619999:0.0047192529983551001] [0:1] [0:1] [-0.00090796898959430005:0.001344122859405] [-0.0015437381569491:0.0027115234192180999] [0.00015001918012234617:0.00041867001743224803] [-1:1] [-0.0011762020347320999:0.0016249085150192] [-0.0014170042411811:0.0019658194890398999] [-0.0022776675532612:0.0030805033780560002] [0:1] [0:1] [-8.0372350522226643:9.3628746591072503] [-0.0017667258854459:0.0022727754049187] [-1.0341952712127256:10] [0:0.58333333333236115] [0.20000000000000001:1] [0.013964071350784103:86.304132029871525] [0:1] [0:0.29662178985757259] [0:0.52763774504711969] [0.28078959704057088:2.0606660730197999] [0:0.00038130353979058549] [-0.78947368421052633:0.68421052631578938] [0:0.58788435061943678] [0:2.0557623531053495] [0.10000000000000001:0.90000000000000002] [0:0.89382882189028379] [0:0.70639487454195959]
tree_sizes=2893 3341 1870 2075 2788 3329 2925 2583 3229 3037 1978 3107 2817 3034 3341 2082 2503 3013 2376 2778 2080 1868 1763 2067

Tree=0
num_leaves=26
num_cat=0
split_feature=18 1 17 23 17 21 30 17 17 25 26 1 30 25 21 17 8 21 15 25 1 2 23 26 0
split_gain=33.7487 23.6303 27.318 24.9993 24.2098 19.5479 17.9178 15.1125 13.4721 21.749 16.897 12.8809 12.1252 11.3074 10.6278 10.1525 13.7716 8.74106 8.69177 8.1501 8.89961 5.49707 5.18511 5.08724 1.10821
threshold=1.0000000180025095e-35 20.978964308262224 -0.68592680875922729 0.036119576952236006 2.1297563167080171 0.40098695503994514 0.20620615164058406 1.0563388109887664 9.9954836648926939 0.00026947247912203017 0.2105263157894737 11.067932821810247 0.25234176565907501 0.0001944921274095886 0.23767960979517813 0.84304014908812863 0.00022753412505453337 0.33438942282500189 1.4981816236121845 0.00019191374505078004 4.0528831410410939 0.77143968918354477 0.033271646120445635 0.10526315789473685 58.996364675895506
decision_type=2 2 2 2 2 2 2 2 2 2 2 2 2 2 2 2 2 2 2 2 2 2 2 2 2
left_child=15 2 19 6 22 7 13 -5 10 21 14 -7 -8 -4 -6 18 23 -12 24 -2 -21 -10 -3 -17 -1
right_child=1 4 3 5 8 11 12 -9 9 -11 17 -13 -14 -15 -16 16 -18 -19 -20 20 -22 -23 -24 -25 -26
leaf_value=0.03789499951843759 0.052449767905587003 -0.05879352639520341 -3.0945185115779054e-08 -0.00055021788803553029 -0.041688061725109318 0.018226183860150246 -0.035025345264991098 -0.016036231872781564 -0.016687471481658653 0.022171868808883863 0.043050726112141148 -0.015479012408770282 0.0012944013890496828 0.016004505333931066 0.0063663998894819907 -0.019991072964869676 0.04052755136297418 0.00090109945167098191 0.010170405166316992 0.039930002152355391 -3.0945185115779054e-08 -0.047651613935955558 -0.027350696110663996 0.010798765509880374 0.058485245918398959
leaf_weight=7.9518084526062074 8.9486639499664324 11.039348602294924 60.249384164810181 90.171398401260376 7.764921426773074 39.81291651725769 13.547649621963499 155.62055706977844 9.2655920982360893 7.5026104450225821 10.416267156600954 13.438415288925169 20.294908761978149 116.20742177963257 8.3348715305328351 9.2217497825622612 9.0471234321594221 8.0172004699707013 7.8748986721038809 8.7732946872711199 11.500064373016356 14.248383760452269 10.327839612960814 9.6601729393005353 8.7625198364257795
leaf_count=30 33 48 241 361 33 155 57 637 38 29 39 55 81 454 33 38 34 32 31 33 46 61 43 38 32
internal_value=-3.09452e-08 -0.00194161 0.000394379 -0.00121909 -0.0164435 -0.00679873 0.0066929 -0.0103771 -0.00727933 -0.0216115 0.00550137 0.00961654 -0.0132029 0.0105422 -0.0167042 0.0230634 0.0103751 0.0251161 0.0371429 0.0285331 0.0174482 -0.0358236 -0.0441014 -0.00404129 0.0493805
internal_weight=678 625.482 538.565 509.343 86.917 299.043 210.299 245.792 65.5498 31.0166 34.5333 53.2513 33.8426 176.457 16.0998 52.5183 27.929 18.4335 24.5892 29.222 20.2734 23.514 21.3672 18.8819 16.7143
internal_count=2712 2509 2153 2041 356 1208 833 998 265 128 137 210 138 695 66 203 110 71 93 112 79 99 91 76 62
is_linear=0
shrinkage=1


Tree=1
num_leaves=30
num_cat=0
split_feature=18 7 23 25 21 21 17 3 17 28 22 7 8 11 17 21 8 19 7 17 8 21 27 30 10 15 15 26 25
split_gain=31.815 23.1008 22.2707 17.8791 17.5528 17.883 18.8863 13.6833 55.7437 25.1091 17.5431 16.8381 15.8049 10.0948 9.83824 19.167 18.7993 12.1894 9.79618 9.57197 12.9756 8.96239 20.019 8.78674 8.73935 8.19096 5.8336 4.79282 1.13671
threshold=1.0000000180025095e-35 0.00062142682110955005 0.036119576952236006 0.00019806913568914044 0.43489622225366081 0.085015949637986796 4.6349695667361326 0.0009262612552337501 3.1421060668569232 0.89966607316943759 0.017532370930210383 0.00013143531594525003 0.00020520185573477369 0.00016810603978080003 6.2323217096249293 0.37595565917266766 0.00023116268827728204 0.50000000000000011 -0.00067224554886454997 0.84304014908812863 0.00022753412505453337 0.64605333110361485 0.056808006016887111 0.01304644623276204 0.00010286558088265002 1.4981816236121845 2.2165174273101305 0.10526315789473685 0.00020291234554924308
decision_type=2 2 2 2 2 2 2 2 2 2 2 2 2 2 2 2 2 2 2 2 2 2 2 2 2 2 2 2 2
left_child=19 2 7 26 5 6 -4 8 10 13 -2 -10 -11 -9 16 23 24 -17 -7 25 27 -6 -23 -16 -5 28 -3 -21 -1
right_child=1 3 4 14 21 18 -8 9 11 12 -12 -13 -14 -15 15 17 -18 -19 -20 20 -22 22 -24 -25 -26 -27 -28 -29 -30
leaf_value=0.057062062695049834 0.050149344506047848 -0.050893081226379484 -0.0069465010966578405 -0.023595930061499779 0.031705981293235562 0.0050406627657451049 0.020255234179414314 0.025659077037854687 0.0073574227961565822 -0.025657386526261431 0.015014045802890775 -0.030180098260863885 0.0028803673059203975 -0.010868789106759758 0.044181856637599645 0.0016285308070226306 -0.054624636542352584 -0.033213943582806091 -0.027695558592985961 -0.0194028358536604 0.039347641344153479 -0.036199069322720455 0.01564642229836094 0.00041762031793303006 0.020086334732739661 0.0098712814487428822 -0.019265504573141211 0.010480090777045686 0.0365086729806674
leaf_weight=8.7569311261177116 33.195084795355797 13.465458869934084 173.94552531838417 8.4414296746254021 14.171823292970656 9.5718531012535077 26.262624472379684 35.856711074709892 24.26945424079895 31.802612394094467 21.739661037921906 18.913263097405434 37.924698352813721 8.1149202734231931 9.6363453865051287 21.298785850405693 10.158931806683539 15.243087857961653 48.744515538215637 9.2208284437656456 9.0434093475341779 8.5418771505355817 28.923329576849937 7.5108049511909476 7.7308996468782416 7.8746948540210715 9.9532396793365461 9.6598912179470044 7.9470537304878226
leaf_count=32 123 58 703 35 54 38 102 138 96 132 85 79 151 33 36 85 44 64 203 38 34 36 113 30 30 31 41 38 30
internal_value=0 -0.00188376 0.00067601 -0.0148267 -0.00443481 -0.00763514 -0.00334332 0.00817883 0.016381 0.00104892 0.0364055 -0.00902706 -0.0100984 0.0188019 -0.00797431 -0.000506267 -0.0229425 -0.0128594 -0.0222462 0.0223977 0.0100707 0.0114767 0.00360907 0.0254422 -0.002446 0.0360745 -0.0378501 -0.00391536 0.0479626
internal_weight=677.92 625.417 521.978 103.439 310.162 258.525 200.208 211.816 98.1175 113.699 54.9347 43.1827 69.7273 43.9716 80.0203 53.689 26.3313 36.5419 58.3164 52.5028 27.9241 51.637 37.4652 17.1472 16.1723 24.5787 23.4187 18.8807 16.704
internal_count=2712 2509 2086 423 1249 1046 805 837 383 454 208 175 283 171 324 215 109 149 241 203 110 203 149 66 65 93 99 76 62
is_linear=0
shrinkage=0.03


Tree=2
num_leaves=16
num_cat=0
split_feature=20 4 21 17 23 25 21 15 6 15 17 3 25 12 25
split_gain=31.6538 17.9919 29.7461 17.3711 16.7576 18.3493 17.6969 17.2959 15.2057 20.2112 13.2594 12.9364 12.0318 8.54026 3.96033
threshold=0.015823114554465802 1.0000000180025095e-35 0.91907819598931317 -0.46535096009877569 0.039553615240813945 0.00027442395699957912 0.99911268224102578 -0.66749706846142987 0.00028292912958665007 -1.2009169908545261 -0.67635561632229957 0.00077578931284365011 0.00023072895131986615 -0.00019113351057319997 0.00021325191385751922
decision_type=2 2 2 2 2 2 2 2 2 2 2 2 2 2 2
left_child=1 2 3 13 6 10 7 -3 9 -5 -6 -12 -9 -1 -4
right_child=-2 4 14 8 5 -7 -8 12 -10 -11 11 -13 -14 -15 -16
leaf_value=0.038956969147382385 0.045367686164919464 0.034733790649897227 0.053129834149527724 -0.0092376762142599555 0.015972420322783357 0.023664178717886716 -0.038308291993164365 -0.0045095668312217915 -0.036221564011879682 0.0071837966127194256 -0.035976862178218542 -0.013533065062805638 0.016749914325054637 0.0065197949523202224 0.022867128087540874
leaf_weight=15.393112793564798 13.415995284914969 13.70885396003723 10.590133234858515 109.96083544194698 10.248515918850897 10.882971018552778 9.9185732603073102 120.62675289809704 10.193719565868376 173.79444371163845 31.086030215024948 95.763594076037407 29.729269176721573 14.650362089276312 7.7746654897928229
leaf_count=58 50 52 39 446 40 42 42 486 43 688 131 391 116 58 30
internal_value=0 -0.000923331 0.00385566 0.00172688 -0.00601841 -0.0134347 0.000269822 0.00266233 -0.000483689 0.000802779 -0.0164351 -0.0191046 -0.000263615 0.0233994 0.0408503
internal_weight=677.738 664.322 342.357 323.992 321.965 147.981 173.983 164.065 293.949 283.755 137.098 126.85 150.356 30.0435 18.3648
internal_count=2712 2662 1362 1293 1300 604 696 654 1177 1134 562 522 602 116 69
is_linear=0
shrinkage=0.03


Tree=3
num_leaves=18
num_cat=0
split_feature=20 4 21 17 23 25 21 15 6 15 24 3 25 17 12 26 25
split_gain=29.8502 16.937 28.051 16.3695 15.771 17.2824 16.6804 16.2936 14.3263 19.019 13.0886 15.8485 11.3252 10.3851 8.06438 4.27654 3.728
threshold=0.015823114554465802 1.0000000180025095e-35 0.91907819598931317 -0.46535096009877569 0.039553615240813945 0.00027442395699957912 0.99911268224102578 -0.66749706846142987 0.00028292912958665007 -1.2009169908545261 0.81731315313983066 0.00077578931284365011 0.00023072895131986615 6.8723991808249938 -0.00020199835347654998 1.0000000180025095e-35 0.00021325191385751922
decision_type=2 2 2 2 2 2 2 2 2 2 2 2 2 2 2 2 2
left_child=1 2 3 14 6 10 7 -3 9 -5 13 -12 -9 -6 -1 -16 -4
right_child=-2 4 16 8 5 -7 -8 12 -10 -11 11 -13 -14 -15 15 -17 -18
leaf_value=0.038655892162342803 0.044094486394020638 0.033721391817909056 0.051616811468485228 -0.0089614232283029612 -0.047433989483483242 0.022968157966280555 -0.037208832649022361 -0.0043744437589882095 -0.035167557758396702 0.0069686258409146868 -0.02734697429571924 -0.0018289593721236808 0.016252677210596225 -0.015050648975482717 0.022742732245136357 -0.00831360884787582 0.02220227176845609
leaf_weight=14.604153901338579 13.393908604979513 13.70141154527664 10.578085243701937 109.95478448271751 18.191167563199997 10.880952090024946 9.9098493754863721 120.62685088813305 10.188812330365179 173.79058218002319 32.612053886055946 67.470336049795151 29.724302679300308 18.790565982460976 7.7731296569108945 7.6528705656528473 7.7717876732349387
leaf_count=55 50 52 39 446 78 42 42 486 43 688 136 271 116 77 30 31 30
internal_value=0 -0.000894394 0.00374238 0.00167533 -0.00583852 -0.0130343 0.000261208 0.00258397 -0.000469796 0.000778214 -0.0159472 -0.0102174 -0.000254444 -0.0312283 0.0227189 0.00711502 0.039683
internal_weight=677.616 664.222 342.314 323.964 321.907 147.945 173.962 164.053 293.934 283.745 137.064 100.082 150.351 36.9817 30.0302 15.426 18.3499
internal_count=2712 2662 1362 1293 1300 604 696 654 1177 1134 562 407 602 155 116 61 69
is_linear=0
shrinkage=0.03


Tree=4
num_leaves=25
num_cat=0
split_feature=18 1 17 17 22 28 30 8 19 21 17 26 8 8 3 30 20 17 24 12 21 28 24 17
split_gain=28.4619 21.2788 24.1841 21.6815 21.046 16.5499 15.4083 14.8167 14.6175 14.3661 12.5156 15.5282 11.9285 11.5969 10.2071 9.75143 9.33589 10.7696 18.5592 8.6987 8.10304 5.24711 4.56236 3.44967
threshold=1.0000000180025095e-35 20.978964308262224 -0.68592680875922729 2.1297563167080171 0.010732487945394444 0.75281584424846315 0.18176813498111907 0.00019933345681955467 0.50000000000000011 0.42535461666574903 9.9954836648926939 0.2105263157894737 0.00029140795482774263 0.00021330297242930189 0.00081769353383570012 0.0047591001825064072 0.015823114554465802 0.84304014908812863 0.87111963552942295 0.00040372839402305004 0.33438942282500189 1.0453527344979481 0.93611292451407768 0.28517463545771449
decision_type=2 2 2 2 2 2 2 2 2 2 2 2 2 2 2 2 2 2 2 2 2 2 2 2
left_child=16 2 14 21 6 13 8 -8 -4 -7 11 15 19 -6 -2 -5 17 23 -19 -12 -13 -3 -16 -1
right_child=1 3 4 10 5 9 7 -9 -10 -11 12 20 -14 -15 22 -17 -18 18 -20 -21 -22 -23 -24 -25
leaf_value=0.016210953583656013 0.045426141901987613 -0.05401640717212846 0.035143700228153149 0.0083276525665512986 0.033488429105738522 -0.0078578910549920826 -0.043757091708732494 0.015717062767692028 0.0032191473797476317 0.0068858900587760001 -0.0095559611853435009 0.041543995727698881 0.011255935748469869 -0.0004555939793785003 -0.0069054740342787439 -0.037764237939570407 0.042897382677021784 0.020268611449274509 -0.03725083298365759 -0.047274181329371605 0.00092083118632830434 -0.021853012594120209 0.025343365568967484 0.04428016370668101
leaf_weight=8.7267929911613482 13.951263025403025 12.895769000053408 31.10858553647995 7.590295463800433 17.362052828073502 333.05215190351009 7.0262601822614652 7.6806422621011734 22.609244674444199 71.96057216823101 10.07618890702725 10.404602438211443 7.6362688690423957 18.224923297762871 7.4195281416177732 8.4846738427877408 13.359337672591208 13.663974806666376 7.8021910935640326 13.262609496712683 8.0126118808984739 8.4298529028892499 7.8057787716388702 8.8471043109893781
leaf_count=34 52 56 118 30 66 1349 30 30 90 285 41 39 30 73 30 36 50 53 33 57 32 35 30 33
internal_value=0 -0.00177768 0.000438654 -0.0155499 -0.00107875 -0.0034921 0.0143693 -0.0125489 0.0218369 -0.00522561 -0.00686978 0.00545212 -0.0206955 0.01605 0.0269353 -0.0158474 0.02121 0.0135381 -0.000542911 -0.0313465 0.024263 -0.0417534 0.00942128 0.0308507
internal_weight=677.393 624.994 538.201 86.7929 509.024 440.6 68.4247 14.7069 53.7178 405.013 65.4673 34.4922 30.9751 35.587 29.1766 16.075 52.3994 39.0401 21.4662 23.3388 18.4172 21.3256 15.2253 17.5739
internal_count=2712 2509 2153 356 2041 1773 268 60 208 1634 265 137 128 139 112 66 203 153 86 98 71 91 60 67
is_linear=0
shrinkage=0.03


Tree=5
num_leaves=30
num_cat=0
split_feature=18 7 23 21 17 1 31 17 17 0 29 1 7 16 12 23 21 1 17 24 17 8 11 17 24 10 23 2 16
split_gain=26.8484 20.5396 19.1325 15.1789 16.5889 29.6535 19.0899 13.7684 15.9612 16.6264 13.5858 17.676 18.3042 12.6906 12.3993 12.0505 8.77846 18.731 8.59137 12.727 9.21151 8.35839 7.94592 7.74189 7.32966 9.71102 5.29759 3.71703 2.88084
threshold=1.0000000180025095e-35 0.00062142682110955005 0.036119576952236006 0.43489622225366081 0.92186946323995389 -4.0796041587964273 0.2294106224770836 6.0865269104575441 9.7425789555630633 68.999871005179656 0.59120150438795183 -7.4800530926077036 0.00012001261041240002 0.00087906336216540012 0.00048218149289585009 0.021371568744188406 0.64605333110361485 -7.4800530926077036 0.84304014908812863 0.84528560241313666 1.7680190441331043 0.00023116268827728204 0.00017818160776560005 8.4702806475380967 0.96949864476950987 0.00011360144265790001 0.028825197201672075 0.73872299213610615 0.0005308321229197001
decision_type=2 2 2 2 2 2 2 2 2 2 2 2 2 2 2 2 2 2 2 2 2 2 2 2 2 2 2 2 2
left_child=18 2 10 4 5 -4 -6 21 13 27 14 15 -13 28 23 -12 -5 -18 22 -20 -21 24 -1 -2 25 -3 -11 -10 -9
right_child=1 7 3 16 6 -7 -8 8 9 26 11 12 -14 -15 -16 -17 17 -19 19 20 -22 -23 -24 -25 -26 -27 -28 -29 -30
leaf_value=0.046522174595796009 0.024104745343502154 -0.026565899422595279 0.025521605091823035 0.030773501535882153 -0.017118210786604086 -0.0091632631488769416 0.012875264224061709 0.00700604398890875 0.014411874949731783 -0.055999897868008804 -0.0005255039138013913 0.0270411469272284 -0.0036128496486844785 0.037206555399998932 -0.019365563660562631 -0.035569363862801344 0.033042408326821981 -0.011815136795935623 0.031992838932919598 0.013078229233486005 -0.03218558900715586 -0.052213618791695018 0.010098147299743771 0.0052264415607229048 -0.038944602674923431 0.016289192816137492 -0.022660219771466015 -0.013100452251632833 -0.018390628633084376
leaf_weight=15.576270028948786 66.620081692934036 10.760788142681127 33.502095028758049 14.160538479685782 138.19697096943855 64.783322840929031 21.869988933205605 8.3260884433984774 10.466269329190256 8.0247755199670809 19.22817388176918 29.178581938147545 42.994427651166916 10.853446409106253 8.2476893961429578 16.619224265217781 12.370520293712614 25.053819194436073 12.073006093502046 8.1601918190717679 7.613575965166091 9.6639567017555219 8.8971129357814771 28.72897844016552 11.038986861705778 8.1847023814916593 11.30353933572769 7.3249700963497153 7.2787335962057105
leaf_count=58 257 45 129 54 568 263 86 33 41 35 77 112 173 41 34 70 47 102 46 32 32 42 35 114 47 32 47 30 30
internal_value=0 -0.00172434 0.00068862 -0.00404911 -0.00702657 0.00263477 -0.0129839 -0.0139427 -0.00517963 -0.01789 0.00764677 0.000157624 0.00874831 0.0124835 0.0154008 -0.0169777 0.010753 0.00296536 0.0206181 0.00892446 -0.00858419 -0.0278092 0.0336054 0.0184809 -0.0195736 -0.00783375 -0.0370579 0.00281892 -0.0046167
internal_weight=677.101 624.781 521.554 309.937 258.352 98.2854 160.067 103.226 63.5778 37.1196 211.617 108.02 72.173 26.4583 103.597 35.8474 51.5849 37.4243 52.3202 27.8468 15.7738 39.6484 24.4734 95.3491 29.9845 18.9455 19.3283 17.7912 15.6048
internal_count=2712 2509 2086 1249 1046 392 654 423 257 153 837 432 285 104 405 147 203 149 203 110 64 166 93 371 124 77 82 71 63
is_linear=0
shrinkage=0.03


Tree=6
num_leaves=26
num_cat=0
split_feature=20 12 23 16 7 27 21 21 28 30 3 21 24 28 20 22 24 1 21 24 27 31 23 3 0
split_gain=25.7006 14.689 17.4279 14.0231 12.6551 12.2558 20.4184 21.4854 14.9113 15.7774 13.8828 10.4624 10.347 17.3237 12.4969 11.6226 11.2889 10.9523 10.6264 8.24513 5.37144 4.96472 8.77073 2.61629 0.303507
threshold=0.015823114554465802 0.00061309478160535011 0.038557743691628045 0.00084743317280120008 0.00059712165460885003 0.13885051475236546 0.085015949637986796 0.33612336408985916 0.89966607316943759 1.0000000180025095e-35 0.00093948793929460003 0.32026358480905331 0.8153528552934094 0.82192745922613164 0.013966682410621602 0.074773691131557893 0.93971060372151238 -3.8483442895594631 0.28900709378441464 1.0670472517078669 0.23279187063714837 0.21323817487165783 0.038069491500715417 0.0011417977221883501 69.537796565726964
decision_type=2 2 2 2 2 2 2 2 2 2 2 2 2 2 2 2 2 2 2 2 2 2 2 2 2
left_child=1 2 5 4 11 6 10 -8 9 -7 -1 23 14 16 18 -16 -14 -15 -4 -10 24 22 -5 -3 -6
right_child=-2 3 12 21 20 8 7 -9 19 -11 -12 -13 13 17 15 -17 -18 -19 -20 -21 -22 -23 -24 -25 -26
leaf_value=0.026923110305489634 0.041098871681407106 -0.0096497908419057067 -0.025142632589200655 -0.0040458938264116562 -0.037588332117563288 0.025825518934524318 -0.035211386091331752 0.0076616702646900708 -0.016544809242515241 -0.0073029654018638389 0.0030775987510524598 0.013754067254662834 0.036406733645025099 0.0056614239330585172 -0.011739309697275236 0.035604643403427221 -0.0067953817326783508 -0.0093742168259081261 0.0012681312225323483 0.0069791531230697125 -0.014355996560092637 -0.016185666948882845 0.033861313944871824 -0.034606958672230272 -0.052286098521247854
leaf_weight=71.592700257897377 13.276181414723395 8.1074380129575783 53.119019150733948 13.378208577632909 8.7008682936430031 28.852269738912582 13.769086420536039 42.710209727287292 49.896981686353683 22.968172863125801 32.383774369955063 11.740772277116774 17.16649088263512 69.726913407444954 10.307658061385157 8.1765237152576429 7.6448040157556525 114.83904606103897 18.015816882252693 17.910154730081558 7.5374111235141745 7.9908687472343436 8.9392251223325712 8.5304623097181302 9.4344952106475812
leaf_count=275 50 33 221 54 37 111 58 169 205 93 129 46 65 277 42 31 31 467 72 71 31 33 34 36 41
internal_value=0 -0.000825474 0.000872152 -0.0125128 -0.0216641 0.00625417 0.011671 -0.00277647 -0.000979363 0.0110768 0.0195547 -0.00759027 -0.00415499 -0.000478989 -0.012678 0.00907994 0.0229543 -0.00366958 -0.018402 -0.0102634 -0.0369126 0.00368615 0.0110622 -0.0229086 -0.0458468
internal_weight=676.716 663.439 579.08 84.3597 54.0514 280.083 160.456 56.4793 119.628 51.8204 103.976 28.3787 298.996 209.377 89.619 18.4842 24.8113 184.566 71.1348 67.8071 25.6728 30.3083 22.3174 16.6379 18.1354
internal_count=2712 2662 2317 345 224 1111 631 227 480 204 404 115 1206 840 366 73 96 744 293 276 109 121 88 69 78
is_linear=0
shrinkage=0.03


Tree=7
num_leaves=23
num_cat=0
split_feature=18 4 21 2 17 23 2 11 22 28 3 0 3 29 26 21 20 17 24 12 25 22
split_gain=24.5961 16.5916 26.571 16.1458 15.2673 14.3376 12.8365 18.132 12.9115 11.557 17.4209 22.6423 13.5143 15.6099 11.8833 11.1429 8.06602 9.57243 16.8566 7.47547 3.7363 3.39201
threshold=1.0000000180025095e-35 1.0000000180025095e-35 0.91907819598931317 0.36165879525340566 -0.46535096009877569 0.046080706404359427 0.23788347283880362 0.00017818160776560005 0.074092761028582338 0.85486256861200804 0.0014509202636706503 60.47715192046342 0.0025905178167275503 0.44095006716493362 0.10526315789473685 0.092422032600972828 0.015823114554465802 0.84304014908812863 0.87111963552942295 -0.00019113351057319997 0.00021325191385751922 0.017231029670112353
decision_type=2 2 2 2 2 2 2 2 2 2 2 2 2 2 2 2 2 2 2 2 2 2
left_child=16 2 4 5 19 15 8 -8 -6 10 11 -5 13 -11 -12 -3 17 21 -19 -2 -4 -1
right_child=1 3 20 9 6 -7 7 -9 -10 12 14 -13 -14 -15 -16 -17 -18 18 -20 -21 -22 -23
leaf_value=0.013235965570053094 0.035783781510676523 0.0526517921030576 0.0498491232018397 -0.0072081530047803932 -0.014034233092548334 -0.020757401137046973 0.010539473592863681 -0.01013387577998986 0.012646452497220535 0.0053861217458054719 -0.041394600309077538 0.037836782311957078 0.017575236181152715 -0.018674192830425859 -0.0014254286645739554 0.0074507425614884874 0.040067716468802986 0.019207474022602013 -0.035645059255544967 0.00538235634463851 0.020499944148370669 0.04114424153533091
leaf_weight=7.9124631881713894 15.313408792018892 8.9513682723045402 10.541662693023683 20.728301852941513 91.179601475596428 7.2338160872459403 117.03891009092331 56.321021020412445 19.579842090606689 28.374067813158035 10.532012760639192 19.023455902934074 12.037700131535528 154.98660013079643 18.630877494812012 11.377906784415243 13.214100465178488 13.647184029221537 7.7907189279794684 14.627474814653395 7.7528010606765738 9.5894708484411222
leaf_count=31 58 33 39 84 373 30 461 229 77 113 45 72 47 640 75 45 50 53 33 58 30 36
internal_value=0 -0.00165028 0.00292316 -0.00687223 0.000852893 0.0148603 -0.0012836 0.00379424 -0.00926637 -0.0091627 0.00133961 0.0142968 -0.0128879 -0.0149251 -0.0161515 0.0278132 0.0197665 0.012635 -0.000627126 0.0211817 0.0379234 0.0290018
internal_weight=676.385 624.231 332.355 291.876 314.06 27.5631 284.119 173.36 110.759 264.313 68.9146 39.7518 195.398 183.361 29.1629 20.3293 52.1539 38.9398 21.4379 29.9409 18.2945 17.5019
internal_count=2712 2509 1325 1184 1256 108 1140 690 450 1076 276 156 800 753 120 78 203 153 86 116 69 67
is_linear=0
shrinkage=0.03


Tree=8
num_leaves=29
num_cat=0
split_feature=18 16 22 19 4 12 1 1 19 16 8 29 30 28 30 7 18 20 20 30 15 7 2 15 30 31 23 28
split_gain=23.2202 18.477 17.0429 12.6853 21.7671 24.4542 21.5451 13.7812 12.4038 11.6663 11.2864 11.2284 9.44342 8.02862 12.8305 9.93156 8.44362 7.93504 7.66472 7.06988 6.46971 6.33355 18.24 10.846 5.34969 5.12673 4.44804 3.45273
threshold=1.0000000180025095e-35 0.00045182777360505005 0.010840313525960489 0.50000000000000011 1.0000000180025095e-35 0.00022781589985645004 3.7839735828747512 -24.880557046941245 0.50000000000000011 0.0010071408349651002 0.0001712029275783815 0.59253393478447847 0.15304552595817522 0.89069390306682494 0.0120244151445884 0.00076861571015430011 0.12499999999979165 0.01396487266651136 0.015823114554465802 1.0000000180025095e-35 0.20487079884174467 0.00025190722267495004 0.58268078578683247 1.3498233759581868 0.12533365659535325 0.051785226600658069 0.036655501533571562 0.95108449319935684
decision_type=2 2 2 2 2 2 2 2 2 2 2 2 2 2 2 2 2 2 2 2 2 2 2 2 2 2 2 2
left_child=18 2 8 7 6 -6 -5 19 12 13 -9 27 17 14 -3 16 -15 -2 21 -4 -13 -1 -23 -24 -16 -11 -17 -10
right_child=1 9 3 4 5 -7 -8 10 11 25 -12 20 -14 15 24 26 -18 -19 -20 -21 -22 22 23 -25 -26 -27 -28 -29
leaf_value=0.034763913234728543 0.041278790198690303 0.016169088388742588 -0.012278173559099631 0.0075599228499134558 -0.020936084836774137 0.011026096258257092 0.050687418821218425 0.028605002144551108 0.032817199149181769 0.02254538356092773 -0.0052434439148766904 0.00029541139848664611 -0.0043496038793984669 -0.026083603746886994 -0.040025125762588543 -0.054031383265108868 0.0037764877973747624 0.0078952353699762636 0.039089230458350638 -0.04260408269215063 -0.034386644038277729 -0.035830880064546898 0.042721854862005526 0.00084749758791534966 -0.0041177128493068193 -0.008087319839749748 -0.024224791162616648 0.0039095334046724403
leaf_weight=8.6658099591732007 23.68656986951828 13.55174294114113 16.669535920023922 119.13523490726948 52.424939438700676 36.17874763906002 11.352196872234343 9.1280499398708326 8.149137079715727 10.063715010881426 186.67062969505787 10.738241314888002 7.6590836346149436 21.770449161529541 8.1841417551040632 11.38857375085354 13.49889115989208 9.3690277785062772 13.143347561359404 12.670111283659933 8.2989949285984022 7.098241031169894 9.6004769355058688 13.51720270514488 7.3916164934635153 9.0900958180427534 9.3208226561546308 7.5368478745222083
leaf_count=33 89 53 68 472 217 143 42 35 31 39 754 43 31 91 35 50 54 37 50 54 35 30 36 54 30 37 39 30
internal_value=1.3123e-06 -0.00159939 0.000706 -0.00152512 0.00359948 -0.00783797 0.0114003 -0.00653113 0.0138808 -0.0131178 -0.00362179 0.000561759 0.025086 -0.0178893 -0.00488719 -0.0245435 -0.0145604 0.0320307 0.0192339 -0.0256769 -0.0147398 0.0122824 0.0055467 0.0185941 -0.0234729 0.0078246 -0.0411025 0.0193803
internal_weight=675.952 623.927 519.667 444.229 219.091 88.6037 130.487 225.138 75.4379 104.26 195.799 34.7232 40.7147 85.1062 29.1275 55.9787 35.2693 33.0556 52.0251 29.3396 19.0372 38.8817 30.2159 23.1177 15.5758 19.1538 20.7094 15.686
internal_count=2712 2509 2081 1785 874 360 514 911 296 428 789 139 157 352 118 234 145 126 203 122 78 153 120 90 65 76 89 61
is_linear=0
shrinkage=0.03


Tree=9
num_leaves=27
num_cat=0
split_feature=18 7 22 25 19 25 24 17 21 17 28 24 25 27 11 12 3 17 24 17 11 17 3 6 3 12
split_gain=21.9303 17.8544 16.9463 14.9037 14.7793 21.1132 32.345 20.7268 18.2171 17.4715 14.6074 9.98827 9.10794 10.2943 9.71458 9.64177 9.10634 7.39059 11.5525 7.82695 7.37626 6.94843 15.6448 5.39279 2.41879 0.411462
threshold=1.0000000180025095e-35 0.00062142682110955005 0.011204555827777995 0.00019806913568914044 0.50000000000000011 0.00019526603712264302 0.8153528552934094 3.8345817229410968 0.91907819598931317 0.84304014908812863 0.94339818928898533 1.0125500862547054 0.00020246068031861466 0.22932817355223653 0.00019804544020145002 0.0005292805682038501 0.00098473752984530008 0.84304014908812863 0.84528560241313666 1.7680190441331043 0.00017818160776560005 3.1421060668569232 0.0010077768538100001 0.00024952177061790006 0.00090948499725010011 0.00042601655514910001
decision_type=2 2 2 2 2 2 2 2 2 2 2 2 2 2 2 2 2 2 2 2 2 2 2 2 2 2
left_child=17 2 10 23 8 7 -7 -6 9 -4 21 16 -5 15 -15 -14 -12 20 -19 -20 -1 24 -23 25 -2 -3
right_child=1 3 4 12 5 6 -8 -9 -10 -11 11 -13 13 14 -16 -17 -18 18 19 -21 -22 22 -24 -25 -26 -27
leaf_value=0.043390982631604777 0.053810672343904485 -0.035790784813856523 0.0011467100421165483 0.022701476851462014 0.0042102446759078845 -0.0091102797250654632 0.017759029755287318 -0.037721628105828936 0.035869830342228494 -0.015926688199307353 0.0087236921351168499 0.027258683652618292 -0.0061469419180805703 -0.013651778858327957 0.017364402013031251 -0.037890721986880788 -0.024284360493940976 0.029909366818095775 0.011182582254776757 -0.030611888266732494 0.0081862358823290068 -0.015025107364073382 0.042973310701380871 -0.014293716788047405 0.02805796624084193 -0.05285856011336236
leaf_weight=15.363573476672174 8.9536329507827777 7.0242454111576098 94.267452046275139 8.2551998794078809 22.845286384224892 60.956674128770828 117.60346242785454 19.349065363407135 8.4565333127975446 124.458162099123 15.431219696998598 10.147235959768294 18.208249181509018 18.989763244986534 17.122898519039154 17.026770740747452 14.202660635113714 11.996176436543466 8.0938319712877256 7.5954217761754981 8.8428149521350843 8.0509431958198565 8.2789077311754209 8.704380586743353 7.8368820697069159 7.501662939786911
leaf_count=58 33 30 377 32 91 248 459 82 32 511 61 39 74 78 67 73 59 46 32 32 35 33 31 36 30 33
internal_value=1.92977e-06 -0.00155226 0.000696163 -0.0129684 -0.00147928 0.00403463 0.00856128 -0.0149777 -0.0068561 -0.00855201 0.0141001 0.00170468 -0.00669863 -0.0102038 0.000941512 -0.0217094 -0.00698765 0.0187183 0.00784503 -0.00886498 0.0308447 0.0287784 0.0142294 -0.0340796 0.0424112 -0.0453619
internal_weight=675.563 623.671 520.838 102.833 447.937 220.754 178.56 42.1944 227.182 218.726 72.9015 39.7811 79.6029 71.3477 36.1127 35.235 29.6339 51.8918 27.6854 15.6893 24.2064 33.1204 16.3299 23.2303 16.7905 14.5259
internal_count=2712 2509 2086 423 1800 880 707 173 920 888 286 159 324 292 145 147 120 203 110 64 93 127 64 99 63 63
is_linear=0
shrinkage=0.03


Tree=10
num_leaves=17
num_cat=0
split_feature=20 4 21 23 21 16 6 7 22 25 27 25 3 29 25 18
split_gain=21.0796 13.2835 23.525 12.83 13.6878 16.6588 11.9418 12.8391 12.7908 11.4264 11.0353 8.6325 8.36477 9.34551 3.60891 3.11343
threshold=0.015823114554465802 1.0000000180025095e-35 0.91907819598931317 0.052242124854808551 0.99911268224102578 -0.00013383317560584996 0.00028292912958665007 -0.00021447491059709998 0.010732487945394444 0.00020023525221580919 0.23800011338746321 0.00023021331541584738 0.00055570478046125006 0.83497792910161395 0.00021325191385751922 0.041666666666597151
decision_type=2 2 2 2 2 2 2 2 2 2 2 2 2 2 2 2
left_child=1 2 6 4 5 15 7 8 -1 -9 12 -7 -5 -14 -4 -3
right_child=-2 3 14 10 -6 11 -8 9 -10 -11 -12 -13 13 -15 -16 -17
leaf_value=0.017231476999276799 0.037609539560923902 0.014217250584498946 0.048162477357482573 -0.046937214662783111 -0.031722346681619815 -0.0048630422896233927 -0.029103802210794501 -0.00046342334144167699 -0.0062717808796438892 0.016690638529259685 0.01103534346431867 0.011609411280194853 -0.011231773773256857 -0.046046660580034413 0.019302569044693161 0.040800354409062815
leaf_weight=24.064315482974052 13.007667139172552 8.4276068359613436 10.480373606085779 7.8738645017147055 12.049334838986395 148.52546928822994 10.92423056066036 60.848101541399956 147.04991073906422 80.37693589925766 13.909243822097777 35.228902474045753 77.619480043649673 7.6297754049301139 7.7303064465522757 9.308107063174246
leaf_count=94 50 33 39 34 51 602 46 244 595 314 55 139 318 33 30 35
internal_value=2.72852e-06 -0.000737714 0.003371 -0.00512789 -0.000853736 0.00099215 0.00147959 0.00257712 -0.00292797 0.00927517 -0.0136001 -0.00167362 -0.0173398 -0.0144758 0.0364145 0.0286454
internal_weight=675.054 662.046 341.474 320.572 213.539 201.49 323.263 312.339 171.114 141.225 107.032 183.754 93.1231 85.2493 18.2107 17.7357
internal_count=2712 2662 1362 1300 860 809 1293 1247 689 558 440 741 385 351 69 68
is_linear=0
shrinkage=0.03


Tree=11
num_leaves=28
num_cat=0
split_feature=18 16 17 17 25 22 17 3 21 17 25 6 0 17 3 16 8 18 17 17 8 15 23 12 21 26 2
split_gain=20.0995 16.7436 16.8362 16.0753 18.3452 14.6174 14.1088 24.18 17.7576 13.7019 11.0512 12.7881 11.7908 10.5074 9.90294 9.86879 9.58239 9.09182 8.32994 7.06887 11.2546 7.73858 6.01368 4.83275 4.16651 2.99408 1.43293
threshold=1.0000000180025095e-35 0.00045182777360505005 6.2323217096249293 9.7425789555630633 0.00027637762689823061 0.010840313525960489 4.0391555492328619 0.0009262612552337501 0.62967385528031594 -0.68592680875922729 0.0001960416010809261 -2.8476386665900266e-05 59.194683330325923 9.6419844839964792 0.0018644655252385001 0.00020388833637705002 0.00023116268827728204 0.12499999999979165 0.55056408526759182 0.84304014908812863 0.00022753412505453337 1.4981816236121845 0.030630507967619396 0.00055022890157645015 0.9015083372099767 0.10526315789473685 0.6548901981082873
decision_type=2 2 2 2 2 2 2 2 2 2 2 2 2 2 2 2 2 2 2 2 2 2 2 2 2 2 2
left_child=19 5 16 17 14 6 7 -2 13 15 11 -11 -12 -8 -5 -7 22 -4 -9 21 25 26 -3 -24 -10 -21 -1
right_child=1 2 3 4 -6 9 8 18 24 10 12 -13 -14 -15 -16 -17 -18 -19 -20 20 -22 -23 23 -25 -26 -27 -28
leaf_value=0.029612981666149531 0.050148664426925879 -0.034035229066323607 -0.00015428288466644418 -0.012262930768278548 0.02649356699822383 0.036333139614659893 -0.038734241697286655 -0.021843510290398636 0.030572414872739352 0 -0.0025550885580457182 -0.020353005725952937 0.012106792635367347 0.0067346210155997512 -0.050851296877451498 -0.0057052938633706 -0.048402305568857135 0.036341447957740261 0.018980360244598104 -0.01792592968256345 0.034876835193238316 0.0044184670500462576 0.00855141617598861 -0.019868420648625401 0.0018396906999133813 0.0056867188209686016 0.051122547496275934
leaf_weight=7.7376290112733903 18.553519889712334 12.179035559296606 12.665886342525484 16.968171417713169 7.2956178188323966 14.25271859765053 11.304956600070001 7.7321980595588711 12.301824629306795 52.577402889728546 250.05287723243237 58.249609366059303 61.325265094637871 7.3024679273366919 9.6089921891689283 7.4040793329477301 12.572212457656859 11.349003061652182 10.291185826063154 9.1814929991960579 8.8924443423747999 7.7580632716417304 9.3049120455980319 11.979817911982535 7.7300663739442816 9.5173372626304609 8.5653557479381544
leaf_count=30 69 52 51 70 28 54 48 32 47 211 1007 241 242 29 42 30 55 43 40 38 34 31 37 50 31 38 32
internal_value=3.00285e-06 -0.00148297 -0.0124677 -0.00160245 -0.0149581 0.000710558 0.0129319 0.0262467 0.000159057 -0.00135399 -0.00256037 -0.0106902 0.000322532 -0.020739 -0.02659 0.0218142 -0.0259831 0.0170252 0.00118319 0.0179652 0.0073202 0.0298652 -0.017248 -0.00726146 0.0198039 -0.0057192 0.0415504
internal_weight=674.654 623.002 103.924 57.8877 33.8728 519.078 75.2162 36.5769 38.6393 443.862 422.205 110.827 311.378 18.6074 26.5772 21.6568 46.036 24.0149 18.0234 51.6523 27.5913 24.061 33.4638 21.2847 20.0319 18.6988 16.303
internal_count=2712 2509 428 234 140 2081 296 141 155 1785 1701 452 1249 77 112 84 194 94 72 203 110 93 139 87 78 76 62
is_linear=0
shrinkage=0.03


Tree=12
num_leaves=25
num_cat=0
split_feature=20 17 1 18 17 25 8 23 19 1 23 17 21 8 8 29 8 25 21 6 17 28 24 23
split_gain=19.4831 12.0274 23.2839 17.812 17.5388 26.9182 24.1132 21.1513 15.9654 16.7753 14.4277 13.3871 13.2764 12.838 10.7361 8.72391 7.61996 12.4597 7.37471 5.99057 11.1553 4.97207 4.28272 4.05011
threshold=0.015823114554465802 1.8730365441120846 20.978964308262224 1.0000000180025095e-35 4.0391555492328619 0.0001949167410055313 0.00020960654278894756 0.038069491500715417 0.50000000000000011 1.5357841632139755 0.013492960660638405 -0.72299561141355928 1.0000000180025095e-35 0.0002196694700616731 0.00023614672096362218 0.69579724187748082 0.00019262901501214229 0.00020326463073994932 0.60082945754060468 6.0072524782595143e-05 3.236354011403209 1.0453527344979481 0.9793811330712705 0.0091808084159391585
decision_type=2 2 2 2 2 2 2 2 2 2 2 2 2 2 2 2 2 2 2 2 2 2 2 2
left_child=1 2 10 -4 7 8 12 16 9 -6 22 15 -7 -13 -8 -12 -3 -18 -10 20 -9 -5 23 -1
right_child=-2 4 3 21 5 6 14 19 18 -11 11 13 -14 -15 -16 -17 17 -19 -20 -21 -22 -23 -24 -25
leaf_value=0.034590197896183165 0.036357688562062077 0.024394735208500343 0.0088753310142136374 -0.049473551526976849 0.025322091417689426 0.037293185080436886 -0.013440270778671954 -0.040918615981948632 -0.041868347010738702 -0.024396099845047554 0.0099789238621948995 -0.0018080285515084654 0.0090337751781933116 0.017237997483021725 0.002100257206354273 0.051133311726446674 -0.039611483778164577 0.011879032453464857 -0.007556070247889529 -0.05015231546122443 -0.00045103637136183 -0.017566419154056885 0.042952654081904323 0.0062942071937534729
leaf_weight=7.8895473182201448 12.866619035601614 9.0211401730775851 11.866693124175073 12.003497272729875 11.130334183573725 18.431784272193909 68.047377750277519 14.525376453995706 24.520451456308365 13.144670799374579 11.14855979382992 155.10291697084904 82.213311433792114 39.844166696071625 95.770213559269905 8.3559982776641828 7.0645407587289837 9.9151664525270444 7.8455000072717658 12.425971806049345 10.926073327660559 8.1174036860465986 10.075420349836348 11.840044006705282
leaf_count=30 50 35 47 53 43 70 279 62 105 55 44 624 326 156 384 31 30 39 32 54 44 34 38 47
internal_value=4.07722e-06 -0.000704599 0.00406238 -0.0199098 -0.00413708 -0.00126265 0.00274511 -0.0184792 -0.0200124 -0.00140006 0.00723045 0.00447762 0.0143015 0.00207188 -0.00433399 0.0280946 0.00219929 -0.00944057 -0.0337627 -0.0327449 -0.0238265 -0.0370484 0.0267657 0.0180113
internal_weight=674.093 661.226 276.244 31.9876 384.982 321.104 264.463 63.8783 56.641 24.275 244.257 214.452 100.645 194.947 163.818 19.5046 26.0008 16.9797 32.366 37.8774 25.4514 20.1209 29.805 19.7296
internal_count=2712 2662 1104 134 1558 1294 1059 264 235 98 970 855 396 780 663 75 104 69 137 160 106 87 115 77
is_linear=0
shrinkage=0.03


Tree=13
num_leaves=27
num_cat=0
split_feature=20 12 17 21 1 3 22 8 17 24 17 11 21 17 17 17 0 30 18 2 12 8 18 27 16 8
split_gain=18.4845 12.4187 17.0179 18.898 30.9369 14.5435 38.7663 28.5132 26.7242 22.9011 14.523 13.9146 13.1978 26.3949 20.6294 11.3603 14.8659 15.0192 10.5708 8.83783 7.04285 7.6921 5.90073 4.93146 2.56055 2.36675
threshold=0.015823114554465802 0.00061309478160535011 1.8730365441120846 0.57765414051165476 11.067932821810247 0.00092148954316840007 0.019806229751982745 0.00021144846282358025 -0.1253532503707894 0.78671755049025383 6.3255596204699254 -0.00037126968434199992 0.085015949637986796 3.9213746395982709 9.8546131821530576 9.8546131821530576 76.238944785921603 0.020023525110074842 1.0000000180025095e-35 0.62420860734778605 0.00087164957007160012 0.00023664026499232166 0.14166666666643057 0.031464586721232167 0.00041858875649275002 0.00020657206253207706
decision_type=2 2 2 2 2 2 2 2 2 2 2 2 2 2 2 2 2 2 2 2 2 2 2 2 2 2
left_child=1 2 5 12 11 6 23 18 -8 -9 20 -5 13 -4 -14 22 17 -17 -7 -6 24 -22 -12 -1 -3 -26
right_child=-2 10 3 4 19 7 8 9 -10 -11 15 -13 14 -15 -16 16 -18 -19 -20 -21 21 -23 -24 -25 25 -27
leaf_value=0.015846078162852419 0.035550405716668572 -0.018227915209096866 -0.016834886235036726 -0.020001516256369901 0.00088534655730367257 0.013936006842965556 -0.016205211506536536 -0.028569874519320075 0.017759527524281584 0.02700019491365303 0.00059367713573526518 0.023333110530587304 -0.025173019477217722 0.011434923622928488 0.00073513385668668124 0.035208820588421723 -0.039349873343604444 -0.021445025993464262 -0.017831845692030689 -0.034752216207114307 0.013396759198461282 -0.028836164885829605 0.037691820527077965 0.040260882130085995 -0.026464830417720641 -0.051082174592001671
leaf_weight=10.466032639145849 12.768918111920355 8.2222335636615771 53.260390311479568 7.2735725343227378 10.223481506109239 10.908991530537604 40.385412201285362 7.8689831942319861 42.740470066666603 38.410555899143219 7.458332270383834 59.94182576239109 72.095299437642097 66.816530838608742 44.270642161369324 8.1284566372633034 10.21268545091152 8.3563673794269544 59.80815178155899 15.06268325448036 7.5954166799783689 7.4985641539096832 8.458655893802641 37.526770547032356 8.2385383844375628 9.5763674825429899
leaf_count=41 50 34 220 30 41 43 166 33 167 148 30 232 301 264 178 31 44 35 247 64 30 32 32 142 35 42
internal_value=4.49807e-06 -0.000683469 0.000877021 -0.00358779 0.00787527 0.00681306 0.0136701 -0.00084087 0.00120479 0.0173928 -0.0114722 0.0185429 -0.00809356 -0.00107214 -0.0152896 0.000708014 -0.0111264 0.00628533 -0.0128486 -0.0202464 -0.0241574 -0.0073663 0.0207564 0.0350961 -0.0336216 -0.0402643
internal_weight=673.574 660.805 577.06 328.944 92.5016 248.115 131.119 116.997 83.1259 46.2795 83.7456 67.2154 236.443 120.077 116.366 42.6145 26.6975 16.4848 70.7171 25.2862 41.1311 15.094 15.917 47.9928 26.0371 17.8149
internal_count=2712 2662 2317 1330 367 987 516 471 333 181 345 262 963 484 479 172 110 66 290 105 173 62 62 183 111 77
is_linear=0
shrinkage=0.03


Tree=14
num_leaves=30
num_cat=0
split_feature=18 7 23 21 21 17 29 1 7 17 17 12 23 16 7 30 15 21 27 28 18 17 24 17 24 15 17 28 2
split_gain=17.1554 15.4131 14.348 12.1086 14.4224 17.0376 12.0203 15.1942 15.292 11.0969 13.2655 10.7054 10.3677 9.94811 9.15757 9.12152 10.0465 8.37065 17.4017 8.1826 6.94278 6.4904 8.1817 6.48044 10.7681 7.44896 6.58343 3.97369 1.41274
threshold=1.0000000180025095e-35 0.00062142682110955005 0.036119576952236006 0.43489622225366081 0.085015949637986796 4.4220378164582099 0.59120150438795183 -7.4800530926077036 0.00012001261041240002 6.0865269104575441 9.7425789555630633 0.00048218149289585009 0.021371568744188406 0.00087906336216540012 -0.00067224554886454997 0.15710317000748072 0.90639084821976501 0.64605333110361485 0.056808006016887111 1.1954545762998248 0.17499999999970828 2.4885716529012285 0.96949864476950987 0.84304014908812863 0.84528560241313666 1.4981816236121845 1.7680190441331043 0.9464271202835739 0.6548901981082873
decision_type=2 2 2 2 2 2 2 2 2 2 2 2 2 2 2 2 2 2 2 2 2 2 2 2 2 2 2 2 2
left_child=23 2 6 4 5 -4 11 12 -9 20 13 19 -8 27 -6 16 -12 -5 -19 -2 21 22 -3 25 -25 28 -26 -11 -1
right_child=1 9 3 17 14 -7 7 8 -10 10 15 -13 -14 -15 -16 -17 -18 18 -20 -21 -22 -23 -24 24 26 -27 -28 -29 -30
leaf_value=0.027887811184193936 0.019572033866853338 0.0035188416383916789 -0.005952576732976814 0.029425432342714077 0.0071999688175232394 0.018259662081973171 -0.00087318821774799292 0.024506109091539909 -0.0035987483174943873 0.010553579949431674 0.017732902521887254 -0.01826862102169674 -0.033466646725546334 0.033990480752831002 -0.02450260773625542 -0.04689025300488299 -0.019790584980954068 -0.034943401558828718 0.013518670269991985 -0.01235970150341518 -0.048136815495926584 -0.04287112655245947 -0.033079656711819644 0.027915991866290631 0.0088049660120158649 0.0031556561938440842 -0.029611200506470196 -0.019459417359800234 0.049225010346404544
leaf_weight=7.6362350732088151 87.256909474730492 15.065975427627569 168.84584325551987 14.12315312027931 9.5455559343099576 30.750796541571617 19.129228428006172 28.934427738189697 42.836013466119766 8.3384948670864123 8.9770475625991839 8.2157131284475309 16.577877894043922 10.767479702830313 48.463851362466812 6.8088025599718085 20.997166186571121 8.50503261387348 28.744370266795158 7.5956421196460715 8.8103533089160901 6.8685048520565024 8.3260396718978864 11.867802992463114 7.9951131939887983 7.7044313997030249 7.5753011554479599 7.2013245373964301 8.4339848011732084
leaf_count=30 340 61 685 54 38 120 77 112 173 33 35 34 70 41 203 30 88 36 113 31 39 30 36 46 32 31 32 30 32
internal_value=3.96949e-06 -0.00136572 0.000721888 -0.00338341 -0.00604673 -0.00218889 0.00676595 -0.000214723 0.0076967 -0.0120114 -0.00412465 0.0140786 -0.0162077 0.0120051 -0.0192034 -0.0157844 -0.00837087 0.00986308 0.00223739 0.0169521 -0.0245674 -0.0173536 -0.00944447 0.016674 0.00646837 0.0281498 -0.00970318 -0.00312104 0.0397151
internal_weight=672.898 621.686 519.524 308.979 257.606 199.597 210.546 107.478 71.7704 102.161 63.0903 103.068 35.7071 26.3073 58.0094 36.783 29.9742 51.3726 37.2494 94.8526 39.0709 30.2605 23.392 51.2129 27.4382 23.7747 15.5704 15.5398 16.0702
internal_count=2712 2509 2086 1249 1046 805 837 432 285 423 257 405 147 104 241 153 123 203 149 371 166 127 97 203 110 93 64 63 62
is_linear=0
shrinkage=0.03


Tree=15
num_leaves=18
num_cat=0
split_feature=20 4 21 12 17 15 23 21 18 25 25 24 3 18 17 29 6
split_gain=17.1176 12.2203 21.0838 13.0443 13.4344 15.1262 10.7891 14.5314 14.0185 14.2866 12.7556 12.4588 14.1963 8.09444 7.78373 5.16861 2.93042
threshold=0.015823114554465802 1.0000000180025095e-35 0.97446926354531815 0.00055022890157645015 -0.46535096009877569 -1.2009169908545261 0.04123893968929284 0.99911268224102578 0.19166666666634719 0.00023021331541584738 0.00027442395699957912 0.81731315313983066 0.00077578931284365011 0.058333333333236058 6.8723991808249938 0.57047043796519425 0.00028908734477740004
decision_type=2 2 2 2 2 2 2 2 2 2 2 2 2 2 2 2 2
left_child=1 2 3 4 13 -6 7 8 9 -3 11 14 -13 -1 -8 -10 -5
right_child=-2 6 -4 16 5 -7 10 -9 15 -11 -12 12 -14 -15 -16 -17 -18
leaf_value=0.0068407310949330311 0.034426868709600149 0.0005218697613926063 0.03791854450915149 -0.011755926195876542 -0.0075011446820002587 0.0067885141751884972 -0.042906656007102494 -0.034764643454218855 -0.041113324151123516 0.023979518729510273 0.020759809689392231 -0.024418128432702225 0.00011559870541729382 0.039671901010521954 -0.014290085029109716 -0.0065506709482727101 -0.036918385725673422
leaf_weight=14.376454070210459 12.609028965234755 121.97561322152615 14.982259780168532 11.019602462649347 109.58399629592896 169.40773142874241 17.707275196909904 10.016015261411665 8.0321030914783496 28.882729098200798 10.282735124230383 31.197587832808495 64.628588303923607 13.442870751023291 18.068991482257843 8.2513353973627073 7.6737326234579077
leaf_count=57 50 492 57 45 446 673 77 43 35 112 40 131 261 51 75 34 33
internal_value=3.11107e-06 -0.000655867 0.00328851 0.00166401 0.0031634 0.0011586 -0.00487902 3.42839e-05 0.00217582 0.00506213 -0.011039 -0.0135786 -0.0078505 0.022994 -0.028699 -0.0240928 -0.0225357
internal_weight=672.139 659.53 340.487 325.504 306.811 278.992 319.043 177.158 167.142 150.858 141.885 131.602 95.8262 27.8193 35.7763 16.2834 18.6933
internal_count=2712 2662 1362 1305 1227 1119 1300 716 673 604 584 544 392 108 152 69 78
is_linear=0
shrinkage=0.03


Tree=16
num_leaves=22
num_cat=0
split_feature=20 12 17 23 25 30 17 3 3 8 24 28 28 17 0 30 12 8 18 28 25
split_gain=16.2581 11.1553 15.775 13.218 14.5982 16.7876 13.1592 12.7188 12.2707 17.9037 12.5058 10.0484 10.0105 9.98459 13.6985 13.9339 6.71399 7.11131 5.40847 5.07337 0.729245
threshold=0.015823114554465802 0.00061309478160535011 -0.68592680875922729 0.038557743691628045 0.0001944921274095886 0.15918498703016226 6.3255596204699254 0.00081769353383570012 0.00068319025218455012 0.00018071555313005933 0.82025022018221405 1.0677913236629559 0.95381599964613895 9.8546131821530576 76.238944785921603 0.020023525110074842 0.00087164957007160012 0.00023664026499232166 0.14166666666643057 0.93296741696183982 0.00021035567456211836
decision_type=2 2 2 2 2 2 2 2 2 2 2 2 2 2 2 2 2 2 2 2 2
left_child=1 2 7 4 5 -4 16 -1 9 -5 -10 -6 -9 18 15 -15 19 -18 -8 -3 -21
right_child=-2 6 3 8 11 -7 13 12 10 -11 -12 -13 -14 14 -16 -17 17 -19 -20 20 -22
leaf_value=0.043269924890219663 0.033696930142619541 -0.013263631785130211 0.00077168373291587784 0.010901535905049968 0.013174597247119078 -0.03328752625275256 0.00026036433091785314 0.030633780692791209 -0.010703621225263795 -0.026945760208788389 0.0038097369448827361 -0.0038438412419902488 -0.013449988128078204 0.034210036016704019 -0.03762858168765628 -0.020438891692719344 0.013362621967558917 -0.027363077994292405 0.035883370254231398 -0.049132603146819477 -0.031535125969386561
leaf_weight=13.494704872369764 12.5005946457386 9.1480801403522509 64.803917184472084 14.915622651576994 138.17976997792721 16.075572311878204 7.4370013624429694 7.7871991544961956 85.593208178877831 43.079569429159164 141.16932804882526 39.769526243209839 10.876542821526526 8.1059052497148567 10.125074177980421 8.3240450471639615 7.5814417749643308 7.4265749305486679 8.3884442299604398 9.5310647487640399 7.2176119089126578
leaf_count=51 50 38 261 59 545 68 30 30 351 181 565 161 45 31 44 35 30 32 32 42 31
internal_value=2.51145e-06 -0.000637306 0.000840893 -0.00036135 0.00453516 -0.00599146 -0.0108931 0.0212095 -0.00482784 -0.0171315 -0.00165206 0.00934588 0.00480179 0.000727991 -0.0103876 0.00631695 -0.0230016 -0.00656458 0.019584 -0.032262 -0.0421627
internal_weight=671.531 659.03 575.745 543.587 258.829 80.8795 83.2852 32.1584 284.758 57.9952 226.763 177.949 18.6637 42.3805 26.555 16.43 40.9048 15.008 15.8254 25.8968 16.7487
internal_count=2712 2662 2317 2191 1035 329 345 126 1156 240 916 706 75 172 110 66 173 62 62 111 73
is_linear=0
shrinkage=0.03


Tree=17
num_leaves=27
num_cat=0
split_feature=18 7 22 19 25 24 17 21 17 25 19 29 23 25 10 17 27 7 15 15 26 3 6 24 22 12
split_gain=15.2607 14.2818 13.4561 13.7958 17.7652 27.9086 18.0202 15.0433 15.7312 12.7059 10.619 12.4098 10.3606 8.1218 9.12716 8.23614 7.13667 6.2986 14.4803 7.50677 5.42233 5.36253 5.1373 3.51452 2.10185 0.334817
threshold=1.0000000180025095e-35 0.00062142682110955005 0.011204555827777995 0.50000000000000011 0.00019526603712264302 0.8153528552934094 3.8345817229410968 0.91907819598931317 0.84304014908812863 0.00019806913568914044 0.50000000000000011 0.59120150438795183 0.017863053534044295 0.00020258936220892074 6.0537490731259224e-05 6.2323217096249293 0.21806445709323355 0.00025190722267495004 0.49377567812235029 1.3082477792444425 0.31578947368421056 0.0009262612552337501 0.00024952177061790006 0.94228890769210183 0.007821441585251214 0.00042601655514910001
decision_type=2 2 2 2 2 2 2 2 2 2 2 2 2 2 2 2 2 2 2 2 2 2 2 2 2 2
left_child=17 2 10 7 6 -6 -5 8 -4 22 12 24 23 -11 15 -15 -16 -1 -19 -20 -21 -13 25 -2 -12 -3
right_child=1 9 3 4 5 -7 -8 -9 -10 13 11 21 -14 14 16 -17 -18 18 19 20 -22 -23 -24 -25 -26 -27
leaf_value=0.035633069226007612 0.02340917341427147 -0.033318157520657442 0.0012572367324217007 0.0045355051464563371 -0.0081744897549995005 0.016831676168191596 -0.03467556911065283 0.032696339589028629 -0.014963552667974759 0.021162092843891832 0.0077853799683237964 0 0.001712229405048663 -0.042169837257293091 -0.012497831309948868 -0.010220258545732648 0.014891407201940311 -0.025260568954942633 0.040573467932542163 0.020458215704442052 -0.010326694069766827 -0.032351258562657775 -0.011882692657186467 0.047611620223658342 0.030968610011039087 -0.049417208416008218
leaf_weight=11.241333812475203 13.363355234265329 6.9368791729211825 94.043252602219582 22.745634287595749 60.670371770858765 117.26120914518833 19.201491713523865 8.3293480575084669 124.08259166777134 8.7205662429332715 7.5304973125457755 9.6328853070735949 13.180176615715025 10.400860428810118 16.027082487940788 25.677264556288719 17.939634412527084 8.1085633486509305 10.033981636166574 13.421598315238954 7.9628934115171424 8.9877705425024015 8.6011634618043882 11.458368256688116 8.0504382997751218 7.3264408260583878
leaf_count=44 52 30 377 91 248 459 82 32 511 34 30 39 53 46 67 106 71 34 39 53 33 38 36 43 31 33
internal_value=1.94304e-06 -0.00128734 0.000721018 -0.00121488 0.00412388 0.0082802 -0.0133663 -0.00641774 -0.00795341 -0.0115646 0.0127279 0.000452724 0.0236123 -0.00575259 -0.00920563 -0.0196916 0.00183786 0.0157971 0.00992904 0.0192303 0.00879386 -0.0158865 -0.0312227 0.0349808 0.0202309 -0.042328
internal_weight=670.936 620.167 518.537 446.334 219.879 177.932 41.9471 226.455 218.126 101.63 72.2035 34.2016 38.0019 78.7654 70.0448 36.0781 33.9667 50.7684 39.527 31.4185 21.3845 18.6207 22.8645 24.8217 15.5809 14.2633
internal_count=2712 2509 2086 1800 880 707 173 920 888 423 286 138 148 324 290 152 138 203 159 125 86 77 99 95 61 63
is_linear=0
shrinkage=0.03


Tree=18
num_leaves=21
num_cat=0
split_feature=20 4 16 1 17 17 25 17 15 11 23 22 28 17 12 8 28 1 31 22
split_gain=15.0256 11.386 11.0148 11.7475 9.54138 31.0325 22.9279 8.99746 11.6059 12.855 11.3847 9.25957 16.5108 9.18013 8.12755 9.23253 8.0238 6.76407 5.56254 4.88153
threshold=0.015823114554465802 1.0000000180025095e-35 -0.00013383317560584996 4.3151230086077712 0.8863980497543148 -0.14738543136608886 0.00019948711049941201 -0.46535096009877569 -1.2009169908545261 0.00017818160776560005 0.05532503607645619 0.074092761028582338 1.1876611764379976 6.4943901129861628 -0.00011905847324294998 0.00019762653333180773 0.97255954413973733 -2.7659407044047835 0.14667832141277157 0.048819284189264171
decision_type=2 2 2 2 2 2 2 2 2 2 2 2 2 2 2 2 2 2 2 2
left_child=1 7 16 14 5 -5 -6 17 11 10 -10 12 -9 -11 -4 -16 -3 19 -13 -1
right_child=-2 2 3 4 6 -7 -8 8 9 13 -12 18 -14 -15 15 -17 -18 -19 -20 -21
leaf_value=0.044452927260251324 0.032633106700598248 -0.0035254487554759947 -0.045530639243471067 -0.013280830094740735 -0.031510993271191695 0.021661505193517665 -0.0031797238344824824 -0.0042278299477887952 0.017518132248663301 -0.013117093196516142 -0.0012257727160877531 -0.00057584450656870175 -0.038493976443787908 0.0105379100821757 -0.037918872308274496 0.0033186943976394501 0.030214562840905623 0 0.032274970384918722 0.01290012947699533
leaf_weight=9.790410473942762 12.319169431924818 11.581131294369699 10.355540439486505 47.180340498685837 31.492954969406128 44.028121843934059 140.03929136693478 80.32505139708519 89.608318954706192 42.10141022503376 42.53094282746315 10.406089812517168 14.988666906952856 22.377970904111862 7.690986871719363 12.455833107233046 13.25849401950836 10.647400379180906 7.8519569486379615 9.1667287647724134
leaf_count=37 50 47 45 196 135 173 570 326 351 173 171 42 64 89 33 50 51 43 30 36
internal_value=2.11833e-06 -0.000609378 -0.00469318 -0.0063304 -0.00425647 0.00354514 -0.00843048 0.00320062 0.00167224 0.00609225 0.0114566 -0.00593816 -0.00971555 -0.00483245 -0.0239398 -0.0123658 0.0143769 0.0189742 0.0134552 0.0296521
internal_weight=670.197 657.878 318.083 293.243 262.741 91.2085 171.532 339.795 310.19 196.619 132.139 113.572 95.3137 64.4794 30.5024 20.1468 24.8396 29.6045 18.258 18.9571
internal_count=2712 2662 1300 1202 1074 369 705 1362 1246 784 522 462 390 262 128 83 98 116 72 73
is_linear=0
shrinkage=0.03


Tree=19
num_leaves=25
num_cat=0
split_feature=18 1 28 23 16 22 19 19 24 1 24 30 12 23 15 28 10 30 1 7 15 15 7 26
split_gain=13.9172 13.6323 14.0347 13.7838 12.9883 10.5543 13.6011 10.8089 14.8722 14.5535 9.18419 8.3703 8.68076 8.16272 8.15382 9.54463 7.26234 7.12417 6.96523 6.04856 13.567 7.17904 5.32504 5.11493
threshold=1.0000000180025095e-35 20.978964308262224 0.85486256861200804 0.12584510690319753 0.00084743317280120008 0.010732487945394444 0.50000000000000011 0.50000000000000011 0.80648778337098415 -17.39569099294749 0.78120386051720547 0.13118231097124772 -9.3025930738442519e-05 0.032899994987558343 0.85695249642001248 0.88588126493177033 0.00010802720978145001 0.14948133559141233 10.453967370973261 0.00025190722267495004 0.49377567812235029 1.3082477792444425 0.00085451060758015009 0.31578947368421056
decision_type=2 2 2 2 2 2 2 2 2 2 2 2 2 2 2 2 2 2 2 2 2 2 2 2
left_child=19 2 3 11 14 6 17 9 -9 -7 -5 16 -13 -6 -3 -16 -2 -4 -8 -1 -21 -22 -17 -23
right_child=1 4 5 10 13 7 18 8 -10 -11 -12 12 -14 -15 15 22 -18 -19 -20 20 21 23 -24 -25
leaf_value=0.034663585011793639 0.024527387825366179 0 0.032384822741406472 -0.03718304097172364 -0.014257708410015082 -0.028206278716487967 0.0054505405606050062 -0.015286746905548954 0.0057359098017681067 -0.0053073259260303105 0.0063040682011778334 -0.016755514325197368 0.015639998976410101 0.019705548462045166 -0.0041928024558050688 -0.024166897906157347 0.0022705052658287413 0 -0.02604812662804883 -0.024655098894498833 0.039467907855283278 0.019618892569401344 -0.050093133400128671 -0.010329246373761512
leaf_weight=11.140630319714544 55.403027236461639 13.864262089133261 22.147032231092457 8.4587537646293658 10.769017264246942 30.178337678313255 17.713041394948963 38.419472023844719 140.35121332108974 147.55785256624222 8.5075128823518735 14.031503096222879 15.513901203870772 14.915531203150747 13.148984774947165 19.304229229688644 17.950256645679474 8.3705652058124524 9.5171575695276243 8.1080390661954862 9.9064734131097811 13.347892105579378 13.05571189522743 7.9463820457458487
leaf_count=44 215 56 85 36 45 127 71 159 561 600 34 58 61 59 54 83 72 34 40 34 39 53 59 33
internal_value=1.46727e-06 -0.00122775 0.000541764 0.00958222 -0.0123736 -0.00206576 0.00979347 -0.00400268 0.00118377 -0.00924121 -0.0152499 0.0137365 9.64803e-05 0.00529115 -0.020085 -0.0262035 0.0191579 0.0235254 -0.00547652 0.0151358 0.0093766 0.0184395 -0.0349482 0.00823922
internal_weight=669.627 619.177 534.12 119.865 85.0577 414.255 57.7478 356.507 178.771 177.736 16.9663 102.899 29.5454 25.6845 59.3732 45.5089 73.3533 30.5176 27.2302 50.4494 39.3088 31.2007 32.3599 21.2943
internal_count=2712 2509 2153 476 356 1677 230 1447 720 727 70 406 119 104 252 196 287 119 111 203 159 125 142 86
is_linear=0
shrinkage=0.03


Tree=20
num_leaves=18
num_cat=0
split_feature=20 4 21 17 6 1 16 17 18 25 17 22 8 25 1 17 28
split_gain=13.9053 10.6565 19.2509 10.8419 10.4878 12.5424 10.4643 10.0226 29.6394 20.6279 16.2369 13.524 6.7609 6.47899 5.52078 3.15857 2.2053
threshold=0.015823114554465802 1.0000000180025095e-35 0.88031111846955368 -0.46535096009877569 0.00028292912958665007 2.9080967530535422 -0.00026782234927804992 0.8863980497543148 0.12499999999979165 0.0001949167410055313 -0.14738543136608886 0.033799236348807965 0.00021585011519689606 0.00019948711049941201 15.610388540058922 -0.25278146520252615 1.015250203975629
decision_type=2 2 2 2 2 2 2 2 2 2 2 2 2 2 2 2 2
left_child=1 2 3 13 5 -5 -3 8 10 14 -8 -11 -4 -1 -9 -10 -15
right_child=-2 6 12 4 -6 -7 7 9 15 11 -12 -13 -14 16 -16 -17 -18
leaf_value=0.0018829658595296032 0.031636510509909822 0.029947344005515131 0.044468687959935999 -0.001848518977272146 -0.030500709898814742 0.017569019954717321 -0.0035681399271960627 -0.042039004849268577 -0.045301674722219153 0.0017985146538941107 0.021526193688585622 -0.01533766082000783 0.0099414908944655718 0.041913359786625394 -0.014725441763884678 -0.017477098197656766 0.018246646400528515
leaf_weight=12.721926152706148 12.130229711532591 7.5407488644123069 12.636530861258509 243.88895593583584 10.014275550842283 33.959231898188591 47.091147661209106 19.086655050516132 9.9307978302240389 99.716515690088272 45.051911756396294 70.280167475342751 9.3287488371133787 8.4177897423505801 11.483872875571249 7.3023014664649954 8.3950790315866453
leaf_count=51 50 29 48 985 43 133 192 83 44 403 177 292 37 32 49 31 33
internal_value=6.98132e-07 -0.000583772 0.00310366 0.00120265 -0.000561998 0.000516748 -0.00453909 -0.00540671 0.00186294 -0.00939195 0.00866763 -0.00526677 0.0301752 0.0184694 -0.0320471 -0.0340228 0.0306271
internal_weight=668.977 656.847 339.363 317.397 287.862 277.848 317.484 309.943 109.376 200.567 92.1431 169.997 21.9653 29.5348 30.5705 17.2331 16.8129
internal_count=2712 2662 1362 1277 1161 1118 1300 1271 444 827 369 695 85 116 132 75 65
is_linear=0
shrinkage=0.03


Tree=21
num_leaves=16
num_cat=0
split_feature=20 3 12 17 12 21 1 28 22 17 30 6 15 20 8
split_gain=13.2229 10.7092 13.0693 14.9988 13.4148 13.3477 27.7601 15.1545 10.2274 9.049 12.6933 8.84681 6.69017 6.10017 4.95065
threshold=0.015823114554465802 0.0033728830146956003 0.00061309478160535011 1.8730365441120846 -0.00090767589696944993 0.57765414051165476 11.067932821810247 0.75281584424846315 0.048819284189264171 8.2071930540445432 0.00077307122390655732 0.00042986760777145004 2.0265584988618111 0.013965496435450189 0.00023614672096362218
decision_type=2 2 2 2 2 2 2 2 2 2 2 2 2 2 2
left_child=1 2 3 4 -1 7 -7 -5 -6 11 12 14 -11 -12 -4
right_child=-2 -3 9 5 8 6 -8 -9 -10 10 13 -13 -14 -15 -16
leaf_value=-0.032117872512662696 0.031004388702172179 0.033959922426139127 -0.021976606579124581 0.014832354849820517 0.011053558608826645 0.016420903860105498 -0.020860123713655997 -0.010052687456378216 -0.0031755109463602158 0.032418856618345995 -0.0026276008854214912 0.0053002652262797096 -0.0040042085531736323 -0.04007568313240318 -0.050834329883817031
leaf_weight=7.7894152998924246 12.011087402701376 7.8298817574977866 28.228666007518768 24.336407259106636 178.38440550863743 65.156903773546219 24.584633365273476 209.88687816262245 60.324189767241478 10.122541487216951 8.8842372596263903 8.6006612479686719 7.7238093465566626 7.3025498390197745 7.1303499937057486
leaf_count=33 50 30 120 96 710 256 103 863 244 39 37 35 32 32 32
internal_value=1.2726e-06 -0.000566234 -0.000997821 0.000570604 0.00615212 -0.00366325 0.00613996 -0.00744003 0.00743915 -0.0125064 -0.000743312 -0.0214778 0.0165031 -0.0200103 -0.0281128
internal_weight=668.297 656.286 648.456 570.463 246.498 323.965 89.7415 234.223 238.709 77.9928 34.0331 43.9597 17.8464 16.1868 35.359
internal_count=2712 2662 2632 2305 987 1318 359 959 954 327 140 187 71 69 152
is_linear=0
shrinkage=0.03


Tree=22
num_leaves=15
num_cat=0
split_feature=20 3 12 17 23 4 25 3 17 17 7 6 29 8
split_gain=12.5781 10.1167 12.3405 14.6644 10.2545 14.164 11.8546 9.29339 8.53946 12.3191 16.0052 8.37927 5.84662 4.75426
threshold=0.015823114554465802 0.0033728830146956003 0.00061309478160535011 -0.72299561141355928 0.038557743691628045 1.0000000180025095e-35 0.0001944921274095886 0.00081769353383570012 8.2071930540445432 9.8546131821530576 0.00062142682110955005 0.00042986760777145004 0.59699771884789665 0.00023614672096362218
decision_type=2 2 2 2 2 2 2 2 2 2 2 2 2 2
left_child=1 2 3 7 6 -6 -5 -1 11 -10 -11 13 -9 -4
right_child=-2 -3 8 4 5 -7 -8 12 9 10 -12 -13 -14 -15
leaf_value=0.045756032779151731 0.030392142631303402 0.033053364798641204 -0.021363437851318792 -0.0055487812053478447 0.00093567884460493429 -0.012690236180938584 0.0082459668633707087 -0.01103990614550667 0.026932538229750357 0.014645045222042574 -0.034209009837724853 0.0051430469852597168 0.025949180643940816 -0.049745105101079934
leaf_weight=9.7489558905363101 11.890317901968954 7.8077379763126364 28.172862395644188 81.622554153203964 175.27032598853111 112.13342399895191 176.47696428000927 7.2643586695194227 9.9646454900503141 10.60659319162369 13.407836109399794 8.602229028940199 7.6502754539251328 7.0720398277044287
leaf_count=37 50 30 120 334 705 465 704 30 39 42 59 35 30 32
internal_value=3.48833e-07 -0.000550648 -0.000970045 0.000553113 -0.000464661 -0.0043688 0.00386534 0.0231121 -0.0121662 -0.000728302 -0.0124882 -0.020895 0.00770393 -0.0273722
internal_weight=667.691 655.801 647.993 570.167 545.503 287.404 258.1 24.6636 77.8262 33.9791 24.0144 43.8471 14.9146 35.2449
internal_count=2712 2662 2632 2305 2208 1170 1038 97 327 140 101 187 60 152
is_linear=0
shrinkage=0.03


Tree=23
num_leaves=18
num_cat=0
split_feature=20 12 27 16 21 21 25 3 22 0 21 21 21 16 24 24 27
split_gain=12.0569 9.81118 11.515 11.0371 10.9381 34.6326 11.6281 10.2971 8.8195 8.4198 7.15049 8.89211 9.18614 3.31813 3.23674 5.95663 2.198
threshold=0.014261598644629007 0.00061309478160535011 0.4237101097823352 0.0010658413669218001 0.085015949637986796 0.28716655007698605 0.00018668293317212453 0.0021767541884875003 0.0082069547372393952 31.259631549071916 0.2181245276845519 0.46944896796411312 0.93648684348810762 0.0013673367153685502 0.83768692837348835 0.97690957750988716 0.18875883426367004
decision_type=2 2 2 2 2 2 2 2 2 2 2 2 2 2 2 2 2
left_child=1 2 4 10 7 9 -7 8 -1 -6 14 -12 -13 -5 -3 -16 -2
right_child=16 3 -4 13 5 6 -8 -9 -10 -11 11 12 -14 -15 15 -17 -18
leaf_value=0.019799882654535351 0.039167742599563592 -0.040537695754611608 0.036545311518501815 0.02457850466495844 -0.0049128554980461215 -0.025285944142427581 0.005028354989923719 -0.03030826859149206 0.002734226354235556 -0.031465654635089567 0.016978776455131538 -0.035731109705799111 0.0067359952711771049 -0.0023742461143125117 -0.0091634186443601256 -0.040979517170948498 0.013920945404791886
leaf_weight=29.794057235121727 7.1393428146839124 9.4141403734683973 7.8376691639423361 8.3919963389635068 14.912467941641806 12.253214463591574 135.62214216589928 7.7818350642919532 321.43630708754063 43.425552144646645 10.491460397839548 10.396888241171839 7.7674469947814933 7.3468218445777884 18.131744995713238 7.7516000717878333 7.1660788655281067
leaf_count=118 30 42 30 33 61 52 544 33 1294 185 42 45 32 30 76 35 30
internal_value=1.15167e-06 -0.0005921 0.000773082 -0.0104485 0.000259525 -0.00523615 0.00246298 0.00342959 0.00420251 -0.0247851 -0.0160113 -0.00464633 -0.0174191 0.0118102 -0.0250521 -0.0190458 0.0271077
internal_weight=667.061 652.755 573.063 79.6921 565.226 206.213 147.875 359.012 351.23 58.338 63.9533 28.6558 18.1643 15.7388 35.2975 25.8833 14.3054
internal_count=2712 2652 2317 335 2287 842 596 1445 1412 246 272 119 77 63 153 111 60
is_linear=0
shrinkage=0.03


end of trees

feature_importances:
Column_17=75
Column_21=43
Column_25=34
Column_23=26
Column_8=24
Column_24=24
Column_3=23
Column_12=23
Column_1=22
Column_18=22
Column_28=21
Column_15=20
Column_20=19
Column_7=18
Column_22=18
Column_30=17
Column_16=15
Column_6=11
Column_19=10
Column_27=10
Column_4=9
Column_26=9
Column_29=9
Column_0=8
Column_2=8
Column_11=7
Column_10=4
Column_31=4

parameters:
[boosting: gbdt]
[objective: binary]
[metric: binary_logloss]
[tree_learner: serial]
[device_type: cpu]
[data_sample_strategy: bagging]
[data: ]
[valid: ]
[num_iterations: 500]
[learning_rate: 0.03]
[num_leaves: 31]
[num_threads: 2]
[seed: 42]
[deterministic: 0]
[force_col_wise: 0]
[force_row_wise: 0]
[histogram_pool_size: -1]
[max_depth: 6]
[min_data_in_leaf: 30]
[min_sum_hessian_in_leaf: 0.001]
[bagging_fraction: 0.8]
[pos_bagging_fraction: 1]
[neg_bagging_fraction: 1]
[bagging_freq: 0]
[bagging_seed: 400]
[bagging_by_query: 0]
[feature_fraction: 0.8]
[feature_fraction_bynode: 1]
[feature_fraction_seed: 30056]
[extra_trees: 0]
[extra_seed: 12879]
[early_stopping_round: 0]
[early_stopping_min_delta: 0]
[first_metric_only: 0]
[max_delta_step: 0]
[lambda_l1: 0.15]
[lambda_l2: 0.15]
[linear_lambda: 0]
[min_gain_to_split: 0]
[drop_rate: 0.1]
[max_drop: 50]
[skip_drop: 0.5]
[xgboost_dart_mode: 0]
[uniform_drop: 0]
[drop_seed: 17869]
[top_rate: 0.2]
[other_rate: 0.1]
[min_data_per_group: 100]
[max_cat_threshold: 32]
[cat_l2: 10]
[cat_smooth: 10]
[max_cat_to_onehot: 4]
[top_k: 20]
[monotone_constraints: ]
[monotone_constraints_method: basic]
[monotone_penalty: 0]
[feature_contri: ]
[forcedsplits_filename: ]
[refit_decay_rate: 0.9]
[cegb_tradeoff: 1]
[cegb_penalty_split: 0]
[cegb_penalty_feature_lazy: ]
[cegb_penalty_feature_coupled: ]
[path_smooth: 0]
[interaction_constraints: ]
[verbosity: -1]
[saved_feature_importance_type: 0]
[use_quantized_grad: 0]
[num_grad_quant_bins: 4]
[quant_train_renew_leaf: 0]
[stochastic_rounding: 1]
[linear_tree: 0]
[max_bin: 255]
[max_bin_by_feature: ]
[min_data_in_bin: 3]
[bin_construct_sample_cnt: 200000]
[data_random_seed: 175]
[is_enable_sparse: 1]
[enable_bundle: 1]
[use_missing: 1]
[zero_as_missing: 0]
[feature_pre_filter: 1]
[pre_partition: 0]
[two_round: 0]
[header: 0]
[label_column: ]
[weight_column: ]
[group_column: ]
[ignore_column: ]
[categorical_feature: ]
[forcedbins_filename: ]
[precise_float_parser: 0]
[parser_config_file: ]
[objective_seed: 16083]
[num_class: 1]
[is_unbalance: 0]
[scale_pos_weight: 1]
[sigmoid: 1]
[boost_from_average: 1]
[reg_sqrt: 0]
[alpha: 0.9]
[fair_c: 1]
[poisson_max_delta_step: 0.7]
[tweedie_variance_power: 1.5]
[lambdarank_truncation_level: 30]
[lambdarank_norm: 1]
[label_gain: ]
[lambdarank_position_bias_regularization: 0]
[eval_at: ]
[multi_error_top_k: 1]
[auc_mu_weights: ]
[num_machines: 1]
[local_listen_port: 12400]
[time_out: 120]
[machine_list_filename: ]
[machines: ]
[gpu_platform_id: -1]
[gpu_device_id: -1]
[gpu_use_dp: 0]
[num_gpu: 1]

end of parameters

pandas_categorical:null
