tree
version=v4
num_class=1
num_tree_per_iteration=1
label_index=0
max_feature_idx=47
objective=binary sigmoid:1
feature_names=Column_0 Column_1 Column_2 Column_3 Column_4 Column_5 Column_6 Column_7 Column_8 Column_9 Column_10 Column_11 Column_12 Column_13 Column_14 Column_15 Column_16 Column_17 Column_18 Column_19 Column_20 Column_21 Column_22 Column_23 Column_24 Column_25 Column_26 Column_27 Column_28 Column_29 Column_30 Column_31 Column_32 Column_33 Column_34 Column_35 Column_36 Column_37 Column_38 Column_39 Column_40 Column_41 Column_42 Column_43 Column_44 Column_45 Column_46 Column_47
feature_infos=[0.0033074596835291998:0.050217425356291402] [0:1] [0:1] [-0.017109365782182698:0.011181217375171601] [-0.020804370437891:0.017547000805659001] [0.0014734199085264371:0.0039289174714371555] [-1:1] [-0.021778453078643099:0.013703217165078999] [-0.021344331090364599:0.013871475444817099] [-0.023104936931716599:0.0202017575789037] [-0.025251428984871899:0.025186152841273499] [0:1] [0:1] [-1:1] [-12.650607187932692:6.8459588589745328] [0.0026437870510356998:0.0075701485594589996] [-0.023577562497567699:0.019099663533291199] [-3:3] [-0.94306562346745881:10] [0.0166666666666388:0.4833333333325277] [0.20000000000000001:1] none none [0:13.009221535703523] [-3.1504818028950492:2.9856994774339083] [-3.133667941246737:2.7248521287146512] [-19.071287185775049:22.119265789592987] none [-0.20494772576950646:4.4712298472507443] [-0.21778824201777378:4.5179239250216581] [-4.8548641901941236:5.1008276849357532] [0.00080091310092905753:0.0043596164686943205] [0:1] [0.048472186080937542:0.058024689810165696] [0.10000000000000001:0.90000000000000002] [-0.20591879407025404:0.19760170519427994] [-0.40688834171333421:0.40053893737131074] [-0.64110682061528013:0.38790293738222298] [-0.52075024433078221:0.44710875574228315] [-0.13965578930864844:0.19176696626307629] [-0.1325800982871693:0.10258580867789914] [-0.72231935938849812:0.44475160977233535] [-0.29398846624660341:0.11213536133473354] [-0.1354289396079269:0.24715058195239367] [-0.46349024730548766:0.44020709450861856] [-0.084536936897770379:0.23331269492878789] [-0.38812548223350146:0.51531920423451349] [-0.55647076119523642:0.8194870406970769]
tree_sizes=1413 1535 1416 1641 1543 1656 1324

Tree=0
num_leaves=12
num_cat=0
split_feature=37 31 0 46 20 46 46 25 0 8 18
split_gain=51.6764 31.5441 32.8203 29.9306 21.1839 27.9578 27.0847 7.71108 9.61454 3.58493 2.4111
threshold=0.3157547040455595 0.0024917439563821153 0.017396531179626255 0.4611647216041721 0.75000000000000011 0.22999329497851259 0.44514452998244475 -1.1354672355685749 0.023410017354604604 -0.0013806258564109497 3.1008745563594018
decision_type=2 2 2 2 2 2 2 2 2 2 2
left_child=1 3 -3 4 6 -6 -1 8 -4 -9 -2
right_child=10 2 7 -5 5 -7 -8 9 -10 -11 -12
leaf_value=-0.0010399068364697138 -0.056297508236663581 0.014581992068298168 -0.041902367748140074 -0.043864705144189192 -0.0032044862893720041 0.019192694928608266 0.038666259514759944 -0.031185599843762148 0.001640998952534908 -0.05892457425762334 -0.032712965259244865
leaf_weight=473.93511307239532 11.662685811519625 16.53231081366539 8.9496871531009692 11.930307805538176 76.217497885227203 144.6129202246666 15.831172376871107 8.7133659422397631 8.7524919211864454 12.402950227260588 9.2094839513301832
leaf_count=1896 47 66 36 48 305 577 63 35 35 50 37
internal_value=-1.86556e-08 0.00125405 -0.0205315 0.00293312 0.00373424 0.0114452 0.000245813 -0.0355999 -0.0202882 -0.0479908 -0.046413
internal_weight=798.75 777.878 55.3508 722.527 710.597 220.83 489.766 38.8185 17.7022 21.1163 20.8722
internal_count=3195 3111 222 2889 2841 882 1959 156 71 85 84
is_linear=0
shrinkage=1


Tree=1
num_leaves=13
num_cat=0
split_feature=47 17 0 9 47 39 0 5 25 25 4 9
split_gain=55.8955 30.7458 22.8443 20.5491 24.4373 19.1922 13.8012 12.4898 13.0641 10.0433 2.27545 1.51632
threshold=-0.46001307175521516 -0.19497022034574549 0.022064972026885003 -0.0052743243259959494 0.7265716044811148 -0.089561336024041427 0.0044354455445411506 0.0022295380437492534 -1.2950535819435298 -0.022876907525473316 -0.0062260529715416988 0.0015188196282254502
decision_type=2 2 2 2 2 2 2 2 2 2 2 2
left_child=11 3 6 7 5 -5 -3 10 -9 -8 -2 -1
right_child=1 2 -4 4 -6 -7 9 8 -10 -11 -12 -13
leaf_value=-0.053629118807336076 -0.027684274158363151 0.042051496943030557 -0.029816847823785502 -0.030633370548547686 -0.050590213376735416 0.0012286463529455594 0.0018042759413392142 -0.039488573643756832 0.0024937542729442379 0.011618438481173145 -0.05084602369661665 -0.034068113815551665
leaf_weight=13.645482346415521 8.7165126502513903 10.559213340282438 14.438447162508963 17.925815239548683 8.9336513578891736 288.03073146939278 166.03597502410412 9.4485697150230425 21.254909873008728 219.57925353944302 11.173827171325682 8.9529097229242307
leaf_count=55 35 42 58 72 36 1152 664 38 85 877 45 36
internal_value=0 0.00135656 0.00699336 -0.00496421 -0.00209241 -0.000637526 0.00835703 -0.0226902 -0.010409 0.00740672 -0.0412036 -0.0463531
internal_weight=798.695 776.097 410.613 365.484 314.89 305.957 396.174 50.5938 30.7035 385.615 19.8903 22.5984
internal_count=3195 3104 1641 1463 1260 1224 1583 203 123 1541 80 91
is_linear=0
shrinkage=0.03


Tree=2
num_leaves=12
num_cat=0
split_feature=47 31 0 46 20 47 47 25 0 8 9
split_gain=52.7148 29.5279 30.5757 26.7253 18.9606 28.198 27.1227 7.36443 9.00642 3.40311 1.42097
threshold=-0.46001307175521516 0.0024917439563821153 0.017396531179626255 0.4611647216041721 0.75000000000000011 0.69337020517401393 0.10137512189645459 -1.1354672355685749 0.023410017354604604 -0.0013806258564109497 0.0015188196282254502
decision_type=2 2 2 2 2 2 2 2 2 2 2
left_child=10 3 -3 4 5 -2 -6 8 -4 -9 -1
right_child=1 2 7 -5 6 -7 -8 9 -10 -11 -12
leaf_value=-0.052123923445737338 -0.00079144788705953545 0.014117394400564986 -0.040290608344372973 -0.041319169414414221 -0.0012903667060067776 0.044036466749792481 0.019954578219106178 -0.030046369833617931 0.0018501426640280621 -0.057093648046133261 -0.033095839227417448
leaf_weight=13.622969165444376 475.17988729476929 16.530789583921432 8.9420607537031191 11.906286150217054 92.982466474175453 12.821669995784758 127.82523560523987 8.7094659209251422 8.7517238706350309 12.389772355556486 8.9439775943756086
leaf_count=55 1901 66 36 48 372 51 510 35 35 50 36
internal_value=0 0.00131461 -0.0197661 0.00294284 0.00370126 0.000390304 0.0109931 -0.0343191 -0.0193544 -0.0464316 -0.0450489
internal_weight=798.606 776.039 55.3238 720.716 708.809 488.002 220.808 38.793 17.6938 21.0992 22.5669
internal_count=3195 3104 222 2882 2834 1952 882 156 71 85 91
is_linear=0
shrinkage=0.03


Tree=3
num_leaves=14
num_cat=0
split_feature=47 17 18 31 31 36 0 34 36 18 10 25 9
split_gain=49.7663 28.5319 25.289 33.0361 27.7519 27.4422 21.0803 17.1704 18.1741 18.0596 14.9582 3.84816 1.33979
threshold=-0.46001307175521516 -0.19497022034574549 6.1601884480265658 0.0023335366426221757 0.0020026982803384229 0.063628681482252758 0.022064972026885003 0.78343497519505567 -0.29785966663564095 -0.21086832664168884 0.00016875165804330002 -1.2950535819435298 0.0015188196282254502
decision_type=2 2 2 2 2 2 2 2 2 2 2 2 2
left_child=12 2 3 4 -2 10 7 9 -9 -3 -4 -5 -1
right_child=1 6 5 11 -6 -7 -8 8 -10 -11 -12 -13 -14
leaf_value=-0.05072865008598413 -0.010705531478653284 -0.0020467599032191904 0.025311740718099884 -0.026250104342020599 0.018290599288475644 -0.030927018370969256 -0.028675212736113048 0.0091582399550748494 -0.022422339239785462 0.014600693521623255 0.00085239577206170747 -0.053596774043738415 -0.032168233673763744
leaf_weight=13.582437604665758 202.37985476851463 75.478863403201103 47.385977178812027 8.7051584571599978 34.57846811413765 14.185185045003889 14.420822873711584 33.787393763661385 31.405162930488586 255.45165133476257 43.497469827532768 14.623749911785124 8.930353105068205
leaf_count=55 811 302 189 35 138 57 58 135 126 1020 174 59 36
internal_value=0 0.00127431 -0.00481574 -0.00983638 -0.00644636 0.00757545 0.00670478 0.00801451 -0.00600273 0.0107909 0.0136754 -0.043817 -0.0438263
internal_weight=798.413 775.9 365.356 260.287 236.958 105.069 410.544 396.123 65.1926 330.931 90.8834 23.3289 22.5128
internal_count=3195 3104 1463 1043 949 420 1641 1583 261 1322 363 94 91
is_linear=0
shrinkage=0.03


Tree=4
num_leaves=13
num_cat=0
split_feature=47 17 0 9 46 37 34 36 0 20 47 9
split_gain=47.0264 26.8507 19.8578 19.1543 21.7798 17.3767 16.1576 17.1075 13.5361 9.51883 6.5844 1.27041
threshold=-0.46001307175521516 -0.19497022034574549 0.022064972026885003 -0.0052743243259959494 0.4611647216041721 -0.48184896410454237 0.78343497519505567 -0.29785966663564095 0.0044354455445411506 0.75000000000000011 0.59432455946021479 0.0015188196282254502
decision_type=2 2 2 2 2 2 2 2 2 2 2 2
left_child=11 3 6 9 5 -5 8 -8 -3 10 -2 -1
right_child=1 2 -4 4 -6 -7 7 -9 -10 -11 -12 -13
leaf_value=-0.049431195807127799 -0.03542824382350953 0.047006095710169372 -0.027848812793296852 0.020025750310481719 -0.047797409897650737 -0.0030256316994628353 0.0088855254181073786 -0.021753839840890552 0.009434725406544487 0.0021661581595009255 -0.0054756984525259553 -0.031281658257838692
leaf_weight=13.525545924901964 30.322759881615639 8.800420328974722 14.407926291227339 32.824338614940643 8.8901765644550306 273.02424685657024 33.784311950206757 31.403752565383911 322.0844425112009 11.237734749913214 8.9873557984828931 8.9124665409326536
leaf_count=55 122 35 58 131 36 1093 135 126 1287 45 36 36
internal_value=-1.41513e-06 0.00123513 0.00650367 -0.00467317 -0.00189999 -0.000528397 0.00777473 -0.00582189 0.0104684 -0.021795 -0.0287412 -0.042677
internal_weight=798.205 775.767 410.481 365.287 314.739 305.849 396.073 65.1881 330.885 50.5479 39.3101 22.438
internal_count=3195 3104 1641 1463 1260 1224 1583 261 1322 203 158 91
is_linear=0
shrinkage=0.03


Tree=5
num_leaves=14
num_cat=0
split_feature=47 17 18 36 18 9 0 34 18 36 10 17 9
split_gain=44.4763 25.277 23.8651 25.6618 20.9981 22.8687 18.7122 15.2079 17.0435 16.1072 14.1656 13.8978 1.21091
threshold=-0.46001307175521516 -0.19497022034574549 6.1601884480265658 0.063628681482252758 4.4166796896192526 -0.0048806854887588989 0.022064972026885003 0.78343497519505567 -0.21086832664168884 -0.29785966663564095 0.00016875165804330002 -1.2036133269772169 0.0015188196282254502
decision_type=2 2 2 2 2 2 2 2 2 2 2 2 2
left_child=12 2 4 10 5 -2 7 8 -3 -9 -4 -6 -1
right_child=1 6 3 -5 11 -7 -8 9 -10 -11 -12 -13 -14
leaf_value=-0.048221131819357367 -0.026986976231639447 -0.0023131110158226141 0.024725102233839533 -0.029747541571766366 -0.015648200331676784 -0.0013628935057007064 -0.027056192847035563 0.0086212574208320326 0.013860112282078434 -0.021110365927774832 0.00091778136423067362 -0.053107669778896985 -0.03043286774757378
leaf_weight=13.453834027051927 37.793094277381897 75.472259044647217 47.379007622599602 14.170814886689184 24.939376011490822 183.05520974099636 14.389771521091459 33.779969558119774 255.35175260901451 31.394842609763145 43.497735157608986 14.36671422421932 8.8907173424959165
leaf_count=55 152 302 189 57 100 733 58 135 1020 126 174 58 36
internal_value=-2.5854e-06 0.00119765 -0.00453536 0.00750217 -0.00941479 -0.00578357 0.00631016 0.00754377 0.0101575 -0.00564723 0.0133996 -0.0296039 -0.0415935
internal_weight=797.935 775.591 365.202 105.048 260.154 220.848 410.389 395.999 330.824 65.1748 90.8767 39.3061 22.3446
internal_count=3195 3104 1463 420 1043 885 1641 1583 1322 261 363 158 91
is_linear=0
shrinkage=0.03


Tree=6
num_leaves=11
num_cat=0
split_feature=47 31 0 46 9 10 5 29 18 9
split_gain=42.0958 25.1069 27.9655 23.2371 16.1576 26.273 19.9905 6.89796 5.92376 1.15972
threshold=-0.46001307175521516 0.0024917439563821153 0.017396531179626255 0.4611647216041721 -0.0048806854887588989 0.0017343708272038003 0.0023196902006091644 0.86933146170302844 6.8353613509216569 0.0015188196282254502
decision_type=2 2 2 2 2 2 2 2 2 2
left_child=9 3 -3 4 6 -6 -2 -4 -9 -1
right_child=1 2 7 -5 5 -7 -8 8 -10 -11
leaf_value=-0.047089436329374942 -0.021201723470708846 0.014076441822815082 -0.046740057029757469 -0.0387467841305957 0.0099978438807162354 -0.0024203406986206956 0.011146055327615206 -0.034547607332924272 -0.0024739269033473019 -0.029618959793060298
leaf_weight=13.368727937340738 48.543590009212494 16.521458566188812 17.041193962097168 11.827954977750776 375.28329558670521 258.28675311803818 26.261100679636002 11.854301556944849 9.7294192463159543 8.8654774725437147
leaf_count=55 195 66 69 48 1500 1034 105 48 39 36
internal_value=-4.66191e-06 0.00116041 -0.0183105 0.00266106 0.00336687 0.00492886 -0.00978602 -0.0322806 -0.0204135 -0.0405696
internal_weight=797.583 775.349 55.1464 720.203 708.375 633.57 74.8047 38.6249 21.5837 22.2342
internal_count=3195 3104 222 2882 2834 2534 300 156 87 91
is_linear=0
shrinkage=0.03


end of trees

feature_importances:
Column_0=11
Column_9=10
Column_47=10
Column_18=7
Column_46=6
Column_17=5
Column_25=5
Column_31=5
Column_36=5
Column_10=3
Column_20=3
Column_34=3
Column_5=2
Column_8=2
Column_37=2
Column_4=1
Column_29=1
Column_39=1

parameters:
[boosting: gbdt]
[objective: binary]
[metric: binary_logloss]
[tree_learner: serial]
[device_type: cpu]
[data_sample_strategy: bagging]
[data: ]
[valid: ]
[num_iterations: 500]
[learning_rate: 0.03]
[num_leaves: 31]
[num_threads: 1]
[seed: 2024]
[deterministic: 0]
[force_col_wise: 0]
[force_row_wise: 0]
[histogram_pool_size: -1]
[max_depth: 5]
[min_data_in_leaf: 35]
[min_sum_hessian_in_leaf: 0.001]
[bagging_fraction: 0.8]
[pos_bagging_fraction: 1]
[neg_bagging_fraction: 1]
[bagging_freq: 0]
[bagging_seed: 4542]
[bagging_by_query: 0]
[feature_fraction: 0.8]
[feature_fraction_bynode: 1]
[feature_fraction_seed: 13336]
[extra_trees: 0]
[extra_seed: 29642]
[early_stopping_round: 0]
[early_stopping_min_delta: 0]
[first_metric_only: 0]
[max_delta_step: 0]
[lambda_l1: 0.15]
[lambda_l2: 0.15]
[linear_lambda: 0]
[min_gain_to_split: 0]
[drop_rate: 0.1]
[max_drop: 50]
[skip_drop: 0.5]
[xgboost_dart_mode: 0]
[uniform_drop: 0]
[drop_seed: 2449]
[top_rate: 0.2]
[other_rate: 0.1]
[min_data_per_group: 100]
[max_cat_threshold: 32]
[cat_l2: 10]
[cat_smooth: 10]
[max_cat_to_onehot: 4]
[top_k: 20]
[monotone_constraints: ]
[monotone_constraints_method: basic]
[monotone_penalty: 0]
[feature_contri: ]
[forcedsplits_filename: ]
[refit_decay_rate: 0.9]
[cegb_tradeoff: 1]
[cegb_penalty_split: 0]
[cegb_penalty_feature_lazy: ]
[cegb_penalty_feature_coupled: ]
[path_smooth: 0]
[interaction_constraints: ]
[verbosity: -1]
[saved_feature_importance_type: 0]
[use_quantized_grad: 0]
[num_grad_quant_bins: 4]
[quant_train_renew_leaf: 0]
[stochastic_rounding: 1]
[linear_tree: 0]
[max_bin: 255]
[max_bin_by_feature: ]
[min_data_in_bin: 3]
[bin_construct_sample_cnt: 200000]
[data_random_seed: 6648]
[is_enable_sparse: 1]
[enable_bundle: 1]
[use_missing: 1]
[zero_as_missing: 0]
[feature_pre_filter: 1]
[pre_partition: 0]
[two_round: 0]
[header: 0]
[label_column: ]
[weight_column: ]
[group_column: ]
[ignore_column: ]
[categorical_feature: ]
[forcedbins_filename: ]
[precise_float_parser: 0]
[parser_config_file: ]
[objective_seed: 12337]
[num_class: 1]
[is_unbalance: 0]
[scale_pos_weight: 1]
[sigmoid: 1]
[boost_from_average: 1]
[reg_sqrt: 0]
[alpha: 0.9]
[fair_c: 1]
[poisson_max_delta_step: 0.7]
[tweedie_variance_power: 1.5]
[lambdarank_truncation_level: 30]
[lambdarank_norm: 1]
[label_gain: ]
[lambdarank_position_bias_regularization: 0]
[eval_at: ]
[multi_error_top_k: 1]
[auc_mu_weights: ]
[num_machines: 1]
[local_listen_port: 12400]
[time_out: 120]
[machine_list_filename: ]
[machines: ]
[gpu_platform_id: -1]
[gpu_device_id: -1]
[gpu_use_dp: 0]
[num_gpu: 1]

end of parameters

pandas_categorical:null
