tree
version=v4
num_class=1
num_tree_per_iteration=1
label_index=0
max_feature_idx=47
objective=binary sigmoid:1
feature_names=Column_0 Column_1 Column_2 Column_3 Column_4 Column_5 Column_6 Column_7 Column_8 Column_9 Column_10 Column_11 Column_12 Column_13 Column_14 Column_15 Column_16 Column_17 Column_18 Column_19 Column_20 Column_21 Column_22 Column_23 Column_24 Column_25 Column_26 Column_27 Column_28 Column_29 Column_30 Column_31 Column_32 Column_33 Column_34 Column_35 Column_36 Column_37 Column_38 Column_39 Column_40 Column_41 Column_42 Column_43 Column_44 Column_45 Column_46 Column_47
feature_infos=[0.91407678221598598:95.495495465384494] [-4.1345345054932068:2.842501043030381] [-0.49848942476794911:1.403228438104742] [0.0033074596835291998:0.050217425356291402] [0:1] [0:1] [-0.017109365782182698:0.011181217375171601] [-0.0301580309620849:0.020688194265272301] [0.0014734199085264371:0.0039289174714371555] [-1:1] [-0.021778453078643099:0.013703217165078999] [-0.021344331090364599:0.013871475444817099] [-0.025251428984871899:0.025186152841273499] [0:1] [0:1] [-12.650607187932692:6.8459588589745328] [-0.023577562497567699:0.019099663533291199] [0.0166666666666388:0.4833333333325277] [0.20000000000000001:1] none [-4.8548641901941263:5.1008276849357541] [0:13.009221535703523] [-3.1504818028950492:2.9856994774339083] [-3.133667941246737:2.7248521287146512] [-2.4185761205928449:2.4650276313057593] [-19.071287185775049:22.119265789592987] none [-0.80914403169902105:0.85013794748929239] [-1.0501606009650164:0.99523315914463606] [-1.0445559804155791:0.90828404290488374] [-0.21778824201777378:4.5179239250216581] [-4.8548641901941236:5.1008276849357532] [-0.001660967883421153:0.00083567375755941125] [0:1] [0.048472186080937542:0.058024689810165696] [0.10000000000000001:0.90000000000000002] [-0.20591879407025404:0.19760170519427994] [-0.40688834171333421:0.40053893737131074] [-0.64110682061528013:0.38790293738222298] [-0.52075024433078221:0.44710875574228315] [-0.72231935938849812:0.44475160977233535] [-0.29398846624660341:0.11213536133473354] [-0.1354289396079269:0.24715058195239367] [-0.46349024730548766:0.44020709450861856] [-0.084536936897770379:0.23331269492878789] [-0.38812548223350146:0.51531920423451349] [-0.3627128424507815:0.32303021500391899] [-0.39993268928454484:0.69690649195073906]
tree_sizes=1419 1411 984 1417 1424 1432 1532

Tree=0
num_leaves=12
num_cat=0
split_feature=38 3 45 33 24 11 38 23 30 11 12
split_gain=51.6764 28.7083 29.9282 21.0336 16.914 14.527 13.5819 12.3119 9.44027 5.12567 1.52616
threshold=0.3157547040455595 0.021526979920469851 0.4611647216041721 0.7878064542347859 1.076034614014391 -0.0020146413238382494 -0.10766721289853418 -0.84235889993311441 1.2632171711068045 -0.00038702115621814994 0.0051188531010033511
decision_type=2 2 2 2 2 2 2 2 2 2 2
left_child=1 2 4 6 5 -1 7 -3 -5 -6 -2
right_child=10 3 -4 8 9 -7 -8 -9 -10 -11 -12
leaf_value=-0.0025481711045880228 -0.055863149978825903 -0.0020829218495017031 -0.043864705144189192 0.025308800580434918 0.0069598239498478865 0.0079457420853186571 -0.058856800833073632 -0.04317367540831709 -0.014290014621772939 -0.01352197324865571 -0.035905861695594767
leaf_weight=157.44703963398933 10.422390788793566 15.745095223188398 11.930307805538176 10.535856127738954 13.0125335752964 474.74267357587814 11.658773213624952 11.434189796447756 10.729138761758803 60.642209708690643 10.449778974056242
leaf_count=630 42 63 48 42 52 1897 47 46 43 243 42
internal_value=-1.86556e-08 0.00125405 0.00292854 -0.0186262 0.00373497 0.00532513 -0.0317345 -0.0196763 0.00515915 -0.00983571 -0.046413
internal_weight=798.75 777.878 717.775 60.1031 705.844 632.19 38.8381 27.1793 21.265 73.6547 20.8722
internal_count=3195 3111 2870 241 2822 2527 156 109 85 295 84
is_linear=0
shrinkage=1


Tree=1
num_leaves=12
num_cat=0
split_feature=38 3 45 40 18 46 43 29 35 42 12
split_gain=48.7002 27.0466 28.1917 20.7475 16.0907 26.2737 25.7155 13.5751 11.5439 3.09165 1.42915
threshold=0.3157547040455595 0.021526979920469851 0.4611647216041721 -0.14965199445284053 0.75000000000000011 -0.33858249782823657 0.33842625342222327 -0.2768586002058987 0.66460829325943427 0.0082529293817252963 0.0051188531010033511
decision_type=2 2 2 2 2 2 2 2 2 2 2
left_child=1 2 4 7 5 -1 -6 8 -3 -5 -2
right_child=10 3 -4 9 6 -7 -8 -9 -10 -11 -12
leaf_value=0.034733523291877413 -0.05425314882207722 0.026066220254021187 -0.042585519019183136 -0.026936838325391621 -0.0029079623249634681 -0.00081033889766097536 0.018399021125502926 -0.026482035103158937 -0.016530174535046026 -0.052841457565754084 -0.034855095969270854
leaf_weight=19.338908165693283 10.414263591170313 14.299145221710207 11.924570828676222 8.7125458866357821 80.968607857823372 469.6992846429348 135.82698765397072 15.93679119646549 9.2286682575941068 11.908233180642126 10.44641190767288
leaf_count=77 42 57 48 35 324 1879 542 64 37 48 42
internal_value=0 0.00121482 0.0028401 -0.0180842 0.0036228 0.000596256 0.0104241 -0.0051599 0.00916907 -0.0423866 -0.0450715
internal_weight=798.704 777.844 717.758 60.0854 705.834 489.038 216.796 39.4646 23.5278 20.6208 20.8607
internal_count=3195 3111 2870 241 2822 1956 866 158 94 83 84
is_linear=0
shrinkage=0.03


Tree=2
num_leaves=8
num_cat=0
split_feature=38 45 34 46 24 17 12
split_gain=45.9439 24.6663 19.776 13.995 13.2264 8.28825 1.34726
threshold=0.3157547040455595 0.4611647216041721 0.049877731954817914 -0.33858249782823657 0.98546805859355968 0.091666666666513866 0.0051188531010033511
decision_type=2 2 2 2 2 2 2
left_child=1 2 3 5 -5 -1 -2
right_child=6 -3 -4 4 -6 -7 -8
leaf_value=0.011384011424526415 -0.052767168955006875 -0.041381238863162639 -0.032149198266607691 0.00317482489399161 -0.0094633780664213039 0.045538084056223352 -0.033855672336133666
leaf_weight=20.777541249990467 10.390859961509706 11.908044666051863 14.923404857516287 636.46225821971893 84.139432027935982 9.5569325387477857 10.436708956956862
leaf_count=83 42 48 60 2545 337 38 42
internal_value=0 0.00117708 0.00185265 0.00254065 0.00169125 0.0224631 -0.043815
internal_weight=798.595 777.768 765.86 750.936 720.602 30.3345 20.8276
internal_count=3195 3111 3063 3003 2882 121 84
is_linear=0
shrinkage=0.03


Tree=3
num_leaves=12
num_cat=0
split_feature=45 3 45 33 12 6 39 37 20 21 37
split_gain=43.0509 25.4236 25.185 19.765 15.2346 22.5258 21.5738 10.9244 13.6045 8.50005 1.97836
threshold=-0.3532357859589576 0.021526979920469851 0.4611647216041721 0.7878064542347859 0.0017343708272038003 -0.0016911792225676999 -0.35450005319593597 -0.1883166897563632 -1.8056930306352987 4.0805266511343303 0.38969041714269653
decision_type=2 2 2 2 2 2 2 2 2 2 2
left_child=10 2 4 7 5 -2 -6 8 -3 -5 -1
right_child=1 3 -4 9 6 -7 -8 -9 -10 -11 -12
leaf_value=-0.029726568517634524 -0.0031403763603238526 -0.0027029334019605675 -0.040244434892272966 0.022959134200869702 0.022595832487629881 0.011414353321772271 -0.0052843288897852165 -0.055829950311088797 -0.045786823262416766 -0.014737517298433901 -0.050197855058286028
leaf_weight=10.928370222449304 138.43328094482422 16.987924978137016 11.881702065467833 11.532342016696932 27.819135025143623 306.43842893838882 231.32143375277519 10.883092090487478 10.913827687501909 9.7242331653833372 11.614950537681578
leaf_count=44 554 68 48 46 111 1224 926 44 44 39 47
internal_value=0 0.00118573 0.00276507 -0.0175304 0.00350575 0.00687563 -0.00226266 -0.0302525 -0.0198704 0.00552142 -0.0407343
internal_weight=798.479 775.935 715.894 60.0414 704.012 444.872 259.141 38.7848 27.9018 21.2566 22.5433
internal_count=3195 3104 2863 241 2815 1778 1037 156 112 85 91
is_linear=0
shrinkage=0.03


Tree=4
num_leaves=12
num_cat=0
split_feature=38 3 45 40 33 18 29 46 25 33 12
split_gain=41.565 23.8768 23.7274 18.7269 18.251 15.2145 24.8208 23.9154 13.7749 3.74891 1.33478
threshold=0.3157547040455595 0.021526979920469851 0.4611647216041721 -0.14965199445284053 0.8778523926659213 0.75000000000000011 -0.033611580635936056 -0.33858249782823657 -0.74632028741321521 0.75131462127537729 0.0051188531010033511
decision_type=2 2 2 2 2 2 2 2 2 2 2
left_child=1 2 5 4 8 7 -7 -1 -3 -5 -2
right_child=10 3 -4 9 -6 6 -8 -9 -10 -11 -12
leaf_value=0.033002055458320669 -0.050645549734350571 -0.0013708638953011621 -0.039168617453700018 -0.0518379752135383 0.032183188014313899 -0.0016452412710723735 0.018804180559657512 -0.00092731213837000633 -0.044234162618471538 -0.024005115690641225 -0.03196624722846942
leaf_weight=19.318199664354324 10.324228495359423 20.23675774037838 11.846446394920347 11.585030093789102 9.0342246443033201 93.466548338532448 123.29131099581718 469.67035196721554 10.157543420791628 8.958065912127493 10.398267224431036
leaf_count=77 42 81 48 47 36 374 492 1879 41 36 42
internal_value=-1.64094e-06 0.00111397 0.0026404 -0.0170367 -0.00475802 0.00335674 0.00997055 0.000413626 -0.0159897 -0.0401806 -0.0417852
internal_weight=798.287 777.564 717.593 59.9716 39.4285 705.746 216.758 488.989 30.3943 20.5431 20.7225
internal_count=3195 3111 2870 241 158 2822 866 1956 122 83 84
is_linear=0
shrinkage=0.03


Tree=5
num_leaves=12
num_cat=0
split_feature=45 3 47 21 45 24 6 12 33 11 6
split_gain=38.9169 23.0427 20.3581 19.6546 19.5446 15.5838 14.6605 9.84559 6.35071 5.43314 1.93348
threshold=-0.3532357859589576 0.019742316767463155 0.092293589332695394 1.6390949120219827 0.4611647216041721 0.98546805859355968 -0.0016911792225676999 -0.011169005266269998 0.69956108266801986 -0.00038702115621814994 0.00099808526376755024
decision_type=2 2 2 2 2 2 2 2 2 2 2
left_child=10 4 8 -4 5 6 -2 -5 -3 -7 -1
right_child=1 2 3 7 -6 9 -8 -9 -10 -11 -12
leaf_value=-0.047170647374495618 -0.0035457876745634063 -0.050169145272870398 -0.041037301377321644 -0.016987147669585409 -0.036695342203995229 0.0066423439295794553 0.0079428347665770286 0.012634142657034809 -0.020730953981808596 -0.011583877019598817 -0.026802805024031935
leaf_weight=12.773278489708902 127.17398120462894 12.554166421294214 10.135892719030378 13.7069134414196 10.82145920395851 18.010604068636894 457.88637101650238 36.517641246318817 16.171736493706703 72.615063339471817 9.6440531462430936
leaf_count=52 509 51 41 55 44 72 1830 146 65 291 39
internal_value=-3.49674e-06 0.00112062 -0.0132116 -0.00320987 0.00298951 0.00363975 0.00543761 0.00443428 -0.033946 -0.0079071 -0.0388441
internal_weight=798.011 775.594 89.0864 60.3604 686.507 675.686 585.06 50.2246 28.7259 90.6257 22.4173
internal_count=3195 3104 358 242 2746 2702 2339 201 116 363 91
is_linear=0
shrinkage=0.03


Tree=6
num_leaves=13
num_cat=0
split_feature=38 8 14 45 8 35 15 11 23 46 47 12
split_gain=37.6941 21.2452 16.1015 15.1727 15.374 13.8745 13.2237 10.7067 8.99194 6.80202 5.09501 1.27947
threshold=0.3157547040455595 0.00191112309050424 1.0000000180025095e-35 0.4611647216041721 0.0027754636214712661 0.70042693872164841 -1.6410244841153327 -0.0031266526122290996 0.76854401706444719 -0.24155071230814984 0.34392052790133071 0.0051188531010033511
decision_type=2 2 2 2 2 2 2 2 2 2 2 2
left_child=1 2 5 4 6 7 -3 -1 -6 -4 -7 -2
right_child=11 3 9 -5 8 10 -8 -9 -10 -11 -12 -13
leaf_value=-0.0098048568042692387 -0.048650478839080871 -0.01013357491508291 -0.02844874856693054 -0.036165991499115813 -0.010619673997314692 -0.012774199066323487 0.0022874467180359951 0.022765647949865908 -0.046091852961345346 0.0037686633843760963 0.010019947318890589 -0.030358216202572556
leaf_weight=9.7310035824775678 10.218919664621355 91.838382661342621 11.70170319080353 11.022285282611845 23.104824438691139 18.465855523943901 477.14867706596851 97.25637774169445 9.1291862577199918 11.253517687320707 16.513699099421501 10.344979450106619
leaf_count=39 42 368 47 45 93 74 1909 388 37 45 66 42
internal_value=-5.68236e-06 0.00105302 0.0106082 -0.00151551 -0.000863908 0.0143917 0.00027256 0.0197516 -0.0209719 -0.0125379 -0.00188825 -0.039952
internal_weight=797.729 777.166 164.922 612.243 601.221 141.967 568.987 106.987 32.234 22.9552 34.9796 20.5639
internal_count=3195 3111 659 2452 2407 567 2277 427 130 92 140 84
is_linear=0
shrinkage=0.03


end of trees

feature_importances:
Column_45=9
Column_12=7
Column_38=6
Column_3=5
Column_33=5
Column_11=4
Column_46=4
Column_6=3
Column_24=3
Column_8=2
Column_18=2
Column_21=2
Column_23=2
Column_29=2
Column_35=2
Column_37=2
Column_40=2
Column_47=2
Column_14=1
Column_15=1
Column_17=1
Column_20=1
Column_25=1
Column_30=1
Column_34=1
Column_39=1
Column_42=1
Column_43=1

parameters:
[boosting: gbdt]
[objective: binary]
[metric: binary_logloss]
[tree_learner: serial]
[device_type: cpu]
[data_sample_strategy: bagging]
[data: ]
[valid: ]
[num_iterations: 500]
[learning_rate: 0.03]
[num_leaves: 31]
[num_threads: 1]
[seed: 42]
[deterministic: 0]
[force_col_wise: 0]
[force_row_wise: 0]
[histogram_pool_size: -1]
[max_depth: 5]
[min_data_in_leaf: 35]
[min_sum_hessian_in_leaf: 0.001]
[bagging_fraction: 0.8]
[pos_bagging_fraction: 1]
[neg_bagging_fraction: 1]
[bagging_freq: 0]
[bagging_seed: 400]
[bagging_by_query: 0]
[feature_fraction: 0.8]
[feature_fraction_bynode: 1]
[feature_fraction_seed: 30056]
[extra_trees: 0]
[extra_seed: 12879]
[early_stopping_round: 0]
[early_stopping_min_delta: 0]
[first_metric_only: 0]
[max_delta_step: 0]
[lambda_l1: 0.15]
[lambda_l2: 0.15]
[linear_lambda: 0]
[min_gain_to_split: 0]
[drop_rate: 0.1]
[max_drop: 50]
[skip_drop: 0.5]
[xgboost_dart_mode: 0]
[uniform_drop: 0]
[drop_seed: 17869]
[top_rate: 0.2]
[other_rate: 0.1]
[min_data_per_group: 100]
[max_cat_threshold: 32]
[cat_l2: 10]
[cat_smooth: 10]
[max_cat_to_onehot: 4]
[top_k: 20]
[monotone_constraints: ]
[monotone_constraints_method: basic]
[monotone_penalty: 0]
[feature_contri: ]
[forcedsplits_filename: ]
[refit_decay_rate: 0.9]
[cegb_tradeoff: 1]
[cegb_penalty_split: 0]
[cegb_penalty_feature_lazy: ]
[cegb_penalty_feature_coupled: ]
[path_smooth: 0]
[interaction_constraints: ]
[verbosity: -1]
[saved_feature_importance_type: 0]
[use_quantized_grad: 0]
[num_grad_quant_bins: 4]
[quant_train_renew_leaf: 0]
[stochastic_rounding: 1]
[linear_tree: 0]
[max_bin: 255]
[max_bin_by_feature: ]
[min_data_in_bin: 3]
[bin_construct_sample_cnt: 200000]
[data_random_seed: 175]
[is_enable_sparse: 1]
[enable_bundle: 1]
[use_missing: 1]
[zero_as_missing: 0]
[feature_pre_filter: 1]
[pre_partition: 0]
[two_round: 0]
[header: 0]
[label_column: ]
[weight_column: ]
[group_column: ]
[ignore_column: ]
[categorical_feature: ]
[forcedbins_filename: ]
[precise_float_parser: 0]
[parser_config_file: ]
[objective_seed: 16083]
[num_class: 1]
[is_unbalance: 0]
[scale_pos_weight: 1]
[sigmoid: 1]
[boost_from_average: 1]
[reg_sqrt: 0]
[alpha: 0.9]
[fair_c: 1]
[poisson_max_delta_step: 0.7]
[tweedie_variance_power: 1.5]
[lambdarank_truncation_level: 30]
[lambdarank_norm: 1]
[label_gain: ]
[lambdarank_position_bias_regularization: 0]
[eval_at: ]
[multi_error_top_k: 1]
[auc_mu_weights: ]
[num_machines: 1]
[local_listen_port: 12400]
[time_out: 120]
[machine_list_filename: ]
[machines: ]
[gpu_platform_id: -1]
[gpu_device_id: -1]
[gpu_use_dp: 0]
[num_gpu: 1]

end of parameters

pandas_categorical:null
