tree
version=v4
num_class=1
num_tree_per_iteration=1
label_index=0
max_feature_idx=47
objective=binary sigmoid:1
feature_names=Column_0 Column_1 Column_2 Column_3 Column_4 Column_5 Column_6 Column_7 Column_8 Column_9 Column_10 Column_11 Column_12 Column_13 Column_14 Column_15 Column_16 Column_17 Column_18 Column_19 Column_20 Column_21 Column_22 Column_23 Column_24 Column_25 Column_26 Column_27 Column_28 Column_29 Column_30 Column_31 Column_32 Column_33 Column_34 Column_35 Column_36 Column_37 Column_38 Column_39 Column_40 Column_41 Column_42 Column_43 Column_44 Column_45 Column_46 Column_47
feature_infos=[0.00062756918748070004:0.011680127477129701] [0:1] [0:1] [-0.0029228004041129:0.0035440552405477002] [-0.0039284128838802997:0.0043973732012847003] [0.0003883771393621958:0.0011438674947721801] [-1:1] [-0.0034113712531152001:0.0042209121482877998] [-0.0047237788348101:0.0056667853025083002] [-0.0043879740957353999:0.0058064063196946996] [-0.0053917902431215997:0.0075010291009980001] [0:1] [0:1] [-1:1] [-11.527820900579703:9.3724875319164873] [0.0025856622926096:0.0030787655839639] [-0.0043658367596251003:0.0047476748549982999] [-3:3] [-1.2130938520572012:10] [0:0.54999999999908333] [0.20000000000000001:1] none none [0:13.846896134433457] [-3.0324862910552333:3.2905943780376479] [-2.9385498570742206:3.2610677097879903] [-21.056378376566524:24.28971365049691] none [-0.20804091341611286:5.5238716925211468] [-0.24236180920502251:5.7204445022633896] [-5.0177803006928015:5.262489170427517] [0:2.1010253683749505] [0:1] [0.014712127307841178:86.238911460470234] [0.10000000000000001:0.90000000000000002] [-0.40884307932364911:0.35611025609106128] [-0.41770377364867817:0.41173847400967667] [-0.75382350505300422:0.60409962176262677] [-0.86959442668786335:0.52224067062244361] [-0.18284662416809863:0.42257689595993542] [-0.14713441603307284:0.35108874099548348] [-0.88106947871396779:0.67773232154071739] [-0.58555967612084159:0.25683283264264917] [-0.21442377320050454:0.38881960818835432] [-0.45743976196217556:0.4783360145235912] [-0.20317171492089997:0.70335421875773219] [-0.497756129910016:0.55066444610119269] [-0.78872621545599308:0.9065659664215564]
tree_sizes=1835 1640 1855 1834 1726 2059 1527 1318 1742 1842 1845 1313 1934 1731 1713 1428 1526 1749 1549 1655 1852 1324 1446 1851 1543 903 899 1520 902 1729 901 1314 3048 1968 2172

Tree=0
num_leaves=16
num_cat=0
split_feature=43 34 18 43 33 18 23 18 32 18 15 46 5 3 26
split_gain=27.5234 21.0675 19.2345 18.9611 25.0403 21.3447 31.6464 17.4562 16.061 12.1932 12.0556 11.9254 11.873 5.09403 5.00864
threshold=0.27591246307584183 0.72601257693907872 5.2730491071265471 0.21919550630423165 0.014734414461519843 5.9843085351502712 1.6149565957008261 9.3005664638366259 0.2532626579667574 3.9782621187750133 0.0025979862970542003 0.15393163260276568 0.00054641808480940712 0.00032217982659395005 0.76072964804090615
decision_type=2 2 2 2 2 2 2 2 2 2 2 2 2 2 2
left_child=1 3 9 4 7 10 -7 -1 -4 11 -5 -3 -2 -10 -6
right_child=12 2 8 5 14 6 -8 -9 13 -11 -12 -13 -14 -15 -16
leaf_value=-0.0048863914249789673 0.044896942060887166 -0.0032168891154658744 -0.0019589921063484983 -0.0096426736059644167 0.048588880769600634 -0.030442566422028576 0.025932212331153455 0.012156241914398623 0.044103018048320827 -0.024888235447287275 -0.050634296271563455 0.020245302486035958 0.0028472884231286748 0.019777100918635646 0.015925849787853632
leaf_weight=462.79810947179794 16.977648034691814 51.309872910380363 14.761870339512823 10.036169573664667 9.0903248786926287 18.198263257741928 17.338724687695503 60.986727178096771 21.905903995037079 13.622277200222014 20.112850189208984 31.026171818375587 9.7385015040636045 13.900570422410963 9.196005851030348
leaf_count=1848 69 205 59 40 37 72 70 245 89 54 79 125 39 56 37
internal_value=-4.19751e-10 -0.00106256 0.00913412 -0.00352997 -0.00167392 -0.01874 -0.00281747 -0.00289054 0.024082 0.00118473 -0.0372526 0.0055904 0.0298381 0.0349064 0.0326703
internal_weight=781 754.284 146.527 607.757 542.071 65.686 35.537 523.785 50.5683 95.9583 30.149 82.336 26.7161 35.8065 18.2863
internal_count=3124 3016 588 2428 2167 261 142 2093 204 384 119 330 108 145 74
is_linear=0
shrinkage=1


Tree=1
num_leaves=14
num_cat=0
split_feature=43 5 33 47 20 31 17 38 17 31 5 15 33
split_gain=25.9266 17.3288 26.7179 16.2411 19.2726 17.7759 15.4017 18.7871 15.995 13.1252 11.1787 7.59604 1.32887
threshold=0.27591246307584183 0.00058899270825930666 0.014720393341671583 -0.69267213411817863 0.75000000000000011 0.00062733472663166034 1.5097726235742102 0.15970583127017612 -2.0147317312412718 0.00052920142688731931 0.00054641808480940712 0.0026239265276792501 0.014721878985348298
decision_type=2 2 2 2 2 2 2 2 2 2 2 2 2
left_child=1 2 6 -3 5 -5 8 -8 -1 -6 -2 12 -4
right_child=10 3 11 4 9 -7 7 -9 -10 -11 -12 -13 -14
leaf_value=0.017747226906141906 0.043583817603957832 -0.023211078859225815 -0.031168149852243251 0.0079780859236034743 0.010365896345634035 -0.022979365084572975 -0.0025279687369932327 0.027051401089754703 -0.0055457309180133611 0.040533659455239825 0.0027631710901301655 -0.0054696996766994618 -0.048446431364809771
leaf_weight=28.063916310667992 16.969095230102543 14.622475683689116 15.674849510192873 98.46240545809269 28.638929650187492 19.90972775220871 44.037669152021408 33.919572040438652 427.83979125320911 24.636175766587257 9.7384820580482465 9.269611641764639 9.1600686907768232
leaf_count=113 69 58 62 395 115 79 176 137 1708 100 39 37 36
internal_value=0 -0.00103021 -0.00363952 0.00689836 0.00950758 0.0027107 -0.00198193 0.0103118 -0.00409666 0.0244753 0.0289653 -0.0293332 -0.0379737
internal_weight=780.943 754.235 567.965 186.27 171.647 118.372 533.861 77.9572 455.904 53.2751 26.7076 34.1045 24.8349
internal_count=3124 3016 2269 747 689 474 2134 313 1821 215 108 135 98
is_linear=0
shrinkage=0.03


Tree=2
num_leaves=16
num_cat=0
split_feature=42 17 32 41 47 15 31 15 46 31 10 5 5 23 23
split_gain=25.5677 16.7458 29.3072 31.2173 26.4066 23.0143 22.5871 21.7832 18.6728 11.0573 9.36948 7.15913 6.88353 6.72993 6.48726
threshold=-0.31827793683254962 1.5655892322184453 0.19458193382574476 -0.041804319723836615 0.77948708052183391 0.0026763725323555505 0.00065158678606711321 0.0025932278240562005 -0.066986075207225534 0.0005097214929095582 0.00097023328416420012 0.00052006074722084144 0.00054641808480940712 1.3884877324464144 0.76851397519155851
decision_type=2 2 2 2 2 2 2 2 2 2 2 2 2 2 2
left_child=12 4 11 9 5 6 -2 -6 -5 -4 -9 -3 13 -1 -13
right_child=1 2 3 8 7 -7 -8 10 -10 -11 -12 14 -14 -15 -16
leaf_value=0.013488519679051084 -0.00098660082379139558 0.003465002309414661 0.019447429344523186 0.0070790142099406298 0.013262180020656492 0.046365778925889084 -0.037909435408511757 -0.024335595630929553 -0.040232750370290546 0.046583703480418771 -0.057815164604285693 -0.0088901873698673198 0.0066444446849774292 0.048013561130343857 -0.044733563911890512
leaf_weight=8.9400053322315234 532.41803587973118 8.7379306703805941 35.486959666013718 34.907433718442917 11.940854847431181 8.8337630182504636 15.20539343357086 36.304773092269897 9.385350748896597 23.099307686090469 9.9554460346698743 8.7792753428220767 12.715899288654326 13.729414463043211 10.416480511426924
leaf_count=36 2129 35 143 140 48 36 60 144 37 94 39 35 51 56 41
internal_value=0 -0.00118383 0.00854718 0.0159676 -0.0032637 -0.00124146 -0.00203012 -0.0224682 -0.00294674 0.0303149 -0.0318011 -0.018561 0.0248625 0.0347735 -0.0287691
internal_weight=780.856 745.471 130.813 102.879 614.658 556.457 547.623 58.2011 44.2928 58.5863 46.2602 27.9337 35.3853 22.6694 19.1958
internal_count=3124 2981 525 414 2456 2225 2189 231 177 237 183 111 143 92 76
is_linear=0
shrinkage=0.03


Tree=3
num_leaves=16
num_cat=0
split_feature=42 34 47 18 29 15 18 18 32 18 34 41 47 15 10
split_gain=24.1132 18.2294 21.2852 21.5867 23.6696 20.2483 18.9172 15.4988 14.4288 10.8233 10.4282 9.80024 9.69221 5.52211 4.90748
threshold=-0.31827793683254962 0.72601257693907872 0.7891648586422767 6.1665771435973831 0.47907934286100301 0.0026763725323555505 5.2730491071265471 9.3005664638366259 0.2532626579667574 3.9782621187750133 0.65894112621461565 0.52327455517986465 0.8512543248138279 0.0025990243843771002 0.00066891190945965007
decision_type=2 2 2 2 2 2 2 2 2 2 2 2 2 2 2
left_child=10 2 5 13 -5 7 9 -2 -8 11 12 -3 -1 -4 -10
right_child=1 6 3 4 -6 -7 8 -9 14 -11 -12 -13 -14 -15 -16
leaf_value=-0.0031397778794099119 -0.0044608179050039855 0.010126920447487777 -0.019155591156391125 -0.032314194631297498 0.020527705763414058 0.033440954531510372 -0.0014975606016029801 0.011371430468434194 0.04314166936842375 -0.024136936443564939 0.046838339722353614 -0.015168493598814696 0.036029294410836098 -0.04910201822555256 0.01959538934356702
leaf_weight=14.241384372115137 464.73235595226288 63.514156207442284 9.0612574964761752 13.656318485736849 16.854532048106194 14.283285886049269 14.758509784936903 62.952275022864342 20.651030719280243 13.619248345494269 12.013000980019568 17.345968827605247 9.094779044389723 18.807478711009026 15.12384185194969
leaf_count=57 1856 255 36 54 68 58 59 253 84 54 49 69 37 74 61
internal_value=0 -0.00114895 -0.0034603 -0.0206541 -0.00301936 -0.00159473 0.00838265 -0.00256083 0.0231705 0.000401428 0.0241581 0.00462701 0.0120666 -0.0396805 0.0334361
internal_weight=780.709 745.36 600.348 58.3796 30.5109 541.968 145.013 527.685 50.5334 94.4794 35.3492 80.8601 23.3362 27.8687 35.7749
internal_count=3124 2981 2399 232 122 2167 582 2109 204 378 143 324 94 110 145
is_linear=0
shrinkage=0.03


Tree=4
num_leaves=15
num_cat=0
split_feature=42 34 47 17 32 15 13 0 42 17 33 34 47 19
split_gain=22.7354 17.1591 20.0798 20.1598 26.5615 19.0912 15.3263 15.0596 11.9274 14.4565 14.2421 9.85196 9.15457 7.90558
threshold=-0.31827793683254962 0.72601257693907872 0.7891648586422767 1.4110814399612359 0.32434660595584441 0.0026763725323555505 1.0000000180025095e-35 0.0018278112368400503 0.15157442135529464 -0.57527875261214734 0.014713790664760766 0.65894112621461565 0.8512543248138279 0.15833333333306943
decision_type=2 2 2 2 2 2 2 2 2 2 2 2 2 2
left_child=11 2 5 7 -5 6 -2 -4 10 -10 -3 12 -1 -12
right_child=1 8 3 4 -6 -7 -8 -9 9 -11 13 -13 -14 -15
leaf_value=-0.0030463865544562594 0.015612009504530271 -0.023988706151930984 0.0013533568523587064 -0.026322625285763769 0.042803715826806712 0.032501220468528547 -0.0039325283453103908 -0.042922477806234614 0.016868701166926351 -0.032843050813882453 0.017694553963220075 0.045550763618605036 0.035036622011022582 -0.0053896299854112898
leaf_weight=14.242215409874918 38.773676350712776 9.076476648449896 8.7386077195405942 11.094746187329294 8.8379103988409025 14.260056942701338 488.88682028651237 29.633838564157486 8.6903809756040591 12.6495004594326 99.525014489889145 11.986606806516646 9.0764009803533536 15.0186271071434
leaf_count=57 156 36 35 44 36 58 1953 117 35 50 401 49 37 60
internal_value=0 -0.0011148 -0.00335752 -0.0200691 0.0041939 -0.00154616 -0.0024838 -0.0327567 0.00813432 -0.0124128 0.0117284 0.0234733 0.0117143 0.0146255
internal_weight=780.491 745.186 600.226 58.3051 19.9327 541.921 527.66 38.3724 144.96 21.3399 123.62 35.3052 23.3186 114.544
internal_count=3124 2981 2399 232 80 2167 2109 152 582 85 497 143 94 461
is_linear=0
shrinkage=0.03


Tree=5
num_leaves=18
num_cat=0
split_feature=41 34 18 47 29 17 18 32 10 3 10 34 41 37 4 37 29
split_gain=21.3347 16.2506 17.2571 16.9538 18.8205 21.9317 18.278 14.6914 14.4387 9.77322 10.7932 9.35595 9.7851 8.65969 6.32609 6.01267 2.76358
threshold=-0.75257117438403398 0.72601257693907872 6.3290474458420141 0.7891648586422767 0.32268748872640013 0.042498189302000756 9.3005664638366259 0.39901046932874951 0.00097023328416420012 5.6577523799971269e-05 0.0011378186219504502 0.61443520301479193 -0.76861149688478447 0.46744607188819315 -0.00026629373826199995 -0.56492170275989018 0.0718535062405639
decision_type=2 2 2 2 2 2 2 2 2 2 2 2 2 2 2 2 2
left_child=11 3 9 6 16 -6 8 -8 -2 13 -11 12 -1 -3 -4 -16 -5
right_child=1 2 14 4 5 -7 7 -9 -10 10 -12 -13 -14 -15 15 -17 -18
leaf_value=0.031670701055129237 -0.0066383503181856804 -0.0010015141428448115 0.045118044769128604 -0.026353679993970491 -0.03069429935328058 0.016002764497461051 0.00085009381616208031 0.028364725247495014 0.005627225115050493 0.022382240692058485 -0.0053069210646454123 0.043280497350607697 -0.011056251574376588 -0.030865774371542459 0.035711038195961893 0.0064119286764557359 -0.048434048911526098
leaf_weight=9.3104693591594678 356.33372470736504 43.989338546991348 10.541204854845999 11.829567402601244 15.875660583376883 20.563664764165878 41.695193663239479 30.360150054097176 113.48977945744991 30.734474092721939 21.029584795236588 13.179448023438452 9.5235353857278842 10.868940144777296 10.088625296950342 17.913986280560493 12.920311182737349
leaf_count=38 1422 176 43 47 63 83 167 123 455 124 84 54 38 43 41 72 51
internal_value=0 -0.00102595 0.00797141 -0.00320063 -0.018156 -0.00426137 -0.001499 0.0125404 -0.00366507 0.00169567 0.0110638 0.0239269 0.00991185 -0.00706829 0.0251416 0.0172615 -0.0382835
internal_weight=780.248 748.234 145.166 603.068 61.1892 36.4393 541.879 72.0553 469.824 106.622 51.7641 32.0135 18.834 54.8583 38.5438 28.0026 24.7499
internal_count=3124 2994 583 2411 244 146 2167 290 1877 427 208 130 76 219 156 113 98
is_linear=0
shrinkage=0.03


Tree=6
num_leaves=13
num_cat=0
split_feature=42 5 33 46 17 31 18 18 15 5 23 42
split_gain=20.3327 13.9459 22.5306 15.5152 13.3872 13.2468 12.2864 14.3142 6.4822 6.3925 6.10553 1.97626
threshold=-0.31827793683254962 0.00058899270825930666 0.014720393341671583 -0.44902476230649752 2.9583554787808564 0.00060663864226751288 0.066742532852728659 2.6734452487853817 0.0026239265276792501 0.00054641808480940712 2.2393014936305358 -0.0020327977904737449
decision_type=2 2 2 2 2 2 2 2 2 2 2 2
left_child=9 2 4 -3 5 -2 -5 -8 11 10 -1 -4
right_child=1 3 8 6 -6 -7 7 -9 -10 -11 -12 -13
leaf_value=0.015441082468389562 -0.0016758984194522818 -0.02418506278730078 -0.024658794771148011 -0.025006436786024915 0.028456879671783494 -0.026864733344687097 0.030031712456352371 0.0063788835492045179 -0.0051917899036874483 0.0047151561088630244 0.047708366160575152 -0.043985627889709722
leaf_weight=11.342261090874674 494.50834254920483 13.86832572519779 11.287984564900398 9.0561355352401716 12.597487181425093 19.424682527780533 27.944277539849281 133.87768083810806 9.263489827513693 12.685789272189139 11.140688762068747 12.949200481176376
leaf_count=46 1978 55 45 36 51 77 113 538 37 51 46 51
internal_value=0 -0.0010515 -0.00341445 0.00608405 -0.00188371 -0.00264425 0.00858604 0.0105152 -0.0272237 0.0222442 0.0318391 -0.0353761
internal_weight=779.946 744.778 560.031 184.746 526.531 513.933 170.878 161.822 33.5007 35.1687 22.4829 24.2372
internal_count=3124 2981 2239 742 2106 2055 687 651 133 143 92 96
is_linear=0
shrinkage=0.03


Tree=7
num_leaves=11
num_cat=0
split_feature=34 43 41 33 20 5 9 46 46 15
split_gain=19.1987 17.5218 14.8201 20.0412 14.7766 11.9611 13.0744 12.0583 9.74788 13.8123
threshold=0.72601257693907872 0.26635132426947644 -0.76861149688478447 0.014861272986185817 0.90000000000000013 0.00058430180752268074 0.0016006437251243001 -0.44902476230649752 -0.44474942572945425 0.0025994780032188507
decision_type=2 2 2 2 2 2 2 2 2 2
left_child=2 4 -1 5 8 6 -4 -7 -2 -10
right_child=1 -3 3 -5 -6 7 -8 -9 9 -11
leaf_value=0.031619241147085475 -0.01388440182991406 0.044315909555000907 -0.0039283456205214517 -0.042689622386091461 -0.0259797835592008 -0.023561154351828574 -0.039532224656817744 0.0073858608657500343 -0.00065467904432725402 0.020587769549874652
leaf_weight=11.200409412384031 14.054999157786368 11.914998665452002 439.79699194431305 11.075587585568426 11.345782622694967 12.098976284265516 9.3701398968696576 143.88079738616943 44.459146425127983 70.559485271573067
leaf_count=46 56 49 1758 44 45 48 37 578 178 285
internal_value=0 0.00955069 -0.00231726 -0.00294893 0.00652461 -0.00220375 -0.00469405 0.00493622 0.00944346 0.0123475
internal_weight=779.757 152.334 627.423 616.222 140.419 605.147 449.167 155.98 129.074 115.019
internal_count=3124 613 2511 2465 564 2421 1795 626 519 463
is_linear=0
shrinkage=0.03


Tree=8
num_leaves=15
num_cat=0
split_feature=42 34 45 18 32 20 17 31 18 3 19 34 17 38
split_gain=18.5409 14.3637 17.5516 16.2584 13.7184 12.6846 29.4872 16.3191 10.4777 9.48047 9.40629 8.67889 7.35897 7.33424
threshold=-0.31827793683254962 0.72601257693907872 0.23324396529400385 5.2730491071265471 0.2532626579667574 0.75000000000000011 0.025931771190908053 0.00060663864226751288 3.9782621187750133 -5.2079632058428024e-05 0.10833333333315277 0.65894112621461565 0.36163706828003911 0.052268988327262976
decision_type=2 2 2 2 2 2 2 2 2 2 2 2 2 2
left_child=11 2 5 8 -5 7 -7 -2 9 -3 -6 13 -4 -1
right_child=1 3 12 4 10 6 -8 -9 -10 -11 -12 -13 -14 -15
leaf_value=0.027984944422899807 -0.0028739320136757815 -0.0086641436602758401 -0.040872346755737261 -0.0028395690873571217 0.039975288278396949 -0.010140600529930084 0.016198643685763417 -0.024266119011295592 -0.024084063335156274 0.012373286005739621 0.0034472064651316211 0.042172764896778799 -0.0082470550956746762 -0.0053998262230905997
leaf_weight=10.943217381834986 381.15733356773853 31.066012099385262 14.853070795536043 14.752120494842528 26.941566571593285 64.906762644648552 92.328649505972862 35.012434616684914 13.614956825971602 49.720977500081062 8.6869136989116651 11.82603472471237 11.475202083587645 12.242762789130209
leaf_count=45 1524 124 59 59 110 259 372 139 54 200 35 49 46 49
internal_value=0 -0.00100333 -0.00305622 0.00746369 0.0211979 -0.00194453 0.00529791 -0.00469256 6.44277e-05 0.00422684 0.0312466 0.0212896 -0.0269498 0.0102427
internal_weight=779.528 744.516 599.733 144.783 50.3806 573.405 157.235 416.17 94.4019 80.787 35.6285 35.012 26.3283 23.186
internal_count=3124 2981 2399 582 204 2294 631 1663 378 324 145 143 105 94
is_linear=0
shrinkage=0.03


Tree=9
num_leaves=16
num_cat=0
split_feature=41 34 18 47 25 18 13 31 32 18 19 25 33 34 41
split_gain=17.3292 13.6215 15.1477 15.0813 17.6975 16.8563 21.3594 14.004 12.9694 9.98011 8.89656 8.81453 8.47101 8.32772 8.20774
threshold=-0.75257117438403398 0.72601257693907872 5.2730491071265471 0.7891648586422767 0.76688908864689309 9.3005664638366259 1.0000000180025095e-35 0.0003931956367523017 0.2532626579667574 3.9782621187750133 0.10833333333315277 -0.94724818935341148 0.014713790664760766 0.61443520301479193 -0.76861149688478447
decision_type=2 2 2 2 2 2 2 2 2 2 2 2 2 2 2
left_child=13 3 9 5 11 6 -2 -7 -4 12 -10 -5 -3 14 -1
right_child=1 2 8 4 -6 7 -8 -9 10 -11 -12 -13 -14 -15 -16
leaf_value=0.0285814051092356 0.01961322154293943 -0.021915664321262188 -0.0027551279568368337 -0.0093968283921010125 0.0088553926932889264 -0.0085752547657761413 -0.0051735808420154891 0.020543098945722163 0.038902433680538473 -0.023380572377847214 0.0033461902705279188 -0.037539364808727577 0.0078555453058905076 0.040101231782396045 -0.010675965041772224
leaf_weight=9.188252657651903 33.501473799347878 9.5742803364992124 14.752710059285162 16.719514086842537 16.840227872133255 20.524179115891457 436.1853516548872 51.467013597488403 26.859375864267349 13.608478143811224 8.6852368265390378 27.381181538105011 71.44416007399559 12.978919208049772 9.5193837881088275
leaf_count=38 135 38 59 67 68 82 1742 208 110 54 35 109 287 54 38
internal_value=0 -0.000921543 0.00732282 -0.00291303 -0.0170495 -0.00131004 -0.00339033 0.0121787 0.0206004 0.000196419 0.030391 -0.0270396 0.00424792 0.0216781 0.00844063
internal_weight=779.23 747.543 144.924 602.619 60.9409 541.678 469.687 71.9912 50.2973 94.6269 35.5446 44.1007 81.0184 31.6866 18.7076
internal_count=3124 2994 583 2411 244 2167 1877 290 204 379 145 176 325 130 76
is_linear=0
shrinkage=0.03


Tree=10
num_leaves=16
num_cat=0
split_feature=42 17 32 41 0 47 0 46 46 40 31 15 5 23 15
split_gain=16.63 12.8309 24.6319 27.4614 20.7931 17.6207 19.2407 18.3349 17.2051 11.9998 9.88387 6.99325 5.90622 5.68018 5.50263
threshold=-0.31827793683254962 1.5655892322184453 0.19458193382574476 -0.041804319723836615 0.0059195400584423014 0.77948708052183391 0.0017725082791987003 -0.47770683381911344 -0.066986075207225534 0.031297058926753031 0.0005097214929095582 0.0026008728312926005 0.00054641808480940712 1.3884877324464144 0.0026137643921120006
decision_type=2 2 2 2 2 2 2 2 2 2 2 2 2 2 2
left_child=12 4 11 10 5 7 -7 -2 -5 -6 -4 -3 13 -1 -13
right_child=1 2 3 8 9 6 -8 -9 -10 -11 -12 14 -14 -15 -16
leaf_value=0.0099473421552447715 -0.03835166645730248 0.0044932797382835222 0.017625510422369525 0.0062989330409208176 -0.001709386423593007 0.014861177126880403 -0.028232896742479238 -0.001290092206928214 -0.039135918229783344 0.042032847715592125 0.043357143429265561 -0.042546598185497629 0.0033696437563689894 0.041897706588323418 -0.0094555609602899448
leaf_weight=8.8316092789173144 12.162595406174658 8.7259261310100573 35.356246128678322 34.866754591464996 8.9724347740411776 11.41828243434429 46.272185400128365 520.59464803338051 9.3734385669231397 14.191403448581694 22.933288499712944 10.136353611946108 12.614027559757231 13.346711248159407 9.0166756212711316
leaf_count=36 48 35 143 140 36 46 185 2083 37 58 94 40 51 56 36
internal_value=0 -0.000947979 0.00758324 0.014404 -0.00276983 -0.00387274 -0.0196094 -0.00215519 -0.00332597 0.0249944 0.0279116 -0.0172837 0.0202286 0.0295286 -0.027396
internal_weight=778.813 744.02 130.409 102.53 613.612 590.448 57.6905 532.757 44.2402 23.1638 58.2895 27.879 34.7923 22.1783 19.153
internal_count=3124 2981 525 414 2456 2362 231 2131 177 94 237 111 143 92 76
is_linear=0
shrinkage=0.03


Tree=11
num_leaves=11
num_cat=0
split_feature=34 43 20 42 33 5 9 37 46 15
split_gain=15.977 15.4379 13.4837 12.0929 18.4601 10.8 12.2589 11.8808 8.9822 12.5614
threshold=0.72601257693907872 0.26635132426947644 0.90000000000000013 -0.33547417141590991 0.014861272986185817 0.00058430180752268074 0.0016006437251243001 0.51436789500649904 -0.44474942572945425 0.0025994780032188507
decision_type=2 2 2 2 2 2 2 2 2 2
left_child=3 2 8 -1 5 6 -5 -7 -2 -10
right_child=1 -3 -4 4 -6 7 -8 -9 9 -11
leaf_value=0.028786997700842885 -0.013698460025030853 0.041634230494133388 -0.025157845193245692 -0.0035950953656114209 -0.041024812735227602 0.0071437066305465036 -0.038111409666346553 -0.024820607446539911 -0.00090792741200688347 0.019367815739964364
leaf_weight=11.02123276889324 14.046925231814383 11.728592216968535 11.336906075477598 439.43217253684998 10.958752185106276 144.72743076086044 9.3466594070196134 11.084806263446806 44.401706665754318 70.325065016746521
leaf_count=46 56 49 45 1758 44 582 37 44 178 285
internal_value=0 0.0087282 0.00589999 -0.00211388 -0.00268134 -0.00196888 -0.00433648 0.00481916 0.00869524 0.0114906
internal_weight=778.41 151.839 140.111 626.571 615.55 604.591 448.779 155.812 128.774 114.727
internal_count=3124 613 564 2511 2465 2421 1795 626 519 463
is_linear=0
shrinkage=0.03


Tree=12
num_leaves=17
num_cat=0
split_feature=42 34 47 18 23 33 18 13 32 18 3 19 34 47 33 26
split_gain=15.199 11.96 15.2216 17.7435 18.3589 15.5031 14.1705 13.6179 11.9493 9.46377 8.84122 8.35013 7.71706 6.40923 5.73442 4.75175
threshold=-0.31827793683254962 0.72601257693907872 0.7891648586422767 5.9843085351502712 1.6339217417275387 0.014734414461519843 5.2730491071265471 1.0000000180025095e-35 0.2532626579667574 3.9782621187750133 -5.2079632058428024e-05 0.10833333333315277 0.65894112621461565 0.8512543248138279 0.014716109544875839 0.76072964804090615
decision_type=2 2 2 2 2 2 2 2 2 2 2 2 2 2 2 2
left_child=12 2 5 14 -5 7 9 -2 -8 10 -3 -10 13 -1 -4 -7
right_child=1 6 3 4 -6 15 8 -9 11 -11 -12 -13 -14 -15 -16 -17
leaf_value=-0.003240610430849947 0.015000827515405749 -0.0085612932591340417 -0.017652267783858304 -0.024367014779063001 0.019840569949105328 0.040829462219573745 -0.0026955717164901354 -0.0035447505908035508 0.037424811843703693 -0.02303398236943931 0.011761478528841549 0.0029172763948472347 0.039336718464472738 0.028915740828334941 -0.048888876151217849 0.0096335401098437967
leaf_weight=14.196286156773569 38.248145937919617 31.048764616250992 9.4930721670389193 17.505292996764183 16.022918686270714 9.2435376048088091 14.746478497982023 484.56241205334663 26.686014458537102 13.598895788192747 49.679793626070023 8.6668929010629636 11.579817727208136 8.8000775724649412 14.633781149983404 9.3687501996755582
leaf_count=57 154 124 38 70 65 38 59 1937 110 54 200 35 49 37 59 38
internal_value=0 -0.000904427 -0.00277817 -0.0174174 -0.0031126 -0.00120658 0.00683151 -0.00217546 0.0196997 0 0.00388818 0.02914 0.0194009 0.00897797 -0.0369687 0.025569
internal_weight=778.081 743.505 599.078 57.6551 33.5282 541.423 144.427 522.811 50.0994 94.3275 80.7286 35.3529 34.5762 22.9964 24.1269 18.6123
internal_count=3124 2981 2399 232 135 2167 582 2091 204 378 324 145 143 94 97 76
is_linear=0
shrinkage=0.03


Tree=13
num_leaves=15
num_cat=0
split_feature=42 34 45 18 20 0 31 32 18 3 34 9 38 3
split_gain=14.3693 11.2629 14.5208 13.3862 11.9146 20.3123 15.9514 11.318 8.9156 8.3238 7.35888 6.35137 5.79248 4.89281
threshold=-0.31827793683254962 0.72601257693907872 0.23324396529400385 5.2730491071265471 0.75000000000000011 0.0021312413267287004 0.00060663864226751288 0.2532626579667574 3.9782621187750133 -5.2079632058428024e-05 0.65894112621461565 -5.3663597601309622e-05 0.052268988327262976 0.00032217982659395005
decision_type=2 2 2 2 2 2 2 2 2 2 2 2 2 2
left_child=10 2 4 8 6 -6 -2 -5 9 -3 12 -4 -1 -9
right_child=1 3 11 7 5 -7 -8 13 -10 -11 -12 -13 -14 -15
leaf_value=0.02473495181954578 -0.0025552317666056737 -0.0083061393319039632 -0.039205220006603717 -0.0026154356336458412 -0.01225512487681334 0.011939959258780457 -0.023717536940202705 0.037402789399587619 -0.022369927938357896 0.011413106913609748 0.038463688765897376 -0.008936271207320266 -0.0050814240456317269 0.013628002896962109
leaf_weight=10.723678424954416 380.80905851721764 31.047095701098442 13.165529713034632 14.746941924095152 42.643245339393616 114.38399364054203 34.96345055103302 21.521224230527878 13.587129086256025 49.665122762322426 11.49210114777088 12.843847677111624 12.225575253367422 13.70658019185066
leaf_count=45 1524 124 53 59 170 461 139 89 54 200 49 52 49 56
internal_value=0 -0.000877577 -0.00269602 0.00663365 -0.00168889 0.00533534 -0.00435356 0.019161 0 0.00377083 0.0189028 -0.0245669 0.00872644 0.0283766
internal_weight=777.525 743.083 598.809 144.274 572.8 157.027 415.773 49.9747 94.2993 80.7122 34.4414 26.0094 22.9493 35.2278
internal_count=3124 2981 2399 582 2294 631 1663 204 378 324 143 105 94 145
is_linear=0
shrinkage=0.03


Tree=14
num_leaves=15
num_cat=0
split_feature=42 17 32 37 0 47 0 37 39 26 17 34 28 47
split_gain=13.5878 11.7266 22.6492 19.6663 18.6517 15.3867 17.7169 16.516 14.5948 11.2488 10.6942 7.02512 6.26258 5.82355
threshold=-0.31827793683254962 1.5655892322184453 0.14512866374623593 -0.03731665346595562 0.0059195400584423014 0.77948708052183391 0.0017725082791987003 0.56069314723042851 -0.01530532715899972 1.1124292404457918 2.0734379499694504 0.65894112621461565 0.18188216215719752 0.8512543248138279
decision_type=2 2 2 2 2 2 2 2 2 2 2 2 2 2
left_child=11 4 12 10 5 7 -7 -2 -5 -6 -4 13 -3 -1
right_child=1 2 3 8 9 6 -8 -9 -10 -11 -12 -13 -14 -15
leaf_value=-0.0031169818101258661 -0.0011042992489063552 -0.00038594649298303853 0.038222995142095081 0.0088876270187296449 0.042294740823624041 0.014658063799496527 -0.026745828944515222 -0.0322607689098992 -0.027587534111716511 0 0.012203998670087516 0.03763049119854335 -0.033771228472590537 0.027624186142818721
leaf_weight=14.193459928035738 516.77558372914791 8.7312172502279299 27.802450135350227 36.559516757726669 12.834680005908014 11.403460144996641 45.85503177344799 15.650821313261984 13.344186678528784 10.220123574137686 30.761998981237411 11.398889884352682 12.856924772262571 8.7084149867296201
leaf_count=57 2069 35 114 147 53 46 185 62 53 41 125 49 51 37
internal_value=0 -0.000852386 0.00731515 0.0129275 -0.00259468 -0.00363861 -0.0184048 -0.00203743 -0.000829326 0.0237633 0.0246988 0.0184202 -0.0205716 0.00848079
internal_weight=777.097 742.796 130.056 108.468 612.74 589.685 57.2585 532.426 49.9037 23.0548 58.5644 34.3008 21.5881 22.9019
internal_count=3124 2981 525 439 2456 2362 231 2131 200 94 239 143 86 94
is_linear=0
shrinkage=0.03


Tree=15
num_leaves=12
num_cat=0
split_feature=46 46 16 36 31 44 34 46 34 28 10
split_gain=13.2519 14.4197 11.2769 12.4769 16.8155 15.1186 9.86337 6.97186 6.17083 3.0134 2.38688
threshold=0.52773904200533417 0.52290441049045489 -0.0019623979501532996 -0.086789335675148432 0.00052920142688731931 -0.13955203554146867 0.61279106388219284 0.53806756566057101 0.64564105496755375 0.79341629620625731 -0.0025425133596969495
decision_type=2 2 2 2 2 2 2 2 2 2 2
left_child=1 2 10 4 -4 -5 7 -2 -3 -8 -1
right_child=6 8 3 5 -6 -7 9 -9 -10 -11 -12
leaf_value=0.010753084403973351 -0.010443635561743207 -0.044605231541422367 0.00044659606157911865 -7.8168953468744619e-05 0.019591819371443563 -0.011929020240582858 0.041155545709717765 0.023654644866175606 -0.0084857053563539946 0.016377337651556727 0.033049233910758577
leaf_weight=9.5765305757522601 14.162642881274225 9.1498279124498385 203.99565972387791 296.16556313633919 51.786371320486069 144.40119706094265 11.874147430062296 8.4694792330265027 8.6834003776311857 8.7135821729898435 9.6005502194166166
leaf_count=39 57 37 820 1187 211 576 50 36 35 37 39
internal_value=0 -0.000950579 -0.000277332 -0.000910724 0.00434959 -0.00397538 0.0161157 0.00219096 -0.0274855 0.0310797 0.0223178
internal_weight=776.579 733.359 715.526 696.349 255.782 440.567 43.2199 22.6321 17.8332 20.5877 19.1771
internal_count=3124 2944 2872 2794 1031 1763 180 93 72 87 78
is_linear=0
shrinkage=0.03


Tree=16
num_leaves=13
num_cat=0
split_feature=34 43 18 42 33 45 46 25 20 3 4 37
split_gain=13.0267 12.8837 14.0504 10.7493 15.1602 9.52471 12.246 10.6384 9.44989 9.72364 6.4321 5.05485
threshold=0.72601257693907872 0.26635132426947644 6.3290474458420141 -0.34092683201227775 0.014861272986185817 -0.14243966153505158 -0.4319085800326774 -0.56890136652946965 0.90000000000000013 5.6577523799971269e-05 -0.00026629373826199995 -0.56492170275989018
decision_type=2 2 2 2 2 2 2 2 2 2 2 2
left_child=3 2 8 -1 5 7 -7 -5 9 -2 -4 -12
right_child=1 -3 10 4 -6 6 -8 -9 -10 -11 11 -13
leaf_value=0.032446203100314534 -0.0069209364250476645 0.038445941218080766 0.041159567718420893 0.01170911556501783 -0.035652300056933199 0.012429333668740746 -0.0022109464809812059 -0.025904539770289402 -0.026419751300448952 0.012650014532337385 0.030333196995986647 0.0031012482928137169
leaf_weight=7.924532786011695 45.745628371834755 11.385449215769766 10.348934024572371 8.7074923664331418 11.935468450188635 56.964631095528603 512.5509969741106 27.203809648752213 11.072663664817808 45.102161958813667 9.6334573924541491 17.734489515423775
leaf_count=34 183 49 43 35 49 229 2056 108 44 182 40 72
internal_value=0 0.00790586 0.00534497 -0.00190734 -0.00236336 -0.001691 -0.000735796 -0.0166487 -0.000408543 0.00275061 0.0209513 0.0129635
internal_weight=776.31 151.023 139.637 625.287 617.362 605.427 569.516 35.9113 101.92 90.8478 37.7169 27.3679
internal_count=3124 613 564 2511 2477 2428 2285 143 409 365 155 112
is_linear=0
shrinkage=0.03


Tree=17
num_leaves=15
num_cat=0
split_feature=34 39 18 42 17 45 40 0 0 3 16 15 4 37
split_gain=12.2849 12.3045 13.2464 10.1935 10.4684 23.9077 13.34 16.4544 15.6972 9.92205 8.62703 7.83422 5.97544 5.04049
threshold=0.72601257693907872 0.19610215965068056 6.3290474458420141 -0.34092683201227775 2.9583554787808564 -0.0092221634584873421 0.025468590993159682 0.0056901507907729009 0.0015491148791281501 5.6577523799971269e-05 0.00050830607301915012 0.0025941189984809002 -0.00026629373826199995 -0.56492170275989018
decision_type=2 2 2 2 2 2 2 2 2 2 2 2 2 2
left_child=3 2 9 -1 6 -6 8 -8 -5 11 -11 -2 -4 -14
right_child=1 -3 12 4 5 -7 7 -9 -10 10 -12 -13 13 -15
leaf_value=0.031727482090223046 -0.033646298256535548 0.040827828226118544 0.040151243605189388 0.016526778738338091 -0.011087860323540777 0.046701765027720381 0.00018176422460172245 0.037060673875291647 -0.0091578515776080584 0.02606286657826239 0.00012875649197977373 -0.0036447979911402961 0.030031532992778283 0.0030098415168885433
leaf_weight=7.8652243465185157 9.5972810238599759 9.3432127237319929 10.295136719942091 22.837995201349258 13.247311025857927 12.142677992582319 262.71072432398796 11.221764892339705 295.11862005293369 17.724402159452438 33.599322110414505 42.683302268385887 9.8286312967538851 17.729511290788651
leaf_count=34 38 41 43 92 53 50 1052 46 1184 72 135 171 41 72
internal_value=0 0.00768519 0.00542343 -0.00185039 -0.00229313 0.0164856 -0.00311024 0.0017284 -0.00729192 -9.03582e-05 0.00922225 -0.00931858 0.0205738 0.01292
internal_weight=775.945 150.801 141.458 625.144 617.279 25.39 591.889 273.932 317.957 103.604 51.3237 52.2806 37.8533 27.5581
internal_count=3124 613 572 2511 2477 103 2374 1098 1276 416 207 209 156 113
is_linear=0
shrinkage=0.03


Tree=18
num_leaves=13
num_cat=0
split_feature=46 46 16 10 17 31 18 33 31 4 4 15
split_gain=11.7298 13.4328 10.4298 11.6025 18.5807 15.4516 8.19032 6.26219 6.65866 5.12631 3.09321 2.04059
threshold=0.52773904200533417 0.52290441049045489 -0.0019623979501532996 0.00074703449686130009 -1.7727134097732391 0.00062733472663166034 5.2349927775606977 0.016912004372871083 0.00043504663973690068 -0.00019174455799134997 9.9998141122010372e-05 0.0025994168135061503
decision_type=2 2 2 2 2 2 2 2 2 2 2 2
left_child=1 2 6 4 -4 -5 -1 8 9 11 -3 -2
right_child=7 10 3 5 -6 -7 -8 -9 -10 -11 -12 -13
leaf_value=0.0020791906990542601 -0.0072795964840469633 -0.038985966051325364 0.017691506765340401 0.0075147492563105061 -0.0052145096177966324 -0.017461652001197696 0.04174910886616149 -0.0075247441770760169 0.044665950368061966 0.030563271152979774 -0.012642950932158961 0.013363631771774005
leaf_weight=9.9518208056688326 8.3615423738956469 9.0613715499639529 34.167545288801193 200.79000034928322 436.06335029006004 24.844443380832672 9.1763547062873823 8.3720780462026578 8.1324960589408857 9.5765649527311343 8.6605936139821988 8.3431376516818982
leaf_count=40 35 37 139 809 1746 100 38 35 35 40 35 35
internal_value=7.18908e-07 -0.000886351 -0.000237812 -0.000846878 -0.00353545 0.00473491 0.0215202 0.0152468 0.0209254 0.013197 -0.0265783 0.00279083
internal_weight=775.501 732.715 714.994 695.865 470.231 225.634 19.1282 42.7858 34.4137 26.2812 17.722 16.7047
internal_count=3124 2944 2872 2794 1885 909 78 180 145 110 72 70
is_linear=0
shrinkage=0.03


Tree=19
num_leaves=14
num_cat=0
split_feature=34 39 18 42 33 10 9 31 3 10 33 3 32
split_gain=11.3751 11.5134 12.2204 9.46738 14.0733 9.55781 18.614 12.7638 9.18808 9.70914 7.3756 4.94681 5.99976
threshold=0.72601257693907872 0.19610215965068056 6.3290474458420141 -0.34092683201227775 0.014861272986185817 0.00094816059857280013 0.00073629218769415009 0.00062733472663166034 5.6577523799971269e-05 0.0011378186219504502 0.014714452391659484 0.00032217982659395005 0.2532626579667574
decision_type=2 2 2 2 2 2 2 2 2 2 2 2 2
left_child=3 2 8 -1 5 6 -5 -7 10 -10 -2 12 -4
right_child=1 -3 11 4 -6 7 -8 -9 9 -11 -12 -13 -14
leaf_value=0.030757384015082816 -0.032559428703211553 0.039730189284712995 0.0076029411124559111 -0.0016522003621846526 -0.034373867158780977 0.0082326868098927357 -0.021461813654693164 -0.017396836244718151 0.019752834543212607 -0.006612305937084677 -0.0034332632679884554 0.0053064400983582208 0.039802335896588242
leaf_weight=7.7801184356212607 9.5866350680589658 9.199010029435156 8.6893745511770266 403.4421813338995 11.862381041049955 134.12890438735485 47.704650104045868 19.875277325510979 30.339672192931175 20.956176847219467 42.675333023071289 14.124445885419844 14.877454966306685
leaf_count=34 38 41 35 1618 49 540 190 80 123 84 171 58 63
internal_value=1.15966e-06 0.00740822 0.00523148 -0.00177659 -0.00220148 -0.00155503 -0.00376329 0.00488212 -5.64371e-05 0.00890639 -0.00893975 0.0198217 0.0282429
internal_weight=775.242 150.448 141.249 624.794 617.013 605.151 451.147 154.004 103.558 51.2958 52.262 37.6913 23.5668
internal_count=3124 613 572 2511 2477 2428 1808 620 416 207 209 156 98
is_linear=0
shrinkage=0.03


Tree=20
num_leaves=16
num_cat=0
split_feature=37 37 18 18 33 45 17 13 14 33 5 43 16 20 45
split_gain=11.0777 10.929 19.7868 25.1883 18.5885 18.494 15.7492 13.959 12.4613 11.343 8.37045 7.51534 7.40005 7.18308 3.62688
threshold=-0.66144225869883611 -0.60666737344442978 6.4412269091823555 9.3005664638366259 0.014733100180859169 0.16777644204451517 -1.0000000180025095e-35 1.0000000180025095e-35 0.54038564612519424 0.014714918003658687 0.00049801042016726341 0.27591246307584183 -0.0010749075443602996 0.75000000000000011 0.2234172838650916
decision_type=2 2 2 2 2 2 2 2 2 2 2 2 2 2 2
left_child=10 2 9 6 5 7 -4 -3 -7 -2 -1 -12 -13 -6 -11
right_child=1 4 3 -5 13 8 -8 -9 -10 14 11 12 -14 -15 -16
leaf_value=0.037960735627997316 0.0004921619635975703 0.01565044370670483 -0.0010868654880284837 -0.026537395706981725 0.011726783948349473 0.044177620476034678 0.053602550839159109 -0.002863464737347931 -0.00070860029692173989 -0.052310453694306626 -0.011586844591962315 -0.0033929864269135381 0.032769674628024437 0.044838057226439187 -0.027762484289619502
leaf_weight=10.509398519992827 9.1824529618024808 38.935079962015152 8.8762331008911168 13.246556341648104 15.235567495226862 13.386703521013262 9.6312356293201411 577.75776527822018 9.1159787476062757 10.227933555841448 11.949716195464132 8.2512095272541028 12.235632956027986 10.208219319581984 16.065712928771973
leaf_count=45 37 157 36 53 62 55 40 2315 37 41 49 35 53 43 66
internal_value=1.31344e-06 -0.00086308 -0.0123774 0.00470095 0.000297387 -0.000699412 0.0273343 -0.00168377 0.025911 -0.0277457 0.0147881 0.00700198 0.0180681 0.025372 -0.0377241
internal_weight=774.815 731.869 67.2301 31.754 664.639 639.196 18.5075 616.693 22.5027 35.4761 42.946 32.4366 20.4868 25.4438 26.2936
internal_count=3124 2942 273 129 2669 2564 76 2472 92 144 182 137 88 105 107
is_linear=0
shrinkage=0.03


Tree=21
num_leaves=11
num_cat=0
split_feature=34 43 34 17 45 17 15 31 33 43
split_gain=10.6701 10.7008 9.85547 9.56566 22.5181 11.7913 14.6848 13.243 9.02097 7.99675
threshold=0.72601257693907872 0.26635132426947644 0.73489681983321564 2.9583554787808564 -0.0092221634584873421 2.2602496891335919 0.0026763725323555505 0.00060663864226751288 0.014713790664760766 -0.14291346996542609
decision_type=2 2 2 2 2 2 2 2 2 2
left_child=3 2 -2 5 -5 6 7 -1 -4 -10
right_child=1 -3 8 4 -6 -7 -8 -9 9 -11
leaf_value=-0.0011767174888069535 0.031986030534972898 0.035579713495141808 -0.025665937445393847 -0.010454229596855807 0.045676888811387761 -0.028778210857561024 0.033378136181596893 -0.018801649311622468 -0.01294701236342418 0.0081749919040646785
leaf_weight=532.4452018737793 10.985759347677229 10.966657564043997 9.2944913208484632 13.256524130702021 12.090163066983221 14.847052976489065 10.316772311925886 41.283019796013832 18.958777412772179 99.857781499624252
leaf_count=2141 45 49 37 53 50 59 43 165 76 406
internal_value=1.88936e-06 0.00718628 0.00487945 -0.0017193 0.0162546 -0.00249139 -0.00180824 -0.00245736 0.00248524 0.00475479
internal_weight=774.302 150.063 139.097 624.239 25.3467 598.892 584.045 573.728 128.111 118.817
internal_count=3124 613 564 2511 103 2408 2349 2306 519 482
is_linear=0
shrinkage=0.03


Tree=22
num_leaves=12
num_cat=0
split_feature=46 34 39 33 10 31 31 7 43 14 15
split_gain=10.4841 9.92181 10.0155 10.1799 8.70263 14.9987 14.7824 11.6509 8.118 7.41051 5.81693
threshold=-0.48070520502433606 0.72601257693907872 0.19610215965068056 0.014713790664760766 0.00094816059857280013 0.00031500670187925263 0.00062733472663166034 -0.00035639120895779997 -0.14291346996542609 -0.84790025987149875 0.0025982370211270504
decision_type=2 2 2 2 2 2 2 2 2 2 2
left_child=-1 4 3 -3 7 -6 -7 10 -5 -9 -2
right_child=1 2 -4 8 5 6 -8 9 -10 -11 -12
leaf_value=-0.026484795323511966 -0.0023060738724608792 -0.023775581515855081 0.038039008803104797 -0.010444456008868692 -0.030228280472637297 0.011445030156615792 -0.016202476681785136 -8.4571345571539971e-05 0.010758898336024843 -0.0088536688907719895 0.013273127782852568
leaf_weight=13.064330920577047 37.112964957952499 9.7844744920730573 8.9347887337207776 18.702063485980034 9.9689435064792615 122.39175367355347 20.031195759773254 139.56930197775364 110.94826121628284 233.58205276727676 49.855451136827469
leaf_count=52 149 39 41 75 40 494 81 563 452 936 202
internal_value=1.96428e-06 0.000467786 0.00742847 0.00539598 -0.00121237 0.00498637 0.00751201 -0.00327613 0.00765711 -0.00558718 0.00658067
internal_weight=773.946 760.881 148.37 139.435 612.512 152.392 142.423 460.12 129.65 373.151 86.9684
internal_count=3124 3072 607 566 2465 615 575 1850 527 1499 351
is_linear=0
shrinkage=0.03


Tree=23
num_leaves=16
num_cat=0
split_feature=37 37 18 18 33 45 17 18 14 33 5 43 3 20 45
split_gain=9.95316 10.3648 18.806 23.3776 17.0186 17.2809 14.9302 13.479 11.7827 10.8361 7.86948 7.03912 8.88829 6.76401 3.92548
threshold=-0.66144225869883611 -0.60666737344442978 6.4412269091823555 9.3005664638366259 0.014733100180859169 0.16777644204451517 -1.0000000180025095e-35 9.6498641261700815 0.54038564612519424 0.014714635661425739 0.00049801042016726341 0.27591246307584183 -0.00027836704838154997 0.75000000000000011 0.2234172838650916
decision_type=2 2 2 2 2 2 2 2 2 2 2 2 2 2 2
left_child=10 2 9 6 5 7 -4 -3 -7 -2 -1 -12 -13 -6 -11
right_child=1 4 3 -5 13 8 -8 -9 -10 14 11 12 -14 -15 -16
leaf_value=0.036697714477305597 0.0021078764261436185 -0.0030946551582899003 -0.0011534158451434267 -0.025501659645166617 0.011149620399156011 0.042895619776663875 0.052183332664003351 0.011520954173971778 -0.00077551894315620103 -0.051320889116670307 -0.01147608203398497 -0.002675069776492664 0.036474179239221381 0.043416988989630499 -0.026257111432114105
leaf_weight=10.379434227943419 8.4151030629873258 553.31121173501015 8.8686788827180898 13.213728711009027 15.190913110971453 13.357276961207392 9.5634831637144053 63.05137911438942 9.1032696366310102 10.396445065736772 11.913578331470488 9.8915757387876493 10.409070342779161 10.089516699314116 16.484841123223305
leaf_count=45 34 2217 36 53 62 55 40 255 37 42 49 42 46 43 68
internal_value=8.34432e-07 -0.000815909 -0.012055 0.00461325 0.000312697 -0.000638375 0.0264759 -0.0015898 0.0251089 -0.0270826 0.0140778 0.00651426 0.0172988 0.0243847 -0.0363481
internal_weight=773.64 731.046 66.9423 31.6459 664.104 638.823 18.4322 616.363 22.4605 35.2964 42.5937 32.2142 20.3006 25.2804 26.8813
internal_count=3124 2942 273 129 2669 2564 76 2472 92 144 182 137 88 105 110
is_linear=0
shrinkage=0.03


Tree=24
num_leaves=13
num_cat=0
split_feature=46 34 39 18 3 40 17 17 0 31 19 47
split_gain=9.82238 9.32656 9.31888 10.8613 8.60046 8.42421 20.8363 15.5145 14.4607 12.4001 6.26693 5.0222
threshold=-0.48070520502433606 0.72601257693907872 0.19610215965068056 6.4773509330559014 5.6577523799971269e-05 0.030810163897910723 2.9583554787808564 -0.41120803675851386 0.0014710086912861503 0.00071110485777556613 0.074999999999874958 -0.51568927844609214
decision_type=2 2 2 2 2 2 2 2 2 2 2 2
left_child=-1 5 3 4 -3 6 7 -2 11 -10 -5 -7
right_child=1 2 -4 10 -6 8 -8 -9 9 -11 -12 -13
leaf_value=-0.025663406372709908 -0.018282062976731971 -0.0083456789024333421 0.037048700041166442 0.027935341195953648 0.0089741212431630833 -0.035057590063904208 0.029772073227065331 -0.0024259070395604046 0.007096063566338272 -0.023442428476580256 0.00097767190838077994 -0.004862298437034708
leaf_weight=13.036009863018988 69.304013028740883 51.691832333803177 8.7582321316003782 24.531494721770287 51.194556832313538 10.628159388899805 15.503892183303831 282.5198772996664 211.51024974882603 12.480811730027197 11.852539509534834 10.011494114995001
leaf_count=52 278 207 41 103 207 42 64 1141 850 50 49 40
internal_value=1.45701e-06 0.000452582 0.00721005 0.00526349 0.00022921 -0.00117602 -0.00405316 -0.00556858 0.00312563 0.00535983 0.0193168 -0.0207682
internal_weight=773.023 759.987 148.029 139.27 102.886 611.958 367.328 351.824 244.631 223.991 36.384 20.6397
internal_count=3124 3072 607 566 414 2465 1483 1419 982 900 152 82
is_linear=0
shrinkage=0.03


Tree=25
num_leaves=7
num_cat=0
split_feature=42 33 43 46 46 4
split_gain=9.47245 12.5969 12.2325 11.2491 9.71375 7.02669
threshold=-0.34092683201227775 0.014861272986185817 0.26635132426947644 0.52290441049045489 0.12169504472766809 -0.00020311151509114998
decision_type=2 2 2 2 2 2
left_child=-1 2 3 4 -2 -4
right_child=1 -3 5 -5 -6 -7
leaf_value=0.030958636698037351 -0.0028236503895329567 -0.029975835768634964 0.005005600677367562 -0.026400498780912898 0.0044039921044523832 0.035442332688955538
leaf_weight=8.6475814878940565 437.88515116274357 12.553356319665907 14.970132902264597 14.752453207969664 270.64724640548229 13.148836672306059
leaf_count=39 1757 53 63 60 1095 57
internal_value=1.15581e-06 -0.000349386 0.000145466 -0.000605032 -5.61171e-05 0.01951
internal_weight=772.605 763.957 751.404 723.285 708.532 28.119
internal_count=3124 3085 3032 2912 2852 120
is_linear=0
shrinkage=0.03


Tree=26
num_leaves=7
num_cat=0
split_feature=46 42 33 43 46 3
split_gain=9.20954 8.75449 12.2694 11.0178 11.0151 6.77094
threshold=-0.48070520502433606 -0.34092683201227775 0.014861272986185817 0.26635132426947644 0.52290441049045489 -4.4887474014919241e-05
decision_type=2 2 2 2 2 2
left_child=-1 -2 3 4 -3 -5
right_child=1 2 -4 5 -6 -7
leaf_value=-0.02488093315608858 0.03033423853895701 0.00040873551047089957 -0.029194876185679813 0.0060820423179911336 -0.02569521260922639 0.036350271908914884
leaf_weight=13.003475233912466 8.5651574283838254 695.49960654973984 12.507194161415098 16.355207785964016 14.707458153367041 11.691658258438109
leaf_count=52 39 2800 53 69 60 51
internal_value=1.26311e-06 0.000438126 8.50684e-05 0.000593041 -0.00013082 0.0189855
internal_weight=772.33 759.326 750.761 738.254 710.207 28.0469
internal_count=3124 3072 3033 2980 2860 120
is_linear=0
shrinkage=0.03


Tree=27
num_leaves=13
num_cat=0
split_feature=34 43 17 33 17 45 17 17 32 0 34 37
split_gain=8.72229 8.819 14.4189 10.3429 8.2106 20.8928 10.9882 9.33448 20.857 10.88 7.33286 6.03044
threshold=0.72601257693907872 -0.14291346996542609 -0.60023424710262396 0.014713790664760766 2.9583554787808564 -0.0092221634584873421 2.2602496891335919 1.554156054184084 0.079682993384040779 0.0059195400584423014 0.73489681983321564 -0.63114920784547979
decision_type=2 2 2 2 2 2 2 2 2 2 2 2
left_child=4 2 -2 -3 6 -6 7 9 -9 -1 -5 -12
right_child=1 3 -4 10 5 -7 -8 8 -10 -11 11 -13
leaf_value=-0.0038538660526182635 0.01861035878459601 -0.021072225267409966 -0.030889524857570152 0.037428535531793719 -0.010504044742501002 0.04373164608160568 -0.027667897062732174 -0.034637414025662248 0.014069091353232057 0.021826478373148672 0.026275624959127695 0.0065760764220310951
leaf_weight=492.75345847010612 8.6013369560241717 8.9826497733592969 13.053540304303167 9.3329942971467954 13.2464467138052 11.950435027480124 14.818041443824766 8.7983431816101056 66.247504591941833 15.116850599646567 16.684545382857323 92.448923170566559
leaf_count=1982 35 36 52 39 53 50 59 35 270 62 74 377
internal_value=1.22143e-06 0.00652096 -0.011029 0.0095476 -0.00155331 0.015148 -0.00226849 -0.00160815 0.00824121 -0.00307441 0.011931 0.00966089
internal_weight=772.035 149.104 21.6549 127.449 622.931 25.1969 597.734 582.916 75.0458 507.87 118.466 109.133
internal_count=3124 613 87 526 2511 103 2408 2349 305 2044 490 451
is_linear=0
shrinkage=0.03


Tree=28
num_leaves=7
num_cat=0
split_feature=46 42 33 16 32 18
split_gain=8.59587 8.28937 11.7275 8.78275 13.8183 7.42037
threshold=-0.48070520502433606 -0.34092683201227775 0.030914266433439804 -0.0019623979501532996 0.9828929180989574 5.2349927775606977
decision_type=2 2 2 2 2 2
left_child=-1 -2 3 5 -5 -3
right_child=1 2 -4 4 -6 -7
leaf_value=-0.024076425729211894 0.029678965425884954 0.0029955250818862926 -0.033957875232411325 0.00081941488161846028 -0.019935936439016817 0.039969500882529659
leaf_weight=12.961120426654814 8.4685386717319471 11.115350142121317 8.8463234901428205 691.17458088696003 29.976533263921738 9.0303736925125104
leaf_count=52 39 45 38 2792 120 38
internal_value=1.53676e-06 0.000423525 8.13889e-05 0.000500456 -4.10633e-05 0.0199638
internal_weight=771.573 758.612 750.143 741.297 721.151 20.1457
internal_count=3124 3072 3033 2995 2912 83
is_linear=0
shrinkage=0.03


Tree=29
num_leaves=15
num_cat=0
split_feature=42 17 32 41 46 47 0 34 33 7 17 28 34 33
split_gain=8.22379 8.78915 19.1195 15.8222 17.2889 14.8024 14.8018 15.2528 14.2736 11.4637 10.4207 5.944 5.15974 5.45475
threshold=-0.31827793683254962 1.5655892322184453 0.14512866374623593 -0.043559841264331135 -0.066986075207225534 0.77948708052183391 0.0017725082791987003 0.71685145907532177 0.01473749772761208 -9.6769276044325969e-05 2.1007691063188552 0.18188216215719752 0.65894112621461565 0.014716929879577989
decision_type=2 2 2 2 2 2 2 2 2 2 2 2 2 2
left_child=12 5 11 10 -5 8 -7 -8 9 -2 -4 -3 13 -1
right_child=1 2 3 4 -6 6 7 -9 -10 -11 -12 -13 -14 -15
leaf_value=-0.011839319181284939 0.0040490881365627378 0 0.034395871447512494 0.008130656799933288 -0.035809992425306067 0.013465587437663852 -0.036114118238322945 0.0017074889377837459 0.036244940488994321 -0.0048350148364715911 0.009023724861438244 -0.032165129327749717 0.032244900330617748 0.018208616952396919
leaf_weight=8.7017026990652102 216.63442161679268 8.7012464255094546 30.059461131691933 37.71515879034996 10.079231321811674 11.283858880400656 31.170704916119576 13.496529698371885 9.1168550103902799 328.19708940386772 29.589052990078926 12.743009716272352 10.292329937219618 13.572305753827093
leaf_count=36 871 35 125 152 40 46 130 55 39 1315 122 51 49 58
internal_value=1.49179e-06 -0.000644341 0.00646042 0.0116504 -0.00112506 -0.00215435 -0.016842 -0.0246182 -0.00065856 -0.00129414 0.0219393 -0.0192349 0.0147259 0.00626855
internal_weight=771.353 738.787 128.887 107.443 47.7944 609.899 55.9511 44.6672 553.948 544.832 59.6485 21.4443 32.5663 22.274
internal_count=3124 2981 525 439 192 2456 231 185 2225 2186 247 86 143 94
is_linear=0
shrinkage=0.03


Tree=30
num_leaves=7
num_cat=0
split_feature=46 42 33 43 46 4
split_gain=8.04783 7.71163 11.1072 10.1893 10.141 6.44876
threshold=-0.48070520502433606 -0.34092683201227775 0.014861272986185817 0.26635132426947644 0.52290441049045489 -0.00020311151509114998
decision_type=2 2 2 2 2 2
left_child=-1 -2 3 4 -3 -5
right_child=1 2 -4 5 -6 -7
leaf_value=-0.023334071484548257 0.028842463413284784 0.00038531995808859307 -0.028010175550600279 0.0044215370498293998 -0.024760626409273519 0.033771922758876992
leaf_weight=12.918171361088751 8.3404414206743223 694.73604665696621 12.300152540206907 14.860214948654177 14.588255435228346 12.915895000100134
leaf_count=52 39 2800 53 63 60 57
internal_value=2.17212e-06 0.000410492 8.23463e-05 0.000562839 -0.000130625 0.0183387
internal_weight=770.659 757.741 749.401 737.1 709.324 27.7761
internal_count=3124 3072 3033 2980 2860 120
is_linear=0
shrinkage=0.03


Tree=31
num_leaves=11
num_cat=0
split_feature=38 45 16 32 40 18 3 19 7 25
split_gain=7.64952 8.1309 9.65727 11.7073 10.7423 6.82805 6.76719 6.65568 4.4259 3.85166
threshold=0.36712694808913909 0.25318597210841315 -0.0019623979501532996 0.9828929180989574 0.1266099974019729 5.2349927775606977 -0.00027836704838154997 0.091666666666513866 0.00020139159718225003 0.98540795384032709
decision_type=2 2 2 2 2 2 2 2 2 2
left_child=1 2 5 4 -4 -1 -3 -5 -8 -2
right_child=9 6 3 7 -6 -7 8 -9 -10 -11
leaf_value=0.0021967693965341852 0.03336380438033882 -0.0015248787516011426 -0.00027486280496142419 -0.036463664964788665 -0.023806006862152531 0.038726255778795647 0.037414726049158881 -0.0069901665962912325 0.0084059341626065466 0.0044502025142338685
leaf_weight=9.926274314522745 8.8584190160036105 14.85677847266197 652.35045200586319 12.835637003183367 17.806208893656731 8.9514509886503202 11.216381788253786 15.895358353853224 9.1146607697010023 8.537581652402876
leaf_count=40 37 64 2632 51 71 38 52 64 40 35
internal_value=2.08214e-06 -0.000448295 -0.00114551 -0.0017252 -0.000911991 0.0199236 0.0135907 -0.0204343 0.0247862 0.0195895
internal_weight=770.349 752.953 717.765 698.888 670.157 18.8777 35.1878 28.731 20.331 17.396
internal_count=3124 3052 2896 2818 2703 78 156 115 92 72
is_linear=0
shrinkage=0.03


Tree=32
num_leaves=27
num_cat=0
split_feature=36 40 16 31 14 32 9 39 18 18 18 5 33 28 0 32 5 17 33 3 18 20 31 16 10 14
split_gain=8.35207 20.3567 21.3097 16.0906 19.8931 15.7126 12.3703 11.4999 32.8597 21.7874 11.569 11.3394 11.0409 17.2281 14.7703 18.7132 13.9383 11.4529 10.7844 13.3699 9.84466 8.9058 21.3813 8.01916 7.44961 7.39921
threshold=-0.086789335675148432 -0.11032745927960218 -0.0011270905265552999 0.00050327060854969663 -1.2362341654222304 0.32434660595584441 -0.00092886253914674984 -0.025895477275438519 -0.084165925413435191 0.81656904023379118 9.2366186147096787 0.00051567093091848864 0.014718191568119187 0.41555219177257224 0.0013669446135338502 0.31813990252378249 0.00058218362921527256 0.0068247800759761003 0.014716161923560496 0.00027459493404955007 -0.51552646924893797 0.25000000000000006 0.00037372928845235467 -0.00053299062873769993 0.0021416778570161501 -1.3494802313921579
decision_type=2 2 2 2 2 2 2 2 2 2 2 2 2 2 2 2 2 2 2 2 2 2 2 2 2 2
left_child=1 2 6 4 -4 -5 -1 12 20 11 -11 -10 14 17 -2 -16 -15 -14 21 25 -9 22 -3 -23 -21 -20
right_child=7 18 3 5 -6 -7 -8 8 9 10 -12 -13 13 16 15 -17 -18 -19 19 24 -22 23 -24 -25 -26 -27
leaf_value=-0.0079406398099270466 -0.022859200965203896 -0.045604523372419929 0.035747208180213222 -0.011566573249325843 -0.01067106711077433 0.031832734444617462 -0.052666349668498653 0.0024601339313799664 -0.050797226845311745 -0.012643689998006566 0.012310875238834841 -0.01397070668330435 -0.039311538054370258 -0.0150948915954324 0.016994990342076244 -0.0022264578878940602 0.014682811663842004 -0.0054567179046866518 0.0086731105935315411 -0.0062529615682915705 0.044684085693370089 0.026509392837405329 0.013960693409181503 0.00035641105989697497 0.026053048637542545 0.031354228464611653
leaf_weight=11.275505274534227 15.585681259632109 10.156674429774286 9.0501606017351133 10.748692855238913 83.30599308013916 23.370543971657753 11.526228800415991 9.2300807386636752 19.062076479196548 85.092108517885208 20.499079287052155 13.2797634601593 19.400517836213112 23.518992319703102 90.958756282925606 90.449376851320267 34.858862102031708 17.40191362798214 18.850072100758553 25.559341847896576 11.302391424775122 15.554286599159239 11.174995243549345 33.273519650101662 8.3880909532308561 47.235540270805359
leaf_count=46 62 40 37 44 339 98 47 37 75 340 83 53 77 94 367 363 143 70 78 105 46 65 45 136 35 199
internal_value=2.47246e-06 0.00371791 -0.00434454 0.000446026 -0.00602321 0.0180384 -0.0309419 -0.00262187 -0.0091277 -0.0144233 -0.00774596 -0.0359488 0.000894153 -0.0074697 0.0049607 0.00739255 0.00260129 -0.0235123 0.0108136 0.0171357 0.026076 0.00171808 -0.0143111 0.0088351 0.00167707 0.024987
internal_weight=770.109 319.47 149.277 126.475 92.3562 34.1192 22.8017 450.64 158.465 137.933 105.591 32.3418 292.174 95.1803 196.994 181.408 58.3779 36.8024 170.193 100.033 20.5325 70.1595 21.3317 48.8278 33.9474 66.0856
internal_count=3124 1314 611 518 376 142 93 1810 634 551 423 128 1176 384 792 730 237 147 703 417 83 286 85 201 140 277
is_linear=0
shrinkage=0.03


Tree=33
num_leaves=17
num_cat=0
split_feature=34 34 37 8 45 46 30 7 44 25 4 35 37 37 28 34
split_gain=7.93751 8.24051 8.52966 7.91063 7.38219 11.7362 15.4111 12.2095 10.1224 9.62324 10.7363 8.32063 7.23051 6.90818 6.29272 6.14782
threshold=0.72601257693907872 0.73489681983321564 -0.62449564004810321 0.00018239285725125002 -0.14243966153505158 -0.4319085800326774 -2.5239106668670845 -0.00035639120895779997 0.16048945898567826 -0.56890136652946965 0.00043720682664590005 -0.14800228391248388 0.51641363017346309 0.47474325576334125 0.36454005409907103 0.86609122500066349
decision_type=2 2 2 2 2 2 2 2 2 2 2 2 2 2 2 2
left_child=4 -2 14 13 9 6 -6 11 -9 -1 -11 -7 -8 -4 -3 -5
right_child=1 2 3 15 5 7 12 8 -10 10 -12 -13 -14 -15 -16 -17
leaf_value=0.012243704359705752 0.03056112795887532 0.041956096112261192 -0.0011112720082637759 0.0047464331530754841 -0.022553353252968207 -0.0089568721358469668 0.031220503100731885 -0.0087709950743618554 0.00028304376645137841 -0.044473968982174331 -0.006067893188608434 0.013334684832926767 0.0074959462543753054 -0.026231123950555768 0.0075826280010790033 0.031754100607821113
leaf_weight=8.6983713954687101 11.468278557062147 8.2980192154645938 55.315509334206581 39.64271391928196 9.3193189203739148 19.119857385754585 23.184300899505615 213.75674687325954 229.35192738473415 12.080956265330316 14.910952299833296 66.350368693470955 24.406919598579407 11.962226882576941 12.213237360119818 9.444299250841139
leaf_count=35 48 37 225 162 37 79 94 856 936 48 60 268 98 48 54 39
internal_value=1.81247e-06 0.00623887 0.00413694 0.000941316 -0.00148157 -0.000664284 0.0122505 -0.00206637 -0.00407599 -0.0147044 -0.0235741 0.00828851 0.0192095 -0.00569283 0.0219102 0.010115
internal_weight=769.524 148.344 136.876 116.365 621.18 585.489 56.9105 528.579 443.109 35.6903 26.9919 85.4702 47.5912 67.2777 20.5113 49.087
internal_count=3124 613 565 474 2511 2368 229 2139 1792 143 108 347 192 273 91 201
is_linear=0
shrinkage=0.03


Tree=34
num_leaves=19
num_cat=0
split_feature=34 34 18 18 46 19 5 15 37 18 36 36 38 37 25 18 7 38
split_gain=7.48678 7.78892 8.44519 13.4443 8.47017 7.09988 7.06724 13.1898 9.09104 10.9926 11.4554 10.7986 7.79569 7.97796 5.17394 4.42016 3.85552 3.60263
threshold=0.72601257693907872 0.73489681983321564 4.9640668324967754 3.9782621187750133 0.15393163260276568 0.074999999999874958 0.00058430180752268074 0.0026112270922551005 0.51436789500649904 2.6550662582768014 -0.39458233320826136 -0.065457232047300626 0.31948766397848233 -0.67137607828484025 0.9604515140914105 3.5124072990186286 -3.39002118927677e-05 0.35817294797848259
decision_type=2 2 2 2 2 2 2 2 2 2 2 2 2 2 2 2 2 2
left_child=6 -2 3 4 -3 16 7 12 9 11 -11 -8 13 -1 15 -9 -4 -14
right_child=1 2 5 -5 -6 -7 8 14 -10 10 -12 -13 17 -15 -16 -17 -18 -19
leaf_value=0.020773843302804611 0.029752547841409356 -0.0054571993171110365 0.034762166802889814 -0.034767729270251964 0.014535677770671773 -0.0020556010449108578 0.0061696799830997006 -0.014016738141701493 -0.022131302044706043 -0.024653989380418666 0.0047314365807229909 0.039049290975858048 0.027948081984277787 -0.0035180138518359221 -0.0016189069194618337 -0.03947075031621982 0.013032255928086109 0.0020339993295034483
leaf_weight=12.365794345736502 11.431187197566031 46.777723059058189 13.170274809002875 9.5798127055168134 31.818831399083138 15.982176020741461 22.228685930371284 12.7679310888052 10.978828817605971 13.408590912818907 99.002159804105759 15.498809128999708 10.833489611744882 390.93168276548386 9.9146875441074354 13.741566255688666 19.388065457344055 9.3761779963970167
leaf_count=55 48 188 56 38 136 66 92 52 44 54 402 63 44 1572 40 55 81 38
internal_value=2.51699e-06 0.00606472 0.00402082 -0.00146829 0.00259179 0.0140583 -0.00143746 -0.00333671 0.00395436 0.00591199 0.00115812 0.0198969 -0.00183164 -0.00275458 -0.020634 -0.0275278 0.022079 0.01625
internal_weight=769.196 148.148 136.717 88.1764 78.5966 48.5405 621.048 459.931 161.117 150.138 112.411 37.7275 423.507 403.297 36.4242 26.5095 32.5583 20.2097
internal_count=3124 613 565 362 324 203 2511 1856 655 611 456 155 1709 1627 147 107 137 82
is_linear=0
shrinkage=0.03


end of trees

feature_importances:
Column_18=42
Column_34=36
Column_33=29
Column_17=27
Column_46=26
Column_42=20
Column_31=19
Column_32=18
Column_15=17
Column_37=17
Column_3=15
Column_5=15
Column_43=15
Column_47=15
Column_0=12
Column_45=12
Column_10=10
Column_20=9
Column_41=9
Column_4=8
Column_16=8
Column_19=7
Column_23=6
Column_25=6
Column_38=6
Column_39=6
Column_7=5
Column_9=5
Column_14=5
Column_28=5
Column_40=5
Column_13=4
Column_36=4
Column_26=3
Column_29=3
Column_44=2
Column_8=1
Column_30=1
Column_35=1

parameters:
[boosting: gbdt]
[objective: binary]
[metric: binary_logloss]
[tree_learner: serial]
[device_type: cpu]
[data_sample_strategy: bagging]
[data: ]
[valid: ]
[num_iterations: 500]
[learning_rate: 0.03]
[num_leaves: 31]
[num_threads: 1]
[seed: 2024]
[deterministic: 0]
[force_col_wise: 0]
[force_row_wise: 0]
[histogram_pool_size: -1]
[max_depth: 5]
[min_data_in_leaf: 35]
[min_sum_hessian_in_leaf: 0.001]
[bagging_fraction: 0.8]
[pos_bagging_fraction: 1]
[neg_bagging_fraction: 1]
[bagging_freq: 0]
[bagging_seed: 4542]
[bagging_by_query: 0]
[feature_fraction: 0.8]
[feature_fraction_bynode: 1]
[feature_fraction_seed: 13336]
[extra_trees: 0]
[extra_seed: 29642]
[early_stopping_round: 0]
[early_stopping_min_delta: 0]
[first_metric_only: 0]
[max_delta_step: 0]
[lambda_l1: 0.15]
[lambda_l2: 0.15]
[linear_lambda: 0]
[min_gain_to_split: 0]
[drop_rate: 0.1]
[max_drop: 50]
[skip_drop: 0.5]
[xgboost_dart_mode: 0]
[uniform_drop: 0]
[drop_seed: 2449]
[top_rate: 0.2]
[other_rate: 0.1]
[min_data_per_group: 100]
[max_cat_threshold: 32]
[cat_l2: 10]
[cat_smooth: 10]
[max_cat_to_onehot: 4]
[top_k: 20]
[monotone_constraints: ]
[monotone_constraints_method: basic]
[monotone_penalty: 0]
[feature_contri: ]
[forcedsplits_filename: ]
[refit_decay_rate: 0.9]
[cegb_tradeoff: 1]
[cegb_penalty_split: 0]
[cegb_penalty_feature_lazy: ]
[cegb_penalty_feature_coupled: ]
[path_smooth: 0]
[interaction_constraints: ]
[verbosity: -1]
[saved_feature_importance_type: 0]
[use_quantized_grad: 0]
[num_grad_quant_bins: 4]
[quant_train_renew_leaf: 0]
[stochastic_rounding: 1]
[linear_tree: 0]
[max_bin: 255]
[max_bin_by_feature: ]
[min_data_in_bin: 3]
[bin_construct_sample_cnt: 200000]
[data_random_seed: 6648]
[is_enable_sparse: 1]
[enable_bundle: 1]
[use_missing: 1]
[zero_as_missing: 0]
[feature_pre_filter: 1]
[pre_partition: 0]
[two_round: 0]
[header: 0]
[label_column: ]
[weight_column: ]
[group_column: ]
[ignore_column: ]
[categorical_feature: ]
[forcedbins_filename: ]
[precise_float_parser: 0]
[parser_config_file: ]
[objective_seed: 12337]
[num_class: 1]
[is_unbalance: 0]
[scale_pos_weight: 1]
[sigmoid: 1]
[boost_from_average: 1]
[reg_sqrt: 0]
[alpha: 0.9]
[fair_c: 1]
[poisson_max_delta_step: 0.7]
[tweedie_variance_power: 1.5]
[lambdarank_truncation_level: 30]
[lambdarank_norm: 1]
[label_gain: ]
[lambdarank_position_bias_regularization: 0]
[eval_at: ]
[multi_error_top_k: 1]
[auc_mu_weights: ]
[num_machines: 1]
[local_listen_port: 12400]
[time_out: 120]
[machine_list_filename: ]
[machines: ]
[gpu_platform_id: -1]
[gpu_device_id: -1]
[gpu_use_dp: 0]
[num_gpu: 1]

end of parameters

pandas_categorical:null
