tree
version=v4
num_class=1
num_tree_per_iteration=1
label_index=0
max_feature_idx=31
objective=binary sigmoid:1
feature_names=Column_0 Column_1 Column_2 Column_3 Column_4 Column_5 Column_6 Column_7 Column_8 Column_9 Column_10 Column_11 Column_12 Column_13 Column_14 Column_15 Column_16 Column_17 Column_18 Column_19 Column_20 Column_21 Column_22 Column_23 Column_24 Column_25 Column_26 Column_27 Column_28 Column_29 Column_30 Column_31
feature_infos=[1.4374083741530941:95.571774830102527] [-205.98025348506053:198.67067128668717] [-0.50531378337163457:1.4278254595920472] [0.0007128896551956:0.0105346442082783] [0:1] [0:1] [-0.0026267000594603:0.002395622526629] [-0.0049543542082845001:0.0046664484055075998] [0.00036989164564563387:0.0008761628524284117] [-1:1] [-0.0033916117622078:0.0031452248359878001] [-0.0037186522153189001:0.0034613560483747001] [-0.0055732991847768998:0.0056470422420481] [0:1] [0:1] [-13.315240501238348:7.8889927132979967] [-0.003963176736341:0.0040062786260476003] [-0.85860397591188198:10] [0:0.64999999999891667] [0.20000000000000001:1] [0.014501455976591006:86.257245637643322] [0:1] [0:0.30869327172036926] [0:0.3245230775890714] [0.47601591124139153:1.9992785641873199] [0:0.00081368124302615879] [-0.68421052631578949:0.68421052631578938] [0:0.55790155670335106] [0:1.8709327185332285] [0.13294966071064229:0.90000000000000002] [0:0.83785413984727142] [0:0.59853892322410107]
tree_sizes=2490 3212 2923 2583 2596 2069 2705 2717 3447 3001 2166 2705 3147 2599 2180 2595 3135 2825 3009 2710 2500 2897 2709

Tree=0
num_leaves=22
num_cat=0
split_feature=25 12 25 25 17 17 21 27 30 8 31 26 15 27 26 21 27 12 1 25 27
split_gain=49.7967 14.365 20.7598 16.7279 17.3666 26.9318 24.4527 20.3759 18.0885 18.0459 12.5464 11.2956 8.00211 7.35103 8.15448 8.41245 6.18091 5.92941 5.40742 3.49267 0.0361408
threshold=0.00061121818234294377 -0.0016479065863441997 0.00048320664754074972 0.00043427034657079452 9.311550605186774 2.4179053744320753 0.75296431487607873 0.30776553824883696 0.14206436129032465 0.00050979462894798738 0.2951552898312218 0.2105263157894737 -0.028906343349561697 0.19138674939008099 -0.2105263157894737 0.6588506934213747 0.28756850886319224 -0.0025256114010642999 -33.731546184993924 0.00052415294721909153 0.06237627438794472
decision_type=2 2 2 2 2 2 2 2 2 2 2 2 2 2 2 2 2 2 2 2 2
left_child=1 2 16 12 5 8 9 -7 -5 -6 17 -8 -3 18 -15 -16 -1 -4 -2 -19 -20
right_child=13 3 10 4 6 7 11 -9 -10 -11 -12 -13 -14 14 15 -17 -18 19 20 -21 -22
leaf_value=-0.030913826663644249 -0.019270498271198703 0.039369119512648508 0.011533359376957058 0.00127964774977885 -0.0076499038799109857 0.015897582245575397 -0.0027301867945094859 -0.033260499143202421 -0.015167986972681796 -0.043699318631798857 -0.007213099141373999 0.03800495655086901 0.0011028318476187975 0.0018197840032476954 -0.050026009106499805 -0.0092294466411524684 0.006075942427218331 0.051584737482387753 -0.043134446980382796 0.029267659457090488 -0.058208392518216849
leaf_weight=8.5934316962957364 8.0647834688425082 14.435805737972261 10.012241482734675 250.11687581241131 25.408154457807541 131.58335918188095 23.212602689862255 7.8597777336835852 78.932433009147644 25.300145000219345 8.4693848192691785 8.0864239484071714 7.8058694750070563 11.609006404876711 9.2515369206666964 9.6022300124168378 7.2070826292037955 12.839040815830236 7.7896391153335554 17.43515008687973 7.3850377649068832
leaf_count=39 35 48 38 995 105 491 94 36 336 120 35 27 31 46 45 40 28 40 37 61 37
internal_value=-2.25566e-08 0.00234026 0.0157427 0.000818023 -0.000207693 0.00201447 -0.0129377 0.0130618 -0.00265726 -0.0258005 0.0254417 0.00778214 0.0262376 -0.0277019 -0.0176047 -0.029722 -0.0138611 0.0324192 -0.0405472 0.0390877 -0.0512621
internal_weight=691 637.298 64.5563 572.741 550.5 468.492 82.0073 139.443 329.049 50.7083 48.7558 31.299 22.2417 53.7022 30.4628 18.8538 15.8005 40.2864 23.2395 30.2742 15.1747
internal_count=2764 2524 241 2283 2204 1858 346 527 1331 225 174 121 79 240 131 85 67 139 109 101 74
is_linear=0
shrinkage=1


Tree=1
num_leaves=29
num_cat=0
split_feature=25 3 25 17 17 25 1 25 25 19 1 17 8 7 30 25 21 12 28 23 1 6 27 26 3 28 1 7
split_gain=46.9418 21.7358 19.1763 25.895 31.9786 16.9334 16.4275 13.8232 20.7894 20.8076 20.4614 14.4117 11.9949 10.9373 20.7227 12.8301 10.0814 10.9383 10.0749 9.76842 9.58112 8.76274 6.93238 7.69219 9.14221 5.32737 5.095 0.523721
threshold=0.00061121818234294377 0.0030661326199699504 0.00043427034657079452 9.311550605186774 2.4179053744320753 0.00056308880923773791 -75.10244232157855 0.00052659742405942436 0.00048320664754074972 0.75000000000000011 94.784321573140929 4.1870815177452796 0.00055904544710554691 0.0010501014552760002 0.060614719341518054 0.00058645984985490672 0.91478726112504671 -0.00088031382091999992 1.0316735823026424 0.035696184844924685 5.0243466167448796 -4.4459562772539767e-05 0.19138674939008099 -0.2105263157894737 0.0046159239870101508 1.0076135477511678 -33.731546184993924 9.0888224877571345e-05
decision_type=2 2 2 2 2 2 2 2 2 2 2 2 2 2 2 2 2 2 2 2 2 2 2 2 2 2 2 2
left_child=1 2 25 4 6 -6 -4 8 9 18 11 -10 19 15 -15 -14 17 -5 -3 20 -9 -21 26 -24 -25 -1 -2 -28
right_child=22 7 3 16 5 -7 -8 12 10 -11 -12 -13 13 14 -16 -17 -18 -19 -20 21 -22 -23 23 24 -26 -27 27 -29
leaf_value=0.0074331584007941414 -0.018704638315329283 0 0.03847851772252537 -0.0062969080347572357 0.019189530289929747 -0.019898778542024913 -0.0068926119225407182 -0.0033274487242520795 0.040516660324985659 0.032468042669483527 -0.013643361072410839 0.0064437120889790332 0.028069570641092438 0.017502904297617881 -0.038661250217821991 -0.011454313333661431 0.0023997980472435076 -0.04023712773307786 -0.042049248622879537 -0.021656611776720746 -0.049371529041900085 0.01956397990921583 0.0017659113943025594 -0.00073446212879940752 -0.044650633426299872 0.03795513870602879 -0.057021715158816558 -0.038658209216567568
leaf_weight=9.3412190228700656 8.0640349388122576 10.73920308053494 7.2172441184520713 12.868596807122229 85.06081248819828 11.063428953289984 254.28698778152466 7.869796663522723 49.250726982951164 9.887641176581381 9.6662330627441388 14.94569021463394 32.660334914922714 13.81950503587723 10.054143786430357 9.2663387507200223 10.875236019492148 27.894177302718163 9.7198226749896985 7.5298990011215237 8.8513244390487653 11.483594059944151 11.608996987342836 6.9355908036232021 11.912185817956923 12.894860506057737 8.5771731883287412 6.5876289904117575
leaf_count=36 35 43 24 53 312 48 1047 32 163 34 41 58 115 51 47 39 43 131 46 33 43 42 46 28 57 43 43 31
internal_value=0 0.00227085 -0.00154638 -0.003034 -0.000150185 0.0146199 -0.00560188 0.0102938 0.017968 -0.00279601 0.0265481 0.0326875 0.00235827 0.00998655 -0.00605645 0.0192176 -0.0228612 -0.0296947 -0.0201694 -0.0115458 -0.0281899 0.00296286 -0.0269016 -0.0170885 -0.0288607 0.0254698 -0.0393836 -0.0497952
internal_weight=690.932 637.247 431.503 409.266 357.628 96.1242 261.504 205.744 104.209 30.3467 73.8627 64.1964 101.535 65.8003 23.8736 41.9267 51.638 40.7628 20.459 35.7346 16.7211 19.0135 53.6856 30.4568 18.8478 22.2361 23.2288 15.1648
internal_count=2764 2524 1737 1658 1431 360 1071 787 385 123 262 221 402 252 98 154 227 184 89 150 75 75 240 131 85 79 109 74
is_linear=0
shrinkage=0.03


Tree=2
num_leaves=26
num_cat=0
split_feature=25 29 3 17 21 29 19 25 17 31 28 19 12 8 12 8 20 8 7 12 24 29 8 17 8
split_gain=44.2678 21.2351 21.6625 24.1237 18.0124 17.2521 15.8037 23.5343 18.1865 14.9796 17.3364 14.9562 13.9094 13.4856 20.3229 14.4575 12.0892 10.9656 5.92221 10.2527 16.0148 5.34875 3.77224 1.98997 1.82588
threshold=0.00061121818234294377 0.79353020935845009 0.0012657537125307502 0.34025965836459343 0.21424264624222414 0.65122627044117254 0.50000000000000011 0.00047411323881842545 -0.44305355562253118 0.11841734661036397 0.9271413567163479 0.50000000000000011 0.00044552123336225009 0.00047770315940149022 -0.0014420466729454997 0.00045410625535743536 0.014503840957768277 0.0004824264842743198 0.0013403289799344003 -0.0011794468488994997 0.73835410294853254 0.83385257456738515 0.00054324319340292237 7.060248843266697 0.00046887480480700759
decision_type=2 2 2 2 2 2 2 2 2 2 2 2 2 2 2 2 2 2 2 2 2 2 2 2 2
left_child=1 2 3 24 6 -5 7 -4 -8 10 12 17 21 15 -15 -6 -13 -12 19 20 -2 -3 -11 -21 -1
right_child=18 9 4 5 13 -7 8 -9 -10 22 11 16 -14 14 -16 -17 -18 -19 -20 23 -22 -23 -24 -25 -26
leaf_value=-0.058293112988477704 -0.050821827367052153 -0.019254827016237389 -0.0070892638053918723 -0.024399233336580398 -0.0088321094575842755 0.032844598210888254 -0.026003137201085304 0.019052748162520242 0.0056599451400194739 -0.023201035890549268 -0.041924352993559295 0.046451441146945494 0.00072778417581549572 0.016508568088835364 -0.01941313390344369 0.02798058240493569 0.0033655625570898763 0.0019624095010479245 -0.0043346663220201693 -0.051266512644729624 0.0067950290731762187 -0.054671365898677375 -0.057674796427365858 -0.031451002538902338 -0.033725601554512041
leaf_weight=7.3841048926115027 6.515771538019183 7.1299666762352052 37.136667937040329 9.2613017708063143 18.064916670322418 9.3490473777055723 17.987414300441742 178.49661864340305 161.24598355591297 6.7945321053266508 7.3894911557436016 10.024851962924005 11.806950733065603 18.087158441543579 62.216855898499489 19.900505900382996 14.473404616117476 15.406358912587164 9.7280937731266004 14.61228631436825 12.07273907959461 10.512444719672201 6.3858943432569504 10.711993321776388 8.0592716336250287
leaf_count=37 32 31 153 41 75 32 80 656 629 30 35 32 47 67 270 70 57 61 40 72 47 52 32 49 37
internal_value=0 0.00220293 0.00442967 -0.0186584 0.00597565 0.00415045 0.00905465 0.0145279 0.00243815 -0.0112817 -0.00610079 0.00507528 -0.0241358 -0.00426466 -0.0112507 0.0103803 0.0213546 -0.0122489 -0.0261376 -0.0308343 -0.0134062 -0.0408941 -0.0407021 -0.0432959 -0.0462087
internal_weight=690.755 637.114 547.19 34.0537 513.136 18.6103 394.867 215.633 179.233 89.9239 76.7435 47.2941 29.4494 118.269 80.304 37.9654 24.4983 22.7959 53.6409 43.9128 18.5885 17.6424 13.1804 25.3243 15.4434
internal_count=2764 2524 2147 147 2000 73 1518 809 709 377 315 185 130 482 337 145 89 96 240 200 79 83 62 121 74
is_linear=0
shrinkage=0.03


Tree=3
num_leaves=23
num_cat=0
split_feature=25 29 3 17 21 29 19 25 26 31 3 8 26 2 24 27 20 24 1 27 1 7
split_gain=41.7409 20.0021 20.4154 22.7457 16.9454 16.2567 14.8729 22.155 18.7828 14.1338 13.2248 19.1208 12.385 15.0025 8.05482 6.27773 7.50624 11.2188 4.66502 3.76021 3.57368 0.521366
threshold=0.00061121818234294377 0.79353020935845009 0.0012657537125307502 0.34025965836459343 0.21424264624222414 0.65122627044117254 0.50000000000000011 0.00047411323881842545 -0.2105263157894737 0.11841734661036397 0.0050293148886501509 0.00051825678525555072 0.2105263157894737 0.80485527180488081 0.85604759258590668 0.19138674939008099 0.01450825541503571 0.73032027331947513 -33.731546184993924 0.10975115845370709 -1.0327414489220244 9.0888224877571345e-05
decision_type=2 2 2 2 2 2 2 2 2 2 2 2 2 2 2 2 2 2 2 2 2 2
left_child=1 2 3 20 6 -5 7 -4 -8 12 11 -6 13 14 -3 18 -17 -18 -2 -11 -1 -20
right_child=15 9 4 5 10 -7 8 -9 -10 19 -12 -13 -14 -15 -16 16 17 -19 21 -21 -22 -23
leaf_value=-0.05724488216093708 -0.017500873058454668 -0.033724756022926752 -0.0068773803236323585 -0.023682975154284053 0.0017359121335304253 0.031893122281212237 0.018749512111464122 0.018484907146284757 -0.0033608164667312873 -0.02212470229434688 0.020831242539751146 -0.025059904252550745 -0.032868973796057861 0.033564477097632474 -0.0016543668778118453 -0.0440354577275784 -0.030860730258825048 0.010235701235897123 -0.054382956814285399 -0.056458541084508762 -0.025142977212010059 -0.036418551000747305
leaf_weight=9.1757127344608289 8.056038901209833 8.2545826286077482 37.13698972761631 9.2597091645002383 64.213404923677444 9.3436665087938291 46.518867164850235 178.46550054848194 132.7058032900095 6.7908160686492902 16.216546922922134 37.812026172876358 12.647992342710493 9.6849740296602231 46.129432529211044 6.6414270550012615 10.513521298766138 13.26909391582012 8.5349723994731885 6.3811605274677277 6.2588157057762137 6.5626151263713828
leaf_count=46 35 38 153 41 255 32 171 656 538 30 59 168 58 33 186 32 48 51 43 32 28 31
internal_value=0 0.00213483 0.00429607 -0.018122 0.00579696 0.00402236 0.00878347 0.0140937 0.00236385 -0.0109548 -0.00413592 -0.00817315 -0.00592006 -0.000465593 -0.00668401 -0.0254 -0.0160526 -0.00782322 -0.0373071 -0.0395439 -0.0448834 -0.0473044
internal_weight=690.574 636.996 547.107 34.0379 513.069 18.6034 394.827 215.602 179.225 89.889 118.242 102.025 76.717 64.069 54.384 53.5777 30.424 23.7826 23.1536 13.172 15.4345 15.0976
internal_count=2764 2524 2147 147 2000 73 1518 809 709 377 482 423 315 257 224 240 131 99 109 62 74 74
is_linear=0
shrinkage=0.03


Tree=4
num_leaves=23
num_cat=0
split_feature=24 28 30 26 23 8 17 17 3 28 18 17 18 12 31 1 28 19 21 20 28 24
split_gain=24.0215 18.4941 22.3723 19.4051 20.7124 14.8227 18.9324 23.1897 18.9124 17.9027 16.866 15.1901 13.5917 12.6202 12.5714 12.3023 10.6983 8.47282 7.79334 6.61387 4.75774 0.578142
threshold=0.68001202921467696 0.81548518602102638 0.22485084878781461 0.10526315789473685 0.027174678722117911 0.00053911200479157264 6.5293128746532378 2.5042060707956746 0.0028980705405421002 1.2735803835404871 0.22499999999962497 -0.45392061987764148 0.20833333333298606 0.0015424565477689502 0.17176343639555491 20.250768476595116 1.2665684634612471 0.75000000000000011 0.20516750134731748 0.014507332862645999 0.76896719277612569 0.89499430803647351
decision_type=2 2 2 2 2 2 2 2 2 2 2 2 2 2 2 2 2 2 2 2 2 2
left_child=-1 2 3 4 19 8 7 14 9 12 16 -10 -3 -9 -7 -13 -8 20 -6 -2 -5 -4
right_child=1 5 21 17 18 6 10 13 11 -11 -12 15 -14 -15 -16 -17 -18 -19 -20 -21 -22 -23
leaf_value=-0.056429164157765797 -0.0087046369668845706 0.0013651731075182622 -0.056166006943776235 0.03849995798378817 -0.019481357416325056 -0.0012957091863729469 -0.038793519389124738 0.028363269489751781 -0.03383232366996923 0.037904425116429115 0.021718773254529852 0.026677822287734479 -0.038125876376866423 -0.011120800717273571 -0.028858617872518949 0.0053413086449403749 -0.0076340838922794533 -0.0079048035075293763 -0.050159950108818845 0.026359665507290558 0.0074066796221800082 -0.036312734346382922
leaf_weight=6.5757782608270636 9.5894350260496157 275.29315672814846 7.1638182997703534 10.818732872605329 22.29254649579525 71.063887596130371 27.039879843592644 33.089790910482407 4.9906807988882056 11.684734880924223 7.2025509029626837 66.186164081096649 7.9221422523260108 9.0555033385753614 18.832041099667549 39.475123330950737 16.38404680788517 10.31464724242687 12.018550306558607 9.2688161432743055 8.2668146491050702 5.784038707613945
leaf_count=33 40 1095 36 36 97 286 127 116 23 39 26 234 37 38 85 154 68 43 59 33 32 27
internal_value=-3.84465e-06 0.000544498 -0.0116805 -0.00582899 -0.0166654 0.00253976 -0.00453991 0.00141347 0.00574015 0.00175177 -0.0201141 0.0163123 0.000225046 0.0197638 -0.00715821 0.0187679 -0.0272069 0.0136011 -0.0305296 0.00836471 0.0254288 -0.0481582
internal_weight=690.313 683.737 95.5174 82.5695 53.1693 588.22 182.668 132.041 405.552 294.9 50.6265 110.652 283.215 42.1453 89.8959 105.661 43.4239 29.4002 34.3111 18.8583 19.0855 12.9479
internal_count=2764 2731 403 340 229 2328 746 525 1582 1171 221 411 1132 154 371 388 195 111 156 73 68 63
is_linear=0
shrinkage=0.03


Tree=5
num_leaves=18
num_cat=0
split_feature=24 29 3 17 21 17 29 8 12 3 21 17 3 6 7 3 1
split_gain=22.6849 15.6827 16.3143 21.3084 20.5547 16.655 15.2458 10.824 10.343 10.9443 9.85595 17.1165 9.23939 7.82424 7.02994 5.83063 3.33102
threshold=0.68001202921467696 0.79353020935845009 0.0012657537125307502 0.34025965836459343 0.21730823281285364 7.1929737305251775 0.65122627044117254 0.00047770315940149022 0.0023581554407387005 0.0030661326199699504 0.40185914211001345 5.1217609817529279 0.0015571134000870001 0.00047392777551900006 -0.00030137531369149996 0.0028109362961358506 -1.0327414489220244
decision_type=2 2 2 2 2 2 2 2 2 2 2 2 2 2 2 2 2
left_child=-1 2 3 16 8 15 -5 -7 9 -4 11 12 -3 -14 -13 -6 -2
right_child=1 10 4 6 5 7 -8 -9 -10 -11 -12 14 13 -15 -16 -17 -18
leaf_value=-0.054903681183691516 -0.055618643250122161 0.0073860268534882622 0.0042956553810203496 -0.023102265222537503 -0.017351525822109196 0.011676185165565959 0.030744987864561223 -0.0081118364026430932 -0.024005319900670345 0.014899986612972238 -0.044569676459175561 0.037306418748522495 -0.023640853730196643 0.0073052467356113007 -0.0011417524517198627 -0.055353756531790657 -0.024520426538505533
leaf_weight=6.5601124763488761 9.1549337953329069 14.201867610216139 273.98864185810089 9.2560818046331423 8.5921304821968061 34.282094269990921 9.3287077099084836 88.784098476171494 9.2543701231479627 130.08082526922226 7.0364133417606345 8.9427646398544329 51.298285663127899 8.262396961450575 7.654804825782775 7.1505773514509192 6.2544589340686789
leaf_count=33 46 55 1075 41 37 130 32 370 41 486 34 30 227 32 31 36 28
internal_value=-5.8941e-06 0.000526335 0.00238565 -0.0177174 0.003636 -0.00633056 0.00371613 -0.00255554 0.00699509 0.00772487 -0.0106033 -0.00783908 -0.0140683 -0.019265 0.019454 -0.0352554 -0.0436436
internal_weight=690.084 683.523 586.127 33.9942 552.133 138.809 18.5848 123.066 413.324 404.069 97.3965 90.3601 73.7626 59.5607 16.5976 15.7427 15.4094
internal_count=2764 2731 2322 147 2175 573 73 500 1602 1561 409 375 314 259 61 73 74
is_linear=0
shrinkage=0.03


Tree=6
num_leaves=24
num_cat=0
split_feature=24 28 30 26 23 8 3 28 21 20 18 23 19 24 1 3 19 29 3 20 28 20 3
split_gain=21.454 17.2123 20.9241 18.1308 19.5036 13.8744 17.4087 16.675 13.0564 13.2288 12.8065 12.1521 24.0401 10.9517 8.64145 13.6737 7.95644 7.72681 7.44947 6.25495 4.44938 1.89919 0.618189
threshold=0.68001202921467696 0.81548518602102638 0.22485084878781461 0.10526315789473685 0.027174678722117911 0.00053911200479157264 0.0028980705405421002 1.2735803835404871 0.12639045856772363 0.014509124955347135 0.20833333333298606 0.038488358260894466 0.75000000000000011 0.72373001377160273 106.75299945833832 0.0032210142642226506 0.75000000000000011 0.60815603649342054 0.0038285215540315005 0.014507332862645999 0.76896719277612569 0.014506986934090846 0.0033984029300477502
decision_type=2 2 2 2 2 2 2 2 2 2 2 2 2 2 2 2 2 2 2 2 2 2 2
left_child=-1 2 3 4 19 6 7 10 14 21 -3 12 -8 -11 15 -7 20 -6 -13 -2 -5 -10 -4
right_child=1 5 22 16 17 8 11 -9 9 13 -12 18 -14 -15 -16 -17 -18 -19 -20 -21 -22 -23 -24
leaf_value=-0.053496726712690269 -0.00843314672249223 0.0013369202702496928 -0.055205969942815986 0.03727028588364064 -0.013034797739345809 -0.0051748291544293544 -0.0075408810061760043 0.036618782923690217 -0.051103785545890464 -0.035038952768572752 -0.037009545255554013 0.030568881859331869 0.03778490739738824 0.0028215212940015193 -0.030417598184378964 0.01539180594476758 -0.0076855716385194192 -0.042380000041956717 0.0037916802193259927 0.025664946585432866 0.0071662053956003434 -0.027408185375822361 -0.035398344387150074
leaf_weight=6.5349700748920432 9.583637475967409 275.21342620253563 6.7610612213611585 10.807099401950842 15.220376938581465 76.939037576317787 37.625238910317421 11.668815314769743 7.8908684253692654 9.0358482897281629 7.9164293706417075 46.267286911606789 14.413659289479254 26.609104067087173 7.4449619799852362 46.445974931120872 10.310444504022596 19.039765059947968 12.264528855681418 9.2684035897254926 8.2649397104978544 8.1716212481260282 6.1433321982622147
leaf_count=33 40 1095 34 36 65 315 155 39 39 42 37 160 48 106 34 173 43 91 48 33 32 37 29
internal_value=-7.83938e-06 0.00050876 -0.0112926 -0.00563486 -0.0161179 0.0024338 0.00553073 0.00170333 -0.00441797 -0.0171597 0.000229822 0.0156784 0.00499968 -0.00675685 0.000597443 0.00253996 0.0131477 -0.0295876 0.0250588 0.00816426 0.0246164 -0.0396916 -0.0466361
internal_weight=689.841 683.306 95.3991 82.4947 53.1122 587.907 405.369 294.799 182.537 51.7074 283.13 110.571 52.0389 35.645 130.83 123.385 29.3825 34.2601 58.5318 18.852 19.072 16.0625 12.9044
internal_count=2764 2731 403 340 229 2328 1582 1171 746 224 1132 411 203 148 522 488 111 156 208 73 68 76 63
is_linear=0
shrinkage=0.03


Tree=7
num_leaves=24
num_cat=0
split_feature=25 3 20 25 17 17 25 29 25 19 12 17 22 21 21 23 20 17 20 28 19 29 22
split_gain=36.7921 17.6083 17.7294 17.5198 22.2656 28.6677 15.2724 14.6533 11.2307 24.0904 15.0425 14.1039 12.9414 9.41739 11.4813 6.74965 5.74661 5.36802 9.55305 4.87093 4.35259 3.06593 1.18355
threshold=0.00061121818234294377 0.0030661326199699504 0.01450342114183905 0.00043427034657079452 9.311550605186774 2.4179053744320753 0.00056308880923773791 0.77952485292328422 0.00048194940932468994 0.75000000000000011 0.0016766384731146504 6.5293128746532378 0.020195056589413823 0.6284542142377717 0.28951227528623907 0.047925783561075914 0.014504977245125781 9.4615569414559975 0.014514012646451963 1.0076135477511678 0.75000000000000011 0.73310855782466067 0.043638729083900929
decision_type=2 2 2 2 2 2 2 2 2 2 2 2 2 2 2 2 2 2 2 2 2 2 2
left_child=1 3 -3 19 5 7 -7 -5 9 16 11 -10 -12 14 -6 -15 -4 18 21 -1 -19 22 -2
right_child=17 2 8 4 13 6 -8 -9 10 -11 12 -13 -14 15 -16 -17 -18 20 -20 -21 -22 -23 -24
leaf_value=0.0071310684332153767 -0.054205197777752893 0.040295272656160466 -0.016767316531202205 -0.0019061880639254986 -0.0067150801772011548 0.018144823582815349 -0.018984527445004323 -0.020095940670412312 0.021187545490235705 0.027256630450140325 -0.037268330171389495 0.00045369074820457721 0.0031353952203713588 0.0029555416782561018 -0.047275136579684657 -0.03249771682102133 -0.055859578925481476 -0.001264933980277188 -0.0029405107425642665 0.036382323239624766 -0.029375139449359034 -0.020369556080331339 -0.032732807414112337
leaf_weight=9.3265951126813906 12.056843027472505 15.205947175621985 7.6546571999788302 212.0932709723711 10.112385585904123 84.962264716625214 11.054406821727751 49.165261149406433 86.290896654129028 8.3261043578386289 9.6408431529998762 45.538449972867966 25.641753435134888 16.845373243093494 18.022883579134941 6.5176653265953055 6.9582088589668274 13.683153152465822 8.0425958186387998 12.851287767291067 7.9747498929500571 5.8187355995178214 5.7410402297973624
leaf_count=36 61 50 33 856 42 312 48 215 312 29 45 182 101 67 88 30 35 56 33 43 37 26 27
internal_value=-9.65069e-06 0.00199209 0.00922343 -0.00144368 -0.00286598 -0.00019158 0.0138004 -0.00535603 0.0066839 -0.0128587 0.00940248 0.0140681 -0.00788881 -0.0212784 -0.032969 -0.00688781 -0.0360651 -0.0239182 -0.0318674 0.0244132 -0.0119527 -0.0414483 -0.0478611
internal_weight=689.525 636.208 205.257 430.951 408.774 357.275 96.0167 261.259 190.051 22.939 167.112 131.829 35.2826 51.4983 28.1353 23.363 14.6129 53.3171 31.6592 22.1779 21.6579 23.6166 17.7979
internal_count=2764 2524 787 1737 1658 1431 360 1071 737 97 640 494 146 227 130 97 68 240 147 79 93 114 88
is_linear=0
shrinkage=0.03


Tree=8
num_leaves=31
num_cat=0
split_feature=28 30 26 23 8 19 22 1 15 12 19 16 29 1 28 18 7 23 20 8 8 22 19 29 29 20 28 28 8 0
split_gain=16.7942 18.7698 17.8532 19.5922 15.3398 12.5119 22.3845 30.9905 13.491 11.243 11.1344 17.1571 10.1094 10.2471 20.5565 15.6914 9.98542 9.96428 9.25117 9.11001 14.1916 8.85378 7.98971 7.06532 6.71651 5.94079 4.13194 4.099 4.01481 2.93166
threshold=0.81548518602102638 0.22485084878781461 0.10526315789473685 0.027174678722117911 0.00053911200479157264 0.90000000000000013 0.046222192037690644 -3.2075456030361233 -1.776687682870302 -0.0016479065863441997 0.75000000000000011 -0.00021407986486354997 0.79619355133969927 -31.647893914239827 1.1605198480158549 0.091666666666513866 -0.0019697553430794994 0.1466687778280821 0.014504049665257987 0.00065089103759935301 0.0005884909089467397 0.01525828661490226 0.75000000000000011 0.76536160108789686 0.60815603649342054 0.014507332862645999 0.76896719277612569 1.0300646051144184 0.00047770315940149022 46.341022001366703
decision_type=2 2 2 2 2 2 2 2 2 2 2 2 2 2 2 2 2 2 2 2 2 2 2 2 2 2 2 2 2 2
left_child=1 2 3 25 5 8 7 18 16 -10 12 19 13 14 -6 -15 27 -11 -7 20 -12 -18 26 -13 29 -1 -4 -2 -26 -5
right_child=4 -3 22 24 10 6 -8 -9 9 17 11 23 -14 15 -16 -17 21 -19 -20 -21 -22 -23 -24 -25 28 -27 -28 -29 -30 -31
leaf_value=-0.0081553435108110903 0.022809434288752033 -0.04520988501136336 0.036127055598447748 -0.00038126111644511053 -0.030043070036921731 0.0051414689776369867 0.043062617728965677 -0.032284794391560338 0.035591899367673624 0.0055727012673451081 0.006691900759755497 -0.043087765568813087 -0.028867541744272526 0.016973822578690591 0.0160352819827051 -0.011192194624345253 -0.04733783041326925 -0.024385878564467046 0.045542080591696635 0.026187712495143536 -0.039671442197481664 -0.011272764419472748 -0.0082951672656259023 -0.0050183898407667833 -0.021198224114584493 0.025081043109520092 0.0070628945990962207 -0.0066843386841026545 -0.051579638399536956 -0.026617255939033239
leaf_weight=9.575708359479906 8.936785966157915 12.839080631732939 10.786019280552869 7.6525587737560263 21.083221048116684 10.262607276439669 20.620792791247368 13.181505441665648 10.758338883519171 273.79846785962582 15.641153931617739 19.616399690508846 10.082017004489897 56.255545526742935 14.517715901136397 25.69069467484951 7.6444232761859885 10.175339132547377 10.668419241905211 7.8605415672063819 9.2830347418785077 32.484582394361496 10.495727628469465 6.0519380569457999 6.9612016379833248 9.2616136819124204 8.2615831494331342 7.5233383029699317 12.790262579917906 8.3307290077209455
leaf_count=40 32 63 36 31 96 40 67 60 36 1069 61 94 46 209 54 108 37 45 34 28 44 136 44 25 31 33 32 31 64 38
internal_value=-1.1903e-05 -0.0115825 -0.00632505 -0.0165138 0.00187749 0.00515129 0.0184896 0.0033805 0.00305348 0.00563984 -0.00524058 -0.0160672 -0.000233839 0.0022175 -0.0111385 0.00808446 -0.010317 0.00447108 0.0261244 -0.00151122 -0.0105307 -0.0184054 0.0123323 -0.0343676 -0.0295504 0.0080178 0.023909 0.00911933 -0.0413386 -0.0144551
internal_weight=689.091 96.9545 84.1154 54.5721 592.137 406.055 54.7333 34.1125 351.321 294.732 186.082 58.4531 127.629 117.547 35.6009 81.9462 56.5891 283.974 20.931 32.7847 24.9242 40.129 29.5433 25.6683 35.7348 18.8373 19.0476 16.4601 19.7515 15.9833
internal_count=2764 412 349 237 2352 1587 201 134 1386 1150 765 252 513 467 150 317 236 1114 74 133 105 173 112 119 164 73 68 63 95 69
is_linear=0
shrinkage=0.03


Tree=9
num_leaves=27
num_cat=0
split_feature=25 29 3 17 17 30 8 30 7 17 17 29 31 28 19 12 8 27 3 26 29 8 1 27 1 3
split_gain=33.9564 16.5166 18.1719 19.9123 13.9148 24.221 24.7517 17.3571 26.0425 17.2246 17.0304 13.8208 13.1771 15.0112 13.3631 12.3641 9.96111 5.99345 7.06792 9.28698 5.00691 4.70595 4.23525 3.26933 3.09661 0.307089
threshold=0.00061121818234294377 0.79353020935845009 0.0012657537125307502 0.34025965836459343 5.2363912151929481 0.14476472505059326 0.00050116822599573718 0.0081329241323537683 0.0005209602208730501 2.2295499552049867 6.6510643466308883 0.65122627044117254 0.11841734661036397 0.9271413567163479 0.50000000000000011 0.00044552123336225009 0.0004824264842743198 0.19138674939008099 0.0044452978858931002 -0.2105263157894737 0.83385257456738515 0.00048633483660022697 -33.731546184993924 0.10975115845370709 -1.0327414489220244 0.0027874006050947002
decision_type=2 2 2 2 2 2 2 2 2 2 2 2 2 2 2 2 2 2 2 2 2 2 2 2 2 2
left_child=1 2 3 24 5 9 -7 10 -9 -4 -6 -5 13 15 16 20 -15 22 -19 -20 -3 -16 -2 -14 -1 -24
right_child=17 12 4 11 7 6 -8 8 -10 -11 -12 -13 23 14 21 -17 -18 18 19 -21 -22 -23 25 -25 -26 -27
leaf_value=-0.05403313986171103 -0.015821217605454536 -0.016920450677385557 0.0092015566706615797 -0.022104337166209003 -0.042455224728855379 -0.024786782793862275 0.0071888643574060124 0.023203639804809665 -0.02394901444865262 0.0281040551532389 -0.0049374620017803737 0.029235103170348217 -0.021301787214415398 -0.039475991720431119 0.035219407630675527 0.0014562039424844742 0.0024022941146635483 0.0076638307420676755 0 -0.040382431254757066 -0.051193243898223939 0.0081681331189154827 -0.035631996685307393 -0.053577402437460231 -0.023921816246130254 -0.051542054703579789
leaf_weight=9.1129258126020414 8.0203565806150454 7.099705219268805 209.03247147798538 9.2424605339765566 12.386854559183119 34.323828846216202 58.781236723065376 41.358328282833099 13.914044156670569 55.235343590378761 87.052112460136414 9.2893589287996274 6.7653255015611631 7.3649921864271191 10.997013837099077 11.780260503292082 15.386850997805594 9.152016609907152 8.8986772596836108 12.129026502370833 10.443331584334372 13.451168432831762 7.4488997608423215 6.3371193110942841 6.2483456283807746 7.44851054251194
leaf_count=46 35 31 801 41 59 152 227 149 62 193 357 32 30 35 37 47 61 36 36 59 52 52 36 32 28 38
internal_value=-1.34215e-05 0.00190747 0.00387328 -0.0173227 0.00528962 0.00854494 -0.00457183 -0.00220189 0.0112197 0.0131831 -0.00971304 0.00341757 -0.0100041 -0.00514198 0.00525553 -0.0219725 -0.0111274 -0.0230325 -0.0138891 -0.0234701 -0.0378383 0.0206596 -0.0347095 -0.0376815 -0.042425 -0.0443204
internal_weight=688.701 635.603 545.977 33.8931 512.084 357.373 93.1051 154.711 55.2724 264.268 99.439 18.5318 89.6258 76.5233 47.2 29.3233 22.7518 53.0975 30.1797 21.0277 17.543 24.4482 22.9178 13.1024 15.3613 14.8974
internal_count=2764 2524 2147 147 2000 1373 379 627 211 994 416 73 377 315 185 130 96 240 131 95 83 89 109 62 74 74
is_linear=0
shrinkage=0.03


Tree=10
num_leaves=19
num_cat=0
split_feature=25 3 20 25 27 18 29 12 11 29 27 30 27 3 26 15 12 20
split_gain=32.0791 16.278 16.6542 16.3766 14.4539 14.1638 12.3747 13.4134 12.218 13.2747 10.8307 5.86234 5.70272 6.68251 8.80779 4.7822 2.92589 2.80592
threshold=0.00061121818234294377 0.0030661326199699504 0.01450342114183905 0.00043427034657079452 0.061712327124774959 0.20833333333298606 0.55804587035520459 -0.0012449756846322998 0.00088119767257225019 0.78521296054286371 0.28615730796506494 0.11392246174336494 0.19138674939008099 0.0044452978858931002 -0.2105263157894737 -0.77783524685025573 0.00041447010103265008 0.014509124955347135
decision_type=2 2 2 2 2 2 2 2 2 2 2 2 2 2 2 2 2 2
left_child=1 3 -3 15 16 8 7 -6 9 -5 -8 -10 17 -14 -15 -1 -4 -2
right_child=12 2 4 5 6 -7 10 -9 11 -11 -12 -13 13 14 -16 -17 -18 -19
leaf_value=0.037071451362216533 -0.022396224711348413 0.038965942532780302 0.044344508459710441 -0.00090548300204084623 0.032471134085896816 -0.041627608534068855 0.0030859570072534659 0.0037387839446908645 0.025871942605955572 -0.016081278377665549 -0.018497345790059051 -0.003535742747482291 0.0074350541502286481 0 -0.039368012023095672 0.0084195280949875221 0.018074388384023039 -0.045182137866230203
leaf_weight=11.429015249013903 11.769505336880686 15.16500201821327 9.0901516526937503 309.60031445324421 22.849592089653015 8.1591169983148557 79.717106074094772 41.454965502023697 19.74072648584843 62.367847621440887 28.117148205637932 8.3885709345340711 9.1551824808120745 8.8986772596836108 12.073018267750738 10.692323759198187 8.4491157382726652 11.049009144306181
leaf_count=38 54 50 29 1245 78 39 314 163 70 270 122 34 36 36 59 41 31 55
internal_value=-1.67106e-05 0.00184875 0.00880962 -0.00145582 0.00634599 -0.00283127 0.0036594 0.01407 -0.00201355 -0.00346756 -0.00251797 0.0169708 -0.0224246 -0.0134986 -0.0228382 0.0235746 0.0322045 -0.0338484
internal_weight=688.166 635.221 204.843 430.378 189.678 408.257 172.139 64.3046 400.097 371.968 107.834 28.1293 52.9454 30.1269 20.9717 22.1213 17.5393 22.8185
internal_count=2764 2524 787 1737 737 1658 677 241 1619 1515 436 104 240 131 95 79 60 109
is_linear=0
shrinkage=0.03


Tree=11
num_leaves=24
num_cat=0
split_feature=25 3 25 17 17 25 30 27 24 27 30 27 12 25 17 24 7 8 15 28 2 6 23
split_gain=30.3076 15.344 15.4486 20.5419 26.0808 14.0244 12.3098 10.9051 14.1042 11.8106 10.5909 9.0923 16.8312 8.22875 23.6154 15.4282 5.58318 8.51145 13.8478 4.58849 2.97476 2.26129 1.96626
threshold=0.00061121818234294377 0.0030661326199699504 0.00043427034657079452 9.311550605186774 2.4179053744320753 0.00056308880923773791 0.1973024953593038 0.061712327124774959 0.88312074801629259 0.34328294276521393 0.1091224678104086 0.13859482150741573 -0.00088031382091999992 0.00055499928840769262 5.8437663071775567 0.74786657872529705 0.0013403289799344003 0.00066204649292594866 -0.813600933721493 1.0076135477511678 0.566612950582707 0.00011662704757320001 0.045366387877343997
decision_type=2 2 2 2 2 2 2 2 2 2 2 2 2 2 2 2 2 2 2 2 2 2 2
left_child=1 2 19 4 6 -6 -4 20 13 10 -10 12 -5 14 -9 -15 17 21 -19 -1 -3 22 -2
right_child=16 7 3 11 5 -7 -8 8 9 -11 -12 -13 -14 15 -16 -17 -18 18 -20 -21 -22 -23 -24
leaf_value=0.0061420612191041809 -0.051945971926057974 0.042068735932737175 -0.0024764776930404843 0.018742469183805101 0.017345640266538533 -0.018257068407180811 -0.021405579136058187 0.0045818575108694786 0.024050175198565137 -0.018093385442808651 0.0034230706796414866 -0.047131130867808999 -0.025064766835867607 0.0233780639499441 -0.044406840790418824 -0.013043746721274459 -0.00064014632991997336 0.01554318010274152 -0.037072779657984133 0.034562502673408955 0.015966254776947655 -0.019125766763368045 -0.02975917499054578
leaf_weight=9.3042905181646365 10.937429293990141 9.923340246081354 225.07463881373405 10.252478793263434 84.829122111201286 11.03574627637863 35.87659914791584 23.809438019990921 62.123659327626228 9.4883194714784604 35.939399212598801 9.4010612070560438 31.717339605093002 21.719410017132759 13.80114710330963 19.792714223265648 9.6030343770980817 9.0417001247406024 8.569759860634802 12.78521692752838 8.1104097813367826 5.9470830112695685 8.6854502707719785
leaf_count=36 56 32 913 38 312 48 158 93 221 41 141 46 143 78 67 84 40 34 42 43 30 27 41
internal_value=-1.55127e-05 0.00179563 -0.00141238 -0.0027479 -0.000178268 0.0131782 -0.00510696 0.00855661 0.00636014 0.0134338 0.0165531 -0.0204564 -0.014228 -0.00320553 -0.0133803 0.00591993 -0.0218314 -0.0264217 -0.00990332 0.0229161 0.0308056 -0.0374998 -0.0426535
internal_weight=687.769 634.984 430.276 408.187 356.816 95.8649 260.951 204.708 186.674 107.551 98.0631 51.3709 41.9698 79.1227 37.6106 41.5121 52.7845 43.1814 17.6115 22.0895 18.0338 25.57 19.6229
internal_count=2764 2524 1737 1658 1431 360 1071 787 725 403 362 227 181 322 160 162 240 200 76 79 62 124 97
is_linear=0
shrinkage=0.03


Tree=12
num_leaves=28
num_cat=0
split_feature=25 29 19 17 28 1 17 25 8 21 25 28 19 20 29 20 17 7 6 17 7 1 24 23 1 10 11
split_gain=28.6575 14.627 13.3225 21.3644 26.8214 23.5127 20.0804 15.931 17.1785 10.7481 9.70879 9.00894 15.0946 15.1262 9.00716 8.08868 7.24244 10.7686 6.5271 5.7709 5.29685 9.88493 10.9343 17.3997 3.80486 2.44967 0.0757733
threshold=0.00061121818234294377 0.79353020935845009 0.50000000000000011 -0.44305355562253118 1.0548043684028821 28.631305011462249 -0.26965111287591553 0.00047959643323023185 0.00047559592866374198 0.21996334546904855 0.00054706554137630978 0.88317254050833849 0.50000000000000011 0.014503750279360119 0.89029815274728585 0.014506658627111412 2.4714023537345597 0.00019210288234375002 0.00013761597186380002 3.076640302246576 0.0013403289799344003 -33.731546184993924 0.73032027331947513 0.03929905086083902 -44.353152023555587 -8.7010397373349404e-05 -0.00025624351931794999
decision_type=2 2 2 2 2 2 2 2 2 2 2 2 2 2 2 2 2 2 2 2 2 2 2 2 2 2 2
left_child=1 2 6 10 5 -5 18 8 -8 -9 24 19 16 -14 -15 -6 17 -13 -1 25 21 22 -2 -24 -4 -3 -23
right_child=20 11 3 4 15 -7 7 9 -10 -11 -12 12 13 14 -16 -17 -18 -19 -20 -21 -22 26 23 -25 -26 -27 -28
leaf_value=0.047574996481087831 -0.0465403332078018 -0.020386556961015122 -0.023748411356355085 0.00036606605051471027 0.025128543025615246 -0.027450684699643891 0.0018035737272950776 0.013485827965060751 -0.034515824957031017 -0.0028179595808335172 0.0022357470989783851 -0.0073306485746984064 0.037808876462742655 -0.022617676842477202 0.01431731732047962 0.0043653917546048358 0.0056540029232945883 -0.048006682861099013 0.01326981468602099 -0.0012241967041860004 -0.00062127249226517336 -0.035559796647007723 -0.028235099814647183 0.026850774674140907 -0.056220827183305927 -0.04622991357565117 -0.049857959129163368
leaf_weight=14.211072057485582 7.0161385387182262 7.1207136362791106 6.788400575518609 134.46062818169594 41.945636585354805 34.083537474274635 42.862261340022087 155.93299113214016 15.871187552809713 46.83850371837616 5.7961415648460379 12.687380909919744 11.431257143616675 11.670045465230942 11.69962777197361 29.305838853120804 7.8964360058307639 11.356850281357763 8.5376658290624601 6.5276690870523444 9.6024959385395032 6.0226212888956061 11.264065429568292 9.2388833910226804 8.5513085573911667 8.9937434792518616 9.4629921466112119
leaf_count=45 35 32 30 538 149 153 170 584 74 191 23 53 38 52 44 115 31 56 32 27 40 30 53 33 43 44 49
internal_value=-1.61845e-05 0.00174315 0.00359385 -0.00128598 0.00125208 -0.00525186 0.00808745 0.00570441 -0.0079973 0.00969832 -0.0300987 -0.00948184 -0.00383202 0.00973328 -0.00396209 0.0166788 -0.0187287 -0.0269077 0.0350679 -0.0258034 -0.0212679 -0.0257556 -0.01459 -0.0031801 -0.0425102 -0.0353802 -0.0449795
internal_weight=687.176 634.569 545.185 260.931 239.796 168.544 284.254 261.505 58.7334 202.771 21.1359 89.3837 66.7416 34.8009 23.3697 71.2515 31.9407 24.0442 22.7487 22.6421 52.6072 43.0047 27.5191 20.5029 15.3397 16.1145 15.4856
internal_count=2764 2524 2147 1051 955 691 1096 1019 244 775 96 377 274 134 96 264 140 109 77 103 240 200 121 86 73 76 79
is_linear=0
shrinkage=0.03


Tree=13
num_leaves=23
num_cat=0
split_feature=25 3 20 25 17 17 1 0 27 29 12 30 21 21 23 19 17 19 20 15 2 7
split_gain=27.1379 15.1047 15.2094 14.3961 18.79 24.4301 14.9557 13.2229 12.7324 9.80382 12.5475 9.43869 9.08995 10.3911 6.43364 5.55928 9.99446 12.6068 8.60568 4.41208 3.11071 2.53329
threshold=0.00060879095439033326 0.0030661326199699504 0.01450342114183905 0.00043427034657079452 9.311550605186774 2.4179053744320753 -75.10244232157855 49.369608512416761 0.061712327124774959 0.55804587035520459 -0.0012449756846322998 0.21562335566757623 0.6284542142377717 0.28951227528623907 0.047925783561075914 0.25000000000000006 9.4615569414559975 0.75000000000000011 0.014514012646451963 -0.77783524685025573 0.56253237878981632 -0.0010220544530799998
decision_type=2 2 2 2 2 2 2 2 2 2 2 2 2 2 2 2 2 2 2 2 2 2
left_child=1 3 -3 19 5 6 -5 -7 20 10 -10 -11 13 -6 -14 -2 18 -18 21 -1 -4 -17
right_child=15 2 8 4 12 7 -8 -9 9 11 -12 -13 14 -15 -16 16 17 -19 -20 -21 -22 -23
leaf_value=0.0350933881388414 -0.045456467370153325 0.037370814701076262 0.042466018685545698 0.03704523708908649 -0.0062216235654333363 0.00033497647926499142 -0.0062908114327662251 0.022815915813477174 0.030867187998886103 0.0020173376210101566 0.0028750964122441209 -0.021735098437328803 0.0041908460990295153 -0.044914838614900837 -0.030547977061423707 -0.024386118261445926 0.024540804587778058 -0.02626745790315162 0.00083267055180663281 0.0075111671326670258 0.01550939015482691 -0.046277231832714642
leaf_weight=11.353456750512125 6.9624923318624488 15.091164231300352 9.3415929228067416 7.2023251801729193 10.089693799614908 43.553075447678566 253.23142905533314 52.202588573098183 22.436321750283241 88.523425817489624 41.069163247942924 17.942167848348618 16.623577222228054 17.873234376311302 6.4965725541114798 11.515381783246996 9.633789464831354 7.8119751662015906 7.4030698537826529 10.660942897200583 8.1033643037080747 11.463010221719744
leaf_count=38 35 50 30 24 42 173 1046 187 77 351 162 79 66 88 30 54 35 37 30 41 30 59
internal_value=-1.82371e-05 0.00173342 0.00848716 -0.00144389 -0.00273416 -0.000277809 -0.00505444 0.0126542 0.00610936 0.0035612 0.0128848 -0.00196829 -0.0197228 -0.0312212 -0.00551109 -0.0202486 -0.0163544 0.00150384 -0.0267135 0.0220804 0.0304391 -0.0357306
internal_weight=686.584 631.794 202.507 429.287 407.272 356.189 260.434 95.7557 187.416 169.971 63.5055 106.466 51.0831 27.9629 23.1201 54.7897 47.8272 17.4458 30.3815 22.0144 17.445 22.9784
internal_count=2764 2514 779 1735 1656 1430 1070 360 729 669 239 430 226 130 96 250 215 72 143 79 60 113
is_linear=0
shrinkage=0.03


Tree=14
num_leaves=19
num_cat=0
split_feature=24 28 30 26 23 24 12 3 3 18 18 29 28 3 19 11 28 3
split_gain=17.3693 12.6196 17.7843 15.2006 16.424 8.9745 15.3451 11.4659 14.5086 12.8997 11.0267 9.6294 9.35842 7.26099 6.61266 3.87346 3.73309 0.575612
threshold=0.68001202921467696 0.81548518602102638 0.22485084878781461 0.10526315789473685 0.027174678722117911 0.73032027331947513 0.00066528362862285008 0.0030926342715205004 0.0034906494821947505 0.22499999999962497 0.22499999999962497 0.45816456730708149 1.2665684634612471 0.0038683976791635006 0.75000000000000011 -8.0428641555966731e-06 0.76896719277612569 0.0033984029300477502
decision_type=2 2 2 2 2 2 2 2 2 2 2 2 2 2 2 2 2 2
left_child=-1 2 3 4 15 6 -3 10 11 -10 12 -9 -7 -6 16 -2 -5 -4
right_child=1 5 17 14 13 7 -8 8 9 -11 -12 -13 -14 -15 -16 -17 -18 -19
leaf_value=-0.048877369719507638 0.019104783678309787 -0.038978999531005767 -0.05089810397930037 0.034841151568005865 -0.034461377634127828 -0.00053869651381438185 0.012691206737373241 -0.013877466383945335 -0.0027595553867380651 0.020989807065406423 -0.035231494982097641 0.025980625221250095 0.017430867703297246 -0.001338070547037447 -0.0063247543828071871 -0.0083343216688509664 0.0071007738708936943 -0.031874226735028974
leaf_weight=6.3376750797033301 11.388909608125688 12.063142150640489 6.6221127510070783 10.744603425264364 25.655837893486023 361.58543366193771 8.6997998803853971 5.8620083481073371 83.659971222281456 27.053620114922523 7.6711991727352133 50.72282038629055 27.936732605099678 8.13269394636154 10.227032572031019 7.3499715477228156 8.2336777895688993 5.9994571954011917
leaf_count=33 42 58 34 36 122 1456 33 25 339 98 36 179 104 34 43 31 32 29
internal_value=-1.65451e-05 0.00044317 -0.00972087 -0.00450605 -0.0141796 0.00209157 -0.0171779 0.00281268 0.0093969 0.00302372 2.55647e-05 0.0217464 0.000744756 -0.0266625 0.0127227 0.00812336 0.0231914 -0.0426883
internal_weight=685.947 679.609 94.3543 81.7327 52.5274 585.255 20.7629 564.492 167.298 110.714 397.193 56.5848 389.522 33.7885 29.2053 18.7389 18.9783 12.6216
internal_count=2764 2731 403 340 229 2328 91 2237 641 437 1596 204 1560 156 111 73 68 63
is_linear=0
shrinkage=0.03


Tree=15
num_leaves=23
num_cat=0
split_feature=25 3 20 25 17 17 1 25 27 26 30 21 21 21 23 8 15 17 8 15 2 2
split_gain=25.0342 13.52 14.2534 13.5655 17.6613 22.9471 14.0994 13.0975 11.7623 11.3749 12.0621 11.6565 8.56799 9.83925 6.04758 5.35466 8.72416 8.65996 8.39417 5.90638 4.17919 2.9912
threshold=0.00060879095439033326 0.0030661326199699504 0.01450342114183905 0.00043427034657079452 9.311550605186774 2.4179053744320753 -75.10244232157855 0.00056308880923773791 0.061712327124774959 0.31578947368421056 0.025571066921718535 0.14757236695769937 0.6284542142377717 0.28951227528623907 0.047925783561075914 0.00065089103759935301 -0.813600933721493 4.5682311372991267 0.00069174274072298237 -0.53693964717571596 0.38941735522978788 0.56253237878981632
decision_type=2 2 2 2 2 2 2 2 2 2 2 2 2 2 2 2 2 2 2 2 2 2
left_child=1 3 -3 20 5 6 -5 -7 21 11 -11 -10 13 -6 -14 17 -17 -2 -18 -19 -1 -4
right_child=15 2 8 4 12 7 -8 -9 9 10 -12 -13 14 -15 -16 16 18 19 -20 -21 -22 -23
leaf_value=0.032690364208991698 -0.049716575058717766 0.036096938367657913 0.041057079429921706 0.036061137005684585 -0.005970051878352511 0.016357659767027126 -0.0060472157584640007 -0.018064678638660178 0.012265898240405176 0.0057856316006472935 -0.03737800549975534 -0.0057034254346626312 0.0040978962102702224 -0.043679001679705461 -0.02960982384576728 0.010950850687119977 -0.00034096011643976355 -0.035187000108716657 -0.047818823951859095 -0.0011114111954234789 0.0054881814916397393 0.01458545343940169
leaf_weight=12.68521097302437 10.719651222229006 15.011002644896505 9.265648156404497 7.1907159686088553 10.086514607071878 84.654269874095917 253.13487769663334 11.025004684925078 99.19075433909893 11.087522700428964 11.706495970487593 47.778415605425835 16.624440163373951 17.762407973408699 6.4794909060001364 10.849470496177675 6.8155550360679609 7.8800144344568279 6.8389668613672256 11.34115096926689 9.2768325358629209 8.0857180505990964
leaf_count=43 56 50 30 24 42 312 1046 48 374 43 55 197 66 88 30 42 29 39 36 48 36 30
internal_value=-1.78856e-05 0.00166127 0.00805811 -0.00134447 -0.00259684 -0.000216555 -0.00484673 0.0123222 0.00575759 0.00331046 -0.0162856 0.00639378 -0.0190903 -0.0302872 -0.00529193 -0.0195138 -0.00876635 -0.0280725 -0.0247078 -0.0154778 0.0215188 0.0292092
internal_weight=685.49 631.045 202.126 428.92 406.958 356.005 260.326 95.6793 187.115 169.763 22.794 146.969 50.9529 27.8489 23.1039 54.4448 24.504 29.9408 13.6545 19.2212 21.962 17.3514
internal_count=2764 2514 779 1735 1656 1430 1070 360 729 669 98 571 226 130 96 250 107 143 65 87 79 60
is_linear=0
shrinkage=0.03


Tree=16
num_leaves=28
num_cat=0
split_feature=25 29 3 17 29 17 30 8 30 7 17 17 31 28 12 27 3 15 8 7 15 8 29 18 1 17 24
split_gain=23.6953 13.035 16.026 18.4663 13.1588 12.0909 20.967 22.7423 15.8411 23.1141 16.3157 14.7398 11.6086 12.6612 11.3793 9.20419 7.97156 5.45454 5.08533 8.33295 8.26819 8.03375 4.79169 3.05204 2.99407 2.53141 4.83818
threshold=0.00060879095439033326 0.79353020935845009 0.0012657537125307502 0.34025965836459343 0.65122627044117254 5.2363912151929481 0.14476472505059326 0.00050116822599573718 0.0081329241323537683 0.0005209602208730501 6.6510643466308883 2.2295499552049867 0.11841734661036397 0.9271413567163479 0.00044552123336225009 0.12528323038793232 0.0027735535455612006 -1.1209815730998378 0.00065089103759935301 0.0013403289799344003 -0.813600933721493 0.00069174274072298237 0.83385257456738515 0.041666666666597151 -1.0327414489220244 4.5682311372991267 0.74786657872529705
decision_type=2 2 2 2 2 2 2 2 2 2 2 2 2 2 2 2 2 2 2 2 2 2 2 2 2 2 2
left_child=1 2 3 24 -5 6 11 -8 10 -10 -7 -4 13 14 22 17 -17 -15 19 25 -20 -22 -3 -14 -1 -2 -27
right_child=18 12 5 4 -6 8 7 -9 9 -11 -12 -13 23 15 -16 16 -18 -19 20 -21 21 -23 -24 -25 -26 26 -28
leaf_value=-0.05230904935046822 -0.048300850520310114 -0.014932776417368402 0.0083719498835309134 -0.02120346264213048 0.029318149350889743 -0.041684699349253021 -0.023889411474257896 0.0068233313285265204 0.021835150482030784 -0.022706792922369504 -0.0048361261309465215 0.025915281940877319 -0.01992308432031711 -0.0046294657251253115 0.0024343029915740093 -0.036832808308045514 0.0026602562849234431 0.025319785740409821 0.010623815356095273 0.0037029765121730299 -0.00033096497049397132 -0.046912985150199878 -0.048537184591469093 -0.051716759142890006 -0.022683169345311078 -0.042946296650505374 -0.0074499259784185975
leaf_weight=9.0379753410816175 9.2591905444860512 7.0484992116689744 207.58604982495308 9.2198101729154605 8.9940937459468824 12.314085632562636 34.214160054922104 58.433266222476959 41.148756459355354 13.832574307918547 85.937065258622169 54.914217993617058 6.7194259464740735 7.2801425009965923 11.728781417012213 6.518258765339854 14.198659017682074 18.975387796759605 10.852516680955889 5.9232638329267493 6.8152730017900449 6.7658863663673401 10.300441578030584 5.8907630145549774 6.2316121459007254 7.5304750949144346 7.0731483399868011
leaf_count=46 49 31 798 41 31 59 152 226 149 62 354 193 30 30 47 31 56 68 42 24 29 36 52 30 28 39 31
internal_value=-1.79528e-05 0.00161368 0.003365 -0.0166636 0.00353495 0.00469752 0.00773845 -0.0044905 -0.00232181 0.0105161 -0.00955669 0.0120718 -0.00902673 -0.00450653 -0.020043 0.00504884 -0.00972542 0.0168659 -0.0190272 -0.0273965 -0.00853662 -0.024124 -0.0353866 -0.0355613 -0.0408487 -0.0352783 -0.0263095
internal_weight=684.744 630.524 541.864 33.4835 18.2139 508.38 355.148 92.6474 153.232 54.9813 98.2512 262.5 88.6604 76.0502 29.0777 46.9724 20.7169 26.2555 54.2198 29.7861 24.4337 13.5812 17.3489 12.6102 15.2696 23.8628 14.6036
internal_count=2764 2514 2139 146 72 1993 1369 378 624 211 413 991 375 315 130 185 87 98 250 143 107 65 83 60 74 119 70
is_linear=0
shrinkage=0.03


Tree=17
num_leaves=25
num_cat=0
split_feature=25 3 25 17 17 25 24 12 11 29 31 27 7 27 12 25 22 3 19 17 19 7 15 3
split_gain=22.4282 12.5764 12.8538 16.4645 21.1403 12.301 11.7271 10.4295 9.23617 10.5039 10.378 9.79957 9.55491 8.34801 15.5351 7.24034 6.96326 6.27856 5.43084 8.88817 11.255 6.7592 3.98931 3.34946
threshold=0.00060879095439033326 0.0030661326199699504 0.00043427034657079452 9.311550605186774 2.4179053744320753 0.00056308880923773791 1.2480380981935115 0.0020963526741677508 -0.00018002228945444997 0.62768295046257894 0.10374308097822409 0.31348284721543879 0.00069820143180685012 0.13859482150741573 -0.00088031382091999992 0.00055064672292538341 0.041267090083929162 0.0042363700014100515 0.25000000000000006 9.4615569414559975 0.75000000000000011 -0.0019927353191233998 -0.77783524685025573 0.0028721760112702002
decision_type=2 2 2 2 2 2 2 2 2 2 2 2 2 2 2 2 2 2 2 2 2 2 2 2
left_child=1 2 22 4 6 -6 -4 8 9 15 -11 12 -10 14 -5 -3 17 -9 -2 21 -21 -20 -1 -23
right_child=18 7 3 13 5 -7 -8 16 11 10 -12 -13 -14 -15 -16 -17 -18 -19 19 20 -22 23 -24 -25
leaf_value=0.033408239211875593 -0.043620330393332005 0.0036162583824242366 -0.0033987014178324033 0.019152966459861375 0.015708666752073663 -0.017670426488737633 -0.036393274895316574 -0.0044440757215885142 0.027033276937461263 -0.00040830557079613971 -0.03889786410316317 -0.0086983956542832658 0.0064264260050659466 -0.044203876746222212 -0.023046593368902923 0.03053607086723999 0.0093672122400763405 -0.0444421075813312 -0.0057923101138645221 0.023845042357191579 -0.024389419952692056 -0.020941882735904638 0.0070755220686507993 -0.048379888404077455
leaf_weight=11.255060836672785 6.8557585179805747 28.449244782328606 250.10744640231133 10.226628974080084 84.471795320510864 11.010261639952658 9.9809803515672666 7.8229988664388674 56.969922840595245 26.169666364789009 8.2612741738557798 12.221339747309683 32.564513981342316 9.289160490036009 31.281168714165688 13.362284064292906 9.0936708301305753 6.8044469356536865 11.35699835419655 9.6281855553388613 7.6708113700151435 8.8228808790445346 10.627125069499014 9.6322711408138257
leaf_count=38 35 112 1023 38 312 48 47 32 200 105 39 51 126 46 142 46 35 33 49 35 37 43 41 51
internal_value=-2.16585e-05 0.00156349 -0.001337 -0.00255597 -0.000257677 0.0117909 -0.00470242 0.00773994 0.0102436 0.00227257 -0.00990219 0.0161597 0.0196118 -0.0185072 -0.01251 0.012405 -0.0108045 -0.0236173 -0.0185617 -0.014693 0.00217297 -0.0245919 0.0209592 -0.035779
internal_weight=683.936 629.969 428.25 406.367 355.57 95.4821 260.088 201.719 177.998 76.2425 34.4309 101.756 89.5344 50.797 41.5078 41.8115 23.7211 14.6274 53.9669 47.1111 17.299 29.8122 21.8822 18.4552
internal_count=2764 2514 1735 1656 1430 360 1070 779 679 302 144 377 326 226 180 158 100 65 250 215 72 143 79 94
is_linear=0
shrinkage=0.03


Tree=18
num_leaves=27
num_cat=0
split_feature=25 29 3 17 29 17 30 8 30 7 17 17 31 28 12 27 3 15 8 17 15 8 16 29 27 1
split_gain=21.2322 12.1211 15.0274 17.3409 12.3172 11.4593 19.8426 21.3885 14.741 21.5481 15.7154 13.4333 10.8617 11.9023 10.7493 8.66376 7.45575 5.16135 4.80685 7.93456 7.74987 7.63879 7.26691 4.57985 2.93315 2.87535
threshold=0.00060879095439033326 0.79353020935845009 0.0012657537125307502 0.34025965836459343 0.65122627044117254 5.2363912151929481 0.14476472505059326 0.00050116822599573718 0.0081329241323537683 0.0005209602208730501 6.6510643466308883 2.2295499552049867 0.11841734661036397 0.9271413567163479 0.00044552123336225009 0.12528323038793232 0.0027735535455612006 -1.1209815730998378 0.00065089103759935301 4.5682311372991267 -0.813600933721493 0.00069174274072298237 -0.00038053614362744994 0.83385257456738515 0.10975115845370709 -1.0327414489220244
decision_type=2 2 2 2 2 2 2 2 2 2 2 2 2 2 2 2 2 2 2 2 2 2 2 2 2 2
left_child=1 2 3 25 -5 6 11 -8 10 -10 -7 -4 13 14 23 17 -17 -15 19 -2 -20 -22 -21 -3 -14 -1
right_child=18 12 5 4 -6 8 7 -9 9 -11 -12 -13 24 15 -16 16 -18 -19 20 22 21 -23 -24 -25 -26 -27
leaf_value=-0.051032977002282424 -0.047343403315691791 -0.014438718683961 0.0081458627373213934 -0.020563953179990591 0.0284007538639546 -0.040886046001706269 -0.023265078677207306 0.0065319957056601576 0.020999591838766762 -0.022048010510787898 -0.0046899764022734092 0.02492265921271768 -0.019159697923565762 -0.0045610821387558559 0.0023394143761005805 -0.035750116849144892 0.0024920529743714588 0.024578845435276893 0.010622053117581826 -0.030537472370016708 0 -0.045606452840461775 0.0062559716246757165 -0.0473764473326641 -0.050413682211585521 -0.021932912510601813
leaf_weight=8.9681717753410322 10.437557861208917 7.0326636135578218 207.44091063737869 9.2037333846092242 8.9456134885549528 12.292485684156416 34.180801957845688 58.381901010870934 41.054295107722282 13.805292353034018 85.815530985593796 54.721350640058517 6.6954307705163938 7.2697229832410839 11.724631503224371 6.4907635152339962 14.19051571190357 18.955625116825104 10.844722211360933 10.666351199150087 6.7892023324966413 6.6420914232730865 8.3472637236118299 10.225245773792265 5.8440750241279602 6.2188598513603202
leaf_count=46 56 31 798 41 31 59 152 226 149 62 354 193 30 30 47 31 56 68 42 53 29 36 34 52 30 28
internal_value=-2.32195e-05 0.00151695 0.00320654 -0.0162318 0.00335928 0.00449619 0.00745803 -0.00444253 -0.00234338 0.0100544 -0.00932647 0.0116771 -0.00875752 -0.00438445 -0.0194789 0.00487883 -0.00946513 0.0163506 -0.0181051 -0.0262961 -0.00788313 -0.0231082 -0.0142272 -0.0344528 -0.0345041 -0.0397414
internal_weight=683.185 629.458 541.029 33.3364 18.1493 507.693 354.725 92.5627 152.968 54.8596 98.108 262.162 88.4287 75.8892 28.9825 46.9066 20.6813 26.2253 53.7272 29.4512 24.276 13.4313 19.0136 17.2579 12.5395 15.187
internal_count=2764 2514 2139 146 72 1993 1369 378 624 211 413 991 375 315 130 185 87 98 250 143 107 65 87 83 60 74
is_linear=0
shrinkage=0.03


Tree=19
num_leaves=24
num_cat=0
split_feature=28 24 12 30 26 23 12 22 21 21 8 7 12 29 21 29 19 1 28 8 12 24 8
split_gain=11.1696 16.183 17.5818 15.3967 14.6369 15.7761 9.52892 11.8693 11.8674 19.0979 14.0443 11.6453 9.38042 6.97638 6.70013 9.33561 6.61852 3.6635 3.53717 2.70297 1.0534 0.559675 0.0478949
threshold=0.81548518602102638 0.73032027331947513 0.00066528362862285008 0.22485084878781461 0.10526315789473685 0.027174678722117911 -0.0016479065863441997 0.010190080091414373 0.79594579364580509 0.39306553578546349 0.00051110864933916059 -0.0010727470283505498 0.0024115448261106506 0.65715258530660081 0.20516750134731748 0.60815603649342054 0.75000000000000011 18.906266786747441 0.76896719277612569 0.00054878217723393114 -0.0018213871613284498 0.89499430803647351 0.00053646604461190107
decision_type=2 2 2 2 2 2 2 2 2 2 2 2 2 2 2 2 2 2 2 2 2 2 2
left_child=3 2 20 4 5 19 7 -3 9 12 -11 13 -8 -9 15 -7 18 -10 -6 -1 -2 -5 -16
right_child=1 6 -4 21 16 14 8 11 17 10 -12 -13 -14 -15 22 -17 -18 -19 -20 -21 -22 -23 -24
leaf_value=-0.0026404154377088996 -0.028235192755826831 -0.026375890717031995 0.011514242560034554 -0.048332710678220717 0.03404187870282558 0.0073091792470342011 0.002490124338264487 0.022559696362148357 0.010514230578571567 -0.0014409392218391517 -0.039693604491929178 0.047583328702054645 -0.02869977627480062 -0.00077473312730428723 -0.049645799959834244 -0.031857395642778633 -0.0067882212269683414 0.035050115358518638 0.0069644900695593334 0.019762627052852789 -0.047918866715448163 -0.029523378058200454 -0.034917803869237755
leaf_weight=9.735949710011484 6.6519096046686199 5.7737850546836844 8.8573151975870115 6.7716779261827451 10.707790449261671 9.0771051049232501 433.93816354870796 23.916184365749359 12.989683747291567 17.166030138731003 17.795953869819641 9.8482887744903547 8.6879922151565534 21.429927363991737 6.7025429606437665 12.924130469560621 10.322833120822905 10.622404247522352 8.2032918483018857 8.8933890759944898 9.5784273147583026 5.5758963972330093 6.0903850346803665
leaf_count=40 32 26 34 36 36 36 1725 86 50 70 87 31 40 86 35 62 44 36 32 33 49 27 31
internal_value=-2.63991e-05 0.00151159 -0.0219718 -0.00956791 -0.00480444 -0.0141683 0.00257316 0.0137637 0.00119921 0.000160117 -0.0211264 0.0181041 0.00185824 0.0114671 -0.0260892 -0.0155551 0.0121394 0.0218932 0.0226795 0.00788729 -0.0404588 -0.0406552 -0.0434678
internal_weight=682.261 587.256 25.0877 95.005 82.6574 53.4235 562.168 60.9682 501.2 477.588 34.962 55.1944 442.626 45.3461 34.7942 22.0012 29.2339 23.6121 18.9111 18.6293 16.2303 12.3476 12.7929
internal_count=2764 2352 115 412 349 237 2237 229 2008 1922 157 203 1765 172 164 98 112 86 68 73 81 63 66
is_linear=0
shrinkage=0.03


Tree=20
num_leaves=22
num_cat=0
split_feature=25 12 25 25 15 19 19 28 28 8 7 8 7 19 17 19 20 15 0 18 22
split_gain=19.3886 9.28864 16.7296 10.4681 11.7525 14.8553 9.37636 18.5802 16.4088 8.54175 8.32434 10.0834 5.836 5.10272 8.17906 10.1632 7.42576 4.75128 4.44024 2.5263 0.0856008
threshold=0.00060879095439033326 -0.0016479065863441997 0.00048320664754074972 0.00043251495510561764 -0.98509208116253222 0.90000000000000013 0.50000000000000011 0.91539409647665171 1.006702264087318 0.00057837427299268953 -0.0010455140761656998 0.00057837427299268953 -0.0019697553430794994 0.25000000000000006 9.4615569414559975 0.75000000000000011 0.014514012646451963 -0.77783524685025573 21.088955883207237 0.041666666666597151 0.037670005750168732
decision_type=2 2 2 2 2 2 2 2 2 2 2 2 2 2 2 2 2 2 2 2 2
left_child=1 2 12 17 5 9 8 -8 -6 -5 11 18 -1 -2 16 -16 19 -3 -4 -15 -21
right_child=13 3 10 4 6 -7 7 -9 -10 -11 -12 -13 -14 14 15 -17 -18 -19 -20 20 -22
leaf_value=0.0038608279349349531 -0.041894519397036124 0.036731592621504515 0.040496909497398093 -0.0097187613105385717 0.012923732307245703 0.021212864128711397 -0.016068743905002882 0.0037085864411924132 -0.0034849192185849444 -0.044360636300140796 0.04600662762995042 -0.0053502009760152403 -0.032200818847589727 -0.018761178137309893 0.02311837026341073 -0.022911790205045964 0.0023451833759564693 0.0061896320394877235 0.013360514591150915 -0.046567319021225365 -0.031803007509635883
leaf_weight=7.6561840176582336 6.7311653494834891 9.6279679536819476 11.069727420806887 111.20042631030083 131.244155138731 13.467525377869604 64.328305438160896 126.15946762263775 93.465184956789017 6.7660337835550299 9.7844636738300306 13.899048537015913 7.900746673345564 9.4254941344261223 9.6150312423706072 7.5528227090835562 7.3300247937440863 9.5507045537233335 12.258162543177603 7.1811074912548047 5.4180049002170563
leaf_count=30 35 32 36 469 497 49 280 499 381 33 31 57 37 46 35 37 30 37 46 39 28
internal_value=-2.76859e-05 0.00144022 0.0123955 0.00021784 -0.000541195 -0.0083606 0.00192539 -0.00295406 0.00608096 -0.0117976 0.0213422 0.0145806 -0.0142996 -0.0173882 -0.0136228 0.00258497 -0.0232192 0.021921 0.0266056 -0.0318886 -0.0410201
internal_weight=681.632 628.378 62.5683 565.81 546.631 131.434 415.197 190.488 224.709 117.966 47.0114 37.2269 15.5569 53.2537 46.5225 17.1679 29.3546 19.1787 23.3279 22.0246 12.5991
internal_count=2764 2514 237 2277 2208 551 1657 779 878 502 170 139 67 250 215 72 143 69 82 113 67
is_linear=0
shrinkage=0.03


Tree=21
num_leaves=26
num_cat=0
split_feature=25 3 20 25 17 17 1 8 7 30 7 29 19 8 21 21 22 23 19 17 19 20 28 29 23
split_gain=18.3705 11.3556 13.4182 11.5794 14.8213 19.5437 13.3176 11.9359 10.5159 17.333 13.607 16.0374 12.56 12.175 8.01533 8.7392 6.52235 5.47117 4.87558 7.76584 9.59301 7.09758 4.1299 2.63108 1.63472
threshold=0.00060879095439033326 0.0030661326199699504 0.01450342114183905 0.00043427034657079452 9.311550605186774 2.4179053744320753 -75.10244232157855 0.0004533336343798349 0.0010288433720424003 0.063537597807123383 -0.0016823172208462499 0.62967358023109765 0.25000000000000006 0.00045581362459820492 0.6284542142377717 0.28951227528623907 0.041546908875578457 0.047925783561075914 0.25000000000000006 9.4615569414559975 0.75000000000000011 0.014514012646451963 1.0076135477511678 0.72340544235632265 0.044279581690271567
decision_type=2 2 2 2 2 2 2 2 2 2 2 2 2 2 2 2 2 2 2 2 2 2 2 2 2
left_child=1 3 -3 22 5 6 -5 -7 10 16 11 -4 -11 -12 15 -6 -10 -16 -2 21 -21 23 -1 24 -20
right_child=18 2 8 4 14 7 -8 -9 9 12 13 -13 -14 -15 17 -17 -18 -19 19 20 -22 -23 -24 -25 -26
leaf_value=0.0039548414865477576 -0.041052587443687998 0.034612237904784335 0.011402805690787499 0.03519575967248316 -0.005696942188841962 -0.014859192913289156 -0.0057783677924823813 0.015566042971180924 0 0.006949657105012305 -0.030256046162212884 -0.024909331921976856 -0.039771325454014968 0.020197258669639943 0.004558714629609311 -0.04141544550963943 0.028362147829730965 -0.027615592429910539 -0.045570911882783879 0.022431130990194895 -0.022344760598477221 0.0022759119879261777 0.031052846623877334 -0.011511659858545416 -0.023113553772741303
leaf_weight=9.2097863107919711 6.6671792119741431 14.870836123824118 27.016881018877029 7.1725689917802802 10.061031058430673 13.244302108883856 252.53972871601582 81.946109399199486 26.778370901942253 7.2763957828283337 4.3623222112655631 18.126579120755196 16.317951664328575 76.339232325553894 16.58584621548653 17.441665560007095 9.8010890334844571 6.4259731471538535 9.9704109877348035 9.6168863773345965 7.5165122747421256 7.3310846239328376 12.51791402697563 5.4552881568670264 6.4254160970449439
leaf_count=36 35 50 102 24 42 56 1046 304 107 28 20 81 78 279 66 88 34 30 55 35 37 30 43 26 32
internal_value=-2.71651e-05 0.00139889 0.00728185 -0.00135897 -0.00251517 -0.00033524 -0.00460979 0.0112689 0.00504669 -0.00521076 0.00998745 -0.00311256 -0.0252204 0.0173633 -0.0176957 -0.0286134 0.00762353 -0.00435222 -0.0169719 -0.0132873 0.0025039 -0.0226774 0.0198783 -0.0312122 -0.0373313
internal_weight=681.017 628.035 200.89 427.145 405.417 354.903 259.712 95.1904 186.019 60.1738 125.845 45.1435 23.5943 80.7016 50.5145 27.5027 36.5795 23.0118 52.9828 46.3156 17.1334 29.1822 21.7277 21.8511 16.3958
internal_count=2764 2514 779 1735 1656 1430 1070 360 729 247 482 183 106 299 226 130 141 96 250 215 72 143 79 113 87
is_linear=0
shrinkage=0.03


Tree=22
num_leaves=24
num_cat=0
split_feature=25 29 3 17 19 17 1 3 25 31 26 16 29 23 6 3 19 17 19 20 1 18 7
split_gain=17.4092 10.9378 14.0844 16.1627 12.2836 20.3953 17.6254 19.9481 13.7983 10.1949 9.62781 11.8283 9.3619 9.35238 7.34395 5.73891 4.66297 7.37638 9.05665 6.78932 3.7603 2.8397 2.56319
threshold=0.00060879095439033326 0.79353020935845009 0.0012657537125307502 0.36514171793593758 0.50000000000000011 -0.25790634572381615 65.303947788968813 0.0024650701444703504 0.00047411323881842545 0.11841734661036397 0.2105263157894737 0.00088619963483240014 0.64940925379730063 0.062653561078270428 0.00013761597186380002 0.0015571134000870001 0.25000000000000006 9.4615569414559975 0.75000000000000011 0.014514012646451963 -1.0327414489220244 0.041666666666597151 -0.0010220544530799998
decision_type=2 2 2 2 2 2 2 2 2 2 2 2 2 2 2 2 2 2 2 2 2 2 2
left_child=1 2 3 20 5 14 7 -6 -7 10 11 15 -5 -8 -4 -3 -2 19 -19 22 -1 -11 -18
right_child=16 9 4 12 6 8 13 -9 -10 21 -12 -13 -14 -15 -16 -17 17 18 -20 -21 -22 -23 -24
leaf_value=-0.050091170500950168 -0.040251569427809761 0.01092319296462777 0.049081436437739594 -0.017522390919890694 -0.0073457695249550059 -0.0086482978194852463 -0.054214333887715273 0.010776208605347986 0.0093967270030245516 -0.018369010513708216 -0.028173277491641158 0.034290132555683431 0.026364782093437289 -0.0034949190180555436 0.012749573019997715 -0.010466657093255081 -0.019138962353953605 0.021769890480303783 -0.021794150479439826 0.0022087007431203236 -0.018681812817532562 -0.04921286795843454 -0.041388628086126214
leaf_weight=9.2796899974346179 6.5998657196760169 15.439022749662398 14.091433167457582 8.590078070759775 115.00751100480556 46.500211402773857 8.028077766299246 103.8035871386528 204.41935975849628 6.6701287478208524 12.414645552635191 8.012577608227728 8.5345662832260114 5.8234266340732566 8.5300589650869352 39.737384498119354 10.943452134728433 9.6162799745798129 7.4795722216367713 7.3320949226617804 6.7339577972888938 5.7802168130874634 10.723094925284387
leaf_count=48 35 60 44 38 477 195 41 396 784 30 58 27 30 24 32 170 54 35 37 30 30 30 59
internal_value=-2.74467e-05 0.00135847 0.00296561 -0.0159104 0.00421455 0.00852419 -0.000835181 0.00123221 0.00603155 -0.00842274 -0.00418194 0.000516115 0.00412857 -0.0334782 0.0357533 -0.0043868 -0.0165708 -0.0129633 0.00242556 -0.0221559 -0.0374574 -0.0334611 -0.0305658
internal_weight=680.09 627.396 539.342 33.1383 506.204 273.541 232.663 218.811 250.92 88.054 75.6036 63.189 17.1246 13.8515 22.6215 55.1764 52.6944 46.0945 17.0959 28.9986 16.0136 12.4503 21.6665
internal_count=2764 2514 2139 146 1993 1055 938 873 979 375 315 257 68 65 76 230 250 215 72 143 78 60 113
is_linear=0
shrinkage=0.03


end of trees

feature_importances:
Column_17=56
Column_25=46
Column_3=38
Column_8=35
Column_29=35
Column_19=31
Column_28=29
Column_1=25
Column_12=25
Column_7=22
Column_20=22
Column_21=22
Column_27=22
Column_30=19
Column_24=17
Column_23=16
Column_15=14
Column_26=14
Column_18=10
Column_31=9
Column_22=8
Column_2=5
Column_6=5
Column_11=4
Column_0=3
Column_16=3
Column_10=1

parameters:
[boosting: gbdt]
[objective: binary]
[metric: binary_logloss]
[tree_learner: serial]
[device_type: cpu]
[data_sample_strategy: bagging]
[data: ]
[valid: ]
[num_iterations: 500]
[learning_rate: 0.03]
[num_leaves: 31]
[num_threads: 2]
[seed: 42]
[deterministic: 0]
[force_col_wise: 0]
[force_row_wise: 0]
[histogram_pool_size: -1]
[max_depth: 6]
[min_data_in_leaf: 30]
[min_sum_hessian_in_leaf: 0.001]
[bagging_fraction: 0.8]
[pos_bagging_fraction: 1]
[neg_bagging_fraction: 1]
[bagging_freq: 0]
[bagging_seed: 400]
[bagging_by_query: 0]
[feature_fraction: 0.8]
[feature_fraction_bynode: 1]
[feature_fraction_seed: 30056]
[extra_trees: 0]
[extra_seed: 12879]
[early_stopping_round: 0]
[early_stopping_min_delta: 0]
[first_metric_only: 0]
[max_delta_step: 0]
[lambda_l1: 0.15]
[lambda_l2: 0.15]
[linear_lambda: 0]
[min_gain_to_split: 0]
[drop_rate: 0.1]
[max_drop: 50]
[skip_drop: 0.5]
[xgboost_dart_mode: 0]
[uniform_drop: 0]
[drop_seed: 17869]
[top_rate: 0.2]
[other_rate: 0.1]
[min_data_per_group: 100]
[max_cat_threshold: 32]
[cat_l2: 10]
[cat_smooth: 10]
[max_cat_to_onehot: 4]
[top_k: 20]
[monotone_constraints: ]
[monotone_constraints_method: basic]
[monotone_penalty: 0]
[feature_contri: ]
[forcedsplits_filename: ]
[refit_decay_rate: 0.9]
[cegb_tradeoff: 1]
[cegb_penalty_split: 0]
[cegb_penalty_feature_lazy: ]
[cegb_penalty_feature_coupled: ]
[path_smooth: 0]
[interaction_constraints: ]
[verbosity: -1]
[saved_feature_importance_type: 0]
[use_quantized_grad: 0]
[num_grad_quant_bins: 4]
[quant_train_renew_leaf: 0]
[stochastic_rounding: 1]
[linear_tree: 0]
[max_bin: 255]
[max_bin_by_feature: ]
[min_data_in_bin: 3]
[bin_construct_sample_cnt: 200000]
[data_random_seed: 175]
[is_enable_sparse: 1]
[enable_bundle: 1]
[use_missing: 1]
[zero_as_missing: 0]
[feature_pre_filter: 1]
[pre_partition: 0]
[two_round: 0]
[header: 0]
[label_column: ]
[weight_column: ]
[group_column: ]
[ignore_column: ]
[categorical_feature: ]
[forcedbins_filename: ]
[precise_float_parser: 0]
[parser_config_file: ]
[objective_seed: 16083]
[num_class: 1]
[is_unbalance: 0]
[scale_pos_weight: 1]
[sigmoid: 1]
[boost_from_average: 1]
[reg_sqrt: 0]
[alpha: 0.9]
[fair_c: 1]
[poisson_max_delta_step: 0.7]
[tweedie_variance_power: 1.5]
[lambdarank_truncation_level: 30]
[lambdarank_norm: 1]
[label_gain: ]
[lambdarank_position_bias_regularization: 0]
[eval_at: ]
[multi_error_top_k: 1]
[auc_mu_weights: ]
[num_machines: 1]
[local_listen_port: 12400]
[time_out: 120]
[machine_list_filename: ]
[machines: ]
[gpu_platform_id: -1]
[gpu_device_id: -1]
[gpu_use_dp: 0]
[num_gpu: 1]

end of parameters

pandas_categorical:null
