tree
version=v4
num_class=1
num_tree_per_iteration=1
label_index=0
max_feature_idx=47
objective=binary sigmoid:1
feature_names=Column_0 Column_1 Column_2 Column_3 Column_4 Column_5 Column_6 Column_7 Column_8 Column_9 Column_10 Column_11 Column_12 Column_13 Column_14 Column_15 Column_16 Column_17 Column_18 Column_19 Column_20 Column_21 Column_22 Column_23 Column_24 Column_25 Column_26 Column_27 Column_28 Column_29 Column_30 Column_31 Column_32 Column_33 Column_34 Column_35 Column_36 Column_37 Column_38 Column_39 Column_40 Column_41 Column_42 Column_43 Column_44 Column_45 Column_46 Column_47
feature_infos=[4.0144457238457107:97.298807296777042] [-0.4869674861649726:1.4557015752010094] [0.00062756918748070004:0.011680127477129701] [0:1] [0:1] [-0.0029228004041129:0.0035440552405477002] [-0.0039284128838802997:0.0043973732012847003] [0.0003883771393621958:0.0011438674947721801] [-0.0034113712531152001:0.0042209121482877998] [-0.0034113712531152001:0.0042209121482877998] [-0.0053917902431215997:0.0075010291009980001] [0:1] [0:1] [-1:1] [0.0025856622926096:0.0030787655839639] [-0.0043658367596251003:0.0047476748549982999] [0:0.54999999999908333] [0.20000000000000001:1] none [-5.0177803006928015:5.2624891704275187] none [0:13.846896134433457] [-2.9385498570742206:3.2610677097879903] [-2.5745080445749911:2.4161480926997898] [-21.056378376566524:24.28971365049691] none [-0.83629671678213358:0.87708152840458642] [-1.0108287636850777:1.0968647926792159] [-0.24236180920502251:5.7204445022633896] [-5.0177803006928015:5.262489170427517] [0:2.1010253683749505] [0:1] [0.014712127307841178:86.238911460470234] [0.10000000000000001:0.90000000000000002] [-0.40884307932364911:0.35611025609106128] [-0.41770377364867817:0.41173847400967667] [-0.86959442668786335:0.52224067062244361] [-0.18284662416809863:0.42257689595993542] [-0.14713441603307284:0.35108874099548348] [-0.88106947871396779:0.67773232154071739] [-0.58555967612084159:0.25683283264264917] [-0.21442377320050454:0.38881960818835432] [-0.45743976196217556:0.4783360145235912] [-0.20317171492089997:0.70335421875773219] [-0.497756129910016:0.55066444610119269] [-0.38565529320876601:0.35961563070329522] [-0.64501876774303879:0.93189009385669519] [-0.78872621545599308:0.9065659664215564]
tree_sizes=1632 1417 1534 1719 1727 1744 1751 1420 1747 1750

Tree=0
num_leaves=14
num_cat=0
split_feature=39 33 47 14 22 42 41 32 14 2 33 39 44
split_gain=28.0549 19.6403 21.0269 23.1705 22.5635 15.9641 13.2287 14.5137 12.1926 11.5925 10.27 11.462 7.76479
threshold=-0.75257117438403398 0.72601257693907872 0.7891648586422767 0.0026763725323555505 0.76688908864689309 0.16048945898567826 -0.14291346996542609 0.014713790664760766 0.0026010747135138007 0.0026409170980026004 0.61443520301479193 -0.76861149688478447 -0.096808485436692446
decision_type=2 2 2 2 2 2 2 2 2 2 2 2 2
left_child=10 2 3 5 9 -2 8 -8 -3 -4 11 -1 -9
right_child=1 6 4 -5 -6 -7 7 12 -10 -11 -12 -13 -14
leaf_value=0.036065686234912187 -0.0066047553369291906 0.011991278795646636 -0.015359355176205939 0.035762735262911079 0.0090101676684909184 0.0042691150828165709 -0.023516192801540558 0.030908965031211939 -0.032612102240136942 -0.046507162676973246 0.047578720788077913 -0.01007519754197626 0.011372635176042242
leaf_weight=9.3774248510599119 339.04040804505348 9.7067972123622912 21.870677009224892 14.316248908638952 16.944182395935059 188.71451042592525 9.0779954344034177 23.491118565201759 12.142743602395056 22.624534606933594 13.273529991507528 9.5359463095664996 90.883873954415321
leaf_count=38 1353 39 87 58 68 756 36 95 48 89 54 38 365
internal_value=-4.19751e-10 -0.00118123 -0.00357074 -0.00167392 -0.0201882 -0.00270785 0.00870603 0.0125321 -0.0126456 -0.031401 0.0273588 0.0126696 0.0154597
internal_weight=781 748.813 603.511 542.071 61.4394 527.755 145.303 123.453 21.8495 44.4952 32.1869 18.9134 114.375
internal_count=3124 2994 2411 2167 244 2109 583 496 87 176 130 76 460
is_linear=0
shrinkage=1


Tree=1
num_leaves=12
num_cat=0
split_feature=43 33 47 0 14 13 14 7 44 32 33
split_gain=24.1414 21.5904 19.1769 24.4081 21.8545 15.0337 13.5775 13.0658 12.514 13.528 7.37184
threshold=0.25953878144573278 0.72601257693907872 0.7891648586422767 67.882938348553964 0.0026763725323555505 1.0000000180025095e-35 0.0025938416132023005 0.00054326281890366708 -0.44474942572945425 0.014713790664760766 0.73489681983321564
decision_type=2 2 2 2 2 2 2 2 2 2 2
left_child=1 2 4 6 5 -1 -4 -2 -3 -10 -11
right_child=7 8 3 -5 -6 -7 -8 -9 9 10 -12
leaf_value=0.015323765851840606 0.045024813428660965 -0.016852323838929342 0.0068506201082987874 0.023261918330747949 0.034712073740987504 -0.0040859611820232584 -0.033456986517855412 0.0018338856395999788 -0.021735215201292367 0.039819134640554997 0.012625526765269068
leaf_weight=38.539793759584427 15.982151523232462 14.588628277182577 8.7262282669544202 10.163066267967222 14.311672404408453 488.96575227379799 45.792357206344604 10.735766053199766 9.5769455730915052 9.8555450439453107 113.71492122113705
leaf_count=155 65 58 35 41 58 1953 181 43 38 40 457
internal_value=0 -0.000994591 -0.00350536 -0.0189319 -0.00165073 -0.0026554 -0.026922 0.0279445 0.00927552 0.0121878 0.0148764
internal_weight=780.953 754.235 606.499 64.6817 541.817 527.506 54.5186 26.7179 147.736 133.147 123.57
internal_count=3124 3016 2423 257 2166 2108 216 108 593 535 497
is_linear=0
shrinkage=0.03


Tree=2
num_leaves=13
num_cat=0
split_feature=40 14 36 30 1 42 30 35 47 31 40 32
split_gain=25.495 15.0895 14.7959 26.6762 20.1365 19.2296 17.2225 16.8458 15.9934 9.41418 5.30965 3.37679
threshold=-0.31827793683254962 0.0026643867220540007 0.13763733765889993 0.0005097214929095582 0.42812357439035242 -0.13955203554146867 0.00037785567562234905 -0.3937492823363819 -0.0063799973853021557 0.39182597263082553 -0.34092683201227775 0.014719826384919843
decision_type=2 2 2 2 2 2 2 2 2 2 2 2
left_child=10 2 5 7 -5 8 -7 -4 -2 -3 -1 -12
right_child=1 9 3 4 -6 6 -8 -9 -10 -11 11 -13
leaf_value=0.044109394255726957 -0.0025968960677253453 0.0020696402059686273 -0.011589350955370392 -0.016487555154547341 0.032450621690010624 -0.001234123096819471 -0.020902577721538015 0.0059906917265998907 0.023472209713562946 0.037990779462779949 0.025350235483641431 0.0021416498181727564
leaf_weight=9.5788362920284253 272.24569602310658 12.973467513918878 81.318282455205917 9.0531419664621335 40.772914066910744 66.273720115423203 103.25362782180309 122.97378773987293 22.80721677839756 13.794400095939634 16.579429626464847 9.2310546189546567
leaf_count=39 1088 52 324 36 165 265 410 493 92 56 67 37
internal_value=0 -0.00118133 -0.00201257 0.00379587 0.023446 -0.00519958 -0.013248 -0.000988387 -0.000555641 0.0208568 0.0248266 0.0172834
internal_weight=780.856 745.466 718.698 254.118 49.8261 464.58 169.527 204.292 295.053 26.7679 35.3893 25.8105
internal_count=3124 2981 2873 1018 201 1855 675 817 1180 108 143 104
is_linear=0
shrinkage=0.03


Tree=3
num_leaves=15
num_cat=0
split_feature=39 33 47 0 32 42 2 41 32 32 33 39 16 19
split_gain=23.8883 17.2614 18.412 22.0805 19.0246 13.3096 13.2246 11.8115 12.9017 11.5261 9.72137 10.202 7.49937 5.00652
threshold=-0.75257117438403398 0.72601257693907872 0.7891648586422767 67.882938348553964 0.014734414461519843 0.16048945898567826 0.0018190846106884001 -0.14291346996542609 0.014713790664760766 0.014716410618443556 0.61443520301479193 -0.76861149688478447 0.14166666666643057 1.6587965674396843
decision_type=2 2 2 2 2 2 2 2 2 2 2 2 2 2
left_child=10 2 4 6 5 -2 -4 9 -9 -3 11 -1 -10 -6
right_child=1 7 3 -5 13 -7 -8 8 12 -11 -12 -13 -14 -15
leaf_value=0.033123789285238028 -0.0061846045112602249 0.0119540611222472 0.0054912709649014872 0.020451048425968867 0.043600530049674097 0.0037989241593599974 -0.034111384210835878 -0.022184299502257303 0.017779216603549974 -0.031415426025215604 0.044955679427384765 -0.010439583123964844 -0.0035675203761907888 0.011630565606392574
leaf_weight=9.3512252122163755 337.25930035114288 9.7062382996082324 8.9795701652765256 10.415797635912893 9.3313061594963091 185.97625543177128 41.982660755515099 9.0732066333293897 97.32436129450798 12.136773779988287 13.242958366870878 9.5321417301893252 17.013457626104355 9.4333659559488279
leaf_count=38 1346 39 36 42 38 745 166 36 392 48 54 38 68 38
internal_value=0 -0.00108616 -0.00332677 -0.0188855 -0.00155181 -0.00262744 -0.0270497 0.00818412 0.0118013 -0.0119889 0.0252733 0.010988 0.014563 0.0279862
internal_weight=780.759 748.632 603.378 61.378 542 523.236 50.9622 145.254 123.411 21.843 32.1263 18.8834 114.338 18.7647
internal_count=3124 2994 2411 244 2167 2091 202 583 496 87 130 76 460 76
is_linear=0
shrinkage=0.03


Tree=4
num_leaves=15
num_cat=0
split_feature=39 33 47 28 0 14 13 41 32 14 33 39 33 28
split_gain=22.5287 16.2348 17.3402 20.8937 22.2709 18.8363 14.515 11.1154 12.1543 10.8668 9.18915 9.63084 7.23667 2.97645
threshold=-0.75257117438403398 0.72601257693907872 0.7891648586422767 0.32268748872640013 67.047405507192153 0.0026763725323555505 1.0000000180025095e-35 -0.14291346996542609 0.014713790664760766 0.0026010747135138007 0.61443520301479193 -0.76861149688478447 0.73489681983321564 0.0718535062405639
decision_type=2 2 2 2 2 2 2 2 2 2 2 2 2 2
left_child=10 2 5 13 -5 6 -2 9 -9 -3 11 -1 -10 -4
right_child=1 7 3 4 -6 -7 -8 8 12 -11 -12 -13 -14 -15
leaf_value=0.032209197578492429 0.015172406335313316 0.011601397579212731 -0.0271690422694486 -0.017108415505095842 0.03710883884554237 0.032311485613336452 -0.0038457203364010589 -0.021543088968659845 0.03982178555097203 -0.030511621476890571 0.043734617801299856 -0.010130878404658629 0.011811794398408777 -0.049991070192621091
leaf_weight=9.332784563302992 38.780329167842865 9.705817252397539 11.850463032722475 27.632071167230606 8.8677370399236661 14.263241991400717 488.91328349709511 9.0675114840269071 9.0974219143390638 12.125990793108938 13.208995744585989 9.5324886143207568 105.2071246355772 12.96658870577812
leaf_count=38 156 39 47 110 36 58 1953 36 37 48 54 38 423 51
internal_value=0 -0.00105317 -0.00322633 -0.0183338 -0.00371542 -0.00150417 -0.00243563 0.00793865 0.0114484 -0.0116332 0.0245651 0.0106673 0.0141297 -0.0395022
internal_weight=780.552 748.478 603.274 61.3169 36.4998 541.957 527.694 145.204 123.372 21.8318 32.0743 18.8653 114.305 24.8171
internal_count=3124 2994 2411 244 146 2167 2109 583 496 87 130 76 460 98
is_linear=0
shrinkage=0.03


Tree=5
num_leaves=15
num_cat=0
split_feature=40 7 32 47 17 30 45 17 7 17 33 47 14 23
split_gain=21.6724 15.2444 24.3816 14.4707 19.3424 17.2701 13.1082 12.9134 18.0308 13.3393 9.1388 8.29798 7.0424 4.13501
threshold=-0.31827793683254962 0.00058899270825930666 0.014720393341671583 -0.69267213411817863 0.75000000000000011 0.00062733472663166034 -0.34808957993644524 0.90000000000000013 0.00051961735893204348 0.75000000000000011 0.65894112621461565 0.8512543248138279 0.0026239265276792501 -0.34500536737785953
decision_type=2 2 2 2 2 2 2 2 2 2 2 2 2 2
left_child=10 2 7 -3 5 -5 -6 9 -9 -2 11 -1 13 -4
right_child=1 3 12 4 6 -7 -8 8 -10 -11 -12 -13 -14 -15
leaf_value=-0.002427440965351801 -0.002433712840245543 -0.022046097458297047 -0.019371037765245312 0.0072518179877408386 -0.0065727319286404406 -0.023314689840203569 0.031088244145485649 -0.0017597771363948749 -0.033222318352543384 0.01125351019122727 0.044258590769642329 0.033843166625276526 -0.0053577082899724437 -0.046538243137510538
leaf_weight=14.238269761204721 380.1735956966877 14.610932081937788 9.0554827749729156 97.39592444896698 10.016915321350096 19.878938138484955 42.951708480715752 42.750738397240639 26.793607607483864 76.910713329911232 11.947469756007193 9.0520627200603467 9.2659306824207288 15.240383610129356
leaf_count=57 1520 58 36 391 40 79 174 171 106 309 49 37 37 60
internal_value=0 -0.00108482 -0.00355503 0.00637351 0.00885626 0.00200909 0.023883 -0.00196196 -0.0139914 -0.000117872 0.0229434 0.0116039 -0.028299 -0.0367776
internal_weight=780.283 745.045 560.19 184.854 170.243 117.275 52.9686 526.629 69.5443 457.084 35.2378 23.2903 33.5618 24.2959
internal_count=3124 2981 2239 742 684 470 214 2106 277 1829 143 94 133 96
is_linear=0
shrinkage=0.03


Tree=6
num_leaves=15
num_cat=0
split_feature=40 7 32 44 17 7 45 17 7 17 7 14 21 40
split_gain=20.4568 14.3464 22.9926 15.1088 18.3578 16.21 12.3024 12.1638 16.9923 12.5528 7.15592 6.63989 6.58907 1.68725
threshold=-0.31827793683254962 0.00058899270825930666 0.014720393341671583 -0.44902476230649752 0.75000000000000011 0.00068632317108796939 -0.34808957993644524 0.90000000000000013 0.00051961735893204348 0.75000000000000011 0.00054641808480940712 0.0026239265276792501 1.3884877324464144 -0.0020327977904737449
decision_type=2 2 2 2 2 2 2 2 2 2 2 2 2 2
left_child=10 2 7 -3 5 -5 -6 9 -9 -2 12 13 -1 -4
right_child=1 3 11 4 6 -7 -8 8 -10 -11 -12 -13 -14 -15
leaf_value=0.011392297327507815 -0.0023607499790685459 -0.023696534752723989 -0.025627269760868644 0.0078806153506094379 -0.0063786230226034208 -0.019031826608095818 0.030039327041057457 -0.0017072275683463717 -0.032263155612200618 0.010917064504282144 0.0037880830119017225 -0.0051996640785402599 0.045575084145576275 -0.043835454271844237
leaf_weight=8.8896439075469988 380.17052228748798 13.859282806515692 11.327591940760612 91.657354190945625 10.016658097505568 25.615532994270325 43.663298919796944 42.749265655875206 26.767287418246269 76.907205864787102 12.652048990130423 9.265704393386839 13.617799460887907 12.942060396075249
leaf_count=36 1520 55 45 368 40 102 177 171 106 309 51 37 56 51
internal_value=0 -0.00105402 -0.00345055 0.00618199 0.00864922 0.00194709 0.0231613 -0.00190373 -0.0135815 -0.000113955 0.0223154 -0.0274895 0.0324375 -0.0357309
internal_weight=780.101 744.942 560.13 184.812 170.953 117.273 53.68 526.594 69.5166 457.078 35.1595 33.5354 22.5074 24.2697
internal_count=3124 2981 2239 742 687 470 217 2106 277 1829 143 133 92 96
is_linear=0
shrinkage=0.03


Tree=7
num_leaves=12
num_cat=0
split_feature=33 41 46 32 17 7 32 47 46 14 31
split_gain=18.9393 17.7458 14.8536 23.9316 14.1075 12.4523 11.9641 11.4749 9.37064 12.0482 6.36449
threshold=0.72601257693907872 0.26635132426947644 0.74978778025051473 0.016912004372871083 0.90000000000000013 0.00058430180752268074 0.014720327589625925 -0.69981887930960396 0.58365516135868367 0.0025926513938731004 0.28336440612867325
decision_type=2 2 2 2 2 2 2 2 2 2 2
left_child=2 4 3 5 8 6 -1 -7 9 -2 -10
right_child=1 -3 -4 -5 -6 7 -8 -9 10 -11 -12
leaf_value=-0.0035951569738271283 -0.026348075603134645 0.044466002628780157 0.029613921920517497 -0.050167647330565307 -0.025322262751067151 -0.02372772368701145 -0.025486855460644955 0.0073494257258576515 0.0091891303021187625 0.0089439552876164133 0.045070292976129321
leaf_weight=425.33310462534428 9.3299888521432859 11.918140679597853 12.681660145521162 9.3797738105058652 11.341724574565886 11.342477664351462 23.678166195750237 145.13351206481457 8.7118217200040835 100.96338082849979 10.06296846270561
leaf_count=1700 37 49 52 37 45 45 94 583 35 406 41
internal_value=0 0.00948618 -0.00230129 -0.00297392 0.00644075 -0.00222315 -0.00476774 0.00504744 0.00929287 0.00588604 0.0288634
internal_weight=779.877 152.328 627.549 614.867 140.41 605.487 449.011 156.476 129.068 110.293 18.7748
internal_count=3124 613 2511 2459 564 2422 1794 628 519 443 76
is_linear=0
shrinkage=0.03


Tree=8
num_leaves=15
num_cat=0
split_feature=40 33 43 10 5 10 40 14 32 33 16 36 5 7
split_gain=18.5883 14.1891 17.2634 12.4495 16.2859 13.7062 10.005 11.625 10.7772 8.46502 7.48353 6.81996 5.81517 0.910238
threshold=-0.31827793683254962 0.72601257693907872 0.23324396529400385 0.00094816059857280013 -0.00024739449388484991 0.0015526357275990504 0.15157442135529464 0.0026010747135138007 0.014713790664760766 0.65894112621461565 0.15833333333306943 0.052268988327262976 -0.00027836704838154997 0.00051567093091848864
decision_type=2 2 2 2 2 2 2 2 2 2 2 2 2 2
left_child=9 2 3 4 -2 -5 8 -8 -3 11 -10 -1 -4 -14
right_child=1 6 12 5 -6 -7 7 -9 10 -11 -12 -13 13 -15
leaf_value=0.027516381799836169 0.0030689840155470136 -0.020383002256440609 -0.046710469696799484 0.015137895566381052 -0.0091239084583535548 -0.0028819016856172098 0.012965299363400832 -0.031153985191930394 0.016218268158658875 0.041954393284339107 -0.0062480717975280878 -0.0046600550769416681 -0.023167330966603259 -0.0081873143116782988
leaf_weight=10.936628952622415 155.98512956500053 9.0500612258911115 8.8265452235937136 70.079573467373848 265.47838217020035 81.957012668251991 9.4465753287076968 11.848892733454703 99.419320851564407 11.821449741721151 15.014226615428923 12.250663325190542 8.807635501027109 8.7236980199813825
leaf_count=45 625 36 35 282 1059 328 38 47 401 49 60 49 35 35
internal_value=0 -0.00100389 -0.0030439 -0.00194089 -0.00460112 0.00540129 0.00741176 -0.0114192 0.0107056 0.0213185 0.013227 0.0104029 -0.026727 -0.0161004
internal_weight=779.646 744.637 599.858 573.5 421.464 152.037 144.779 21.2955 123.484 35.0087 114.434 23.1873 26.3579 17.5313
internal_count=3124 2981 2399 2294 1684 610 582 85 497 143 461 94 105 70
is_linear=0
shrinkage=0.03


Tree=9
num_leaves=15
num_cat=0
split_feature=39 7 32 47 17 30 30 36 42 30 5 14 47 42
split_gain=17.2086 12.3216 21.3413 12.0471 17.2173 15.8459 11.6969 9.95727 22.6221 16.3807 8.78042 6.32229 1.32738 1.23948
threshold=-0.75257117438403398 0.00058899270825930666 0.014720393341671583 -0.69267213411817863 0.75000000000000011 0.00062733472663166034 0.00052920142688731931 0.1419111964237135 -0.13955203554146867 0.0005097214929095582 -0.00027836704838154997 0.0026239265276792501 -0.015574744257413951 0.34750488205768337
decision_type=2 2 2 2 2 2 2 2 2 2 2 2 2 2
left_child=10 2 7 -3 5 -5 -6 8 -2 -9 -1 12 -4 -12
right_child=1 3 11 4 6 -7 -8 9 -10 -11 13 -13 -14 -15
leaf_value=0.0037267399154465846 0.0012598518937977723 -0.020176437806037228 -0.04264407839107108 0.0066106779392908653 0.0089643908353875361 -0.022659350467222943 0.037567063278854375 0.0007144469216715134 -0.014438270010114978 0.028623044171787706 0.044670954938339363 -0.0044685068552599624 -0.026146982700921719 0.025507500304478386
leaf_weight=14.263770997524263 222.03869672119617 14.574646785855291 11.383969530463219 97.840178161859512 28.596534311771393 19.878489032387733 24.263547211885452 154.32977318763733 130.9860618263483 21.487466871738434 8.8862353116273898 9.2588056772947294 13.041990429162979 8.5242658555507642
leaf_count=58 889 58 45 393 115 79 99 618 522 87 37 37 52 35
internal_value=0 -0.000917837 -0.0031325 0.00578348 0.00804369 0.00160729 0.0222475 -0.00164512 -0.00455569 0.00417235 0.0216072 -0.0262402 -0.0342321 0.0358427
internal_weight=779.354 747.68 562.527 185.153 170.579 117.719 52.8601 528.842 353.025 175.817 31.6743 33.6848 24.426 17.4105
internal_count=3124 2994 2250 744 686 472 214 2116 1411 705 130 134 97 72
is_linear=0
shrinkage=0.03


end of trees

feature_importances:
Column_32=13
Column_33=13
Column_14=12
Column_7=10
Column_47=10
Column_17=8
Column_39=7
Column_40=7
Column_30=6
Column_42=5
Column_41=4
Column_0=3
Column_5=3
Column_36=3
Column_44=3
Column_2=2
Column_10=2
Column_13=2
Column_16=2
Column_28=2
Column_31=2
Column_43=2
Column_45=2
Column_46=2
Column_1=1
Column_19=1
Column_21=1
Column_22=1
Column_23=1
Column_35=1

parameters:
[boosting: gbdt]
[objective: binary]
[metric: binary_logloss]
[tree_learner: serial]
[device_type: cpu]
[data_sample_strategy: bagging]
[data: ]
[valid: ]
[num_iterations: 500]
[learning_rate: 0.03]
[num_leaves: 31]
[num_threads: 1]
[seed: 137]
[deterministic: 0]
[force_col_wise: 0]
[force_row_wise: 0]
[histogram_pool_size: -1]
[max_depth: 5]
[min_data_in_leaf: 35]
[min_sum_hessian_in_leaf: 0.001]
[bagging_fraction: 0.8]
[pos_bagging_fraction: 1]
[neg_bagging_fraction: 1]
[bagging_freq: 0]
[bagging_seed: 5691]
[bagging_by_query: 0]
[feature_fraction: 0.8]
[feature_fraction_bynode: 1]
[feature_fraction_seed: 22311]
[extra_trees: 0]
[extra_seed: 25471]
[early_stopping_round: 0]
[early_stopping_min_delta: 0]
[first_metric_only: 0]
[max_delta_step: 0]
[lambda_l1: 0.15]
[lambda_l2: 0.15]
[linear_lambda: 0]
[min_gain_to_split: 0]
[drop_rate: 0.1]
[max_drop: 50]
[skip_drop: 0.5]
[xgboost_dart_mode: 0]
[uniform_drop: 0]
[drop_seed: 11029]
[top_rate: 0.2]
[other_rate: 0.1]
[min_data_per_group: 100]
[max_cat_threshold: 32]
[cat_l2: 10]
[cat_smooth: 10]
[max_cat_to_onehot: 4]
[top_k: 20]
[monotone_constraints: ]
[monotone_constraints_method: basic]
[monotone_penalty: 0]
[feature_contri: ]
[forcedsplits_filename: ]
[refit_decay_rate: 0.9]
[cegb_tradeoff: 1]
[cegb_penalty_split: 0]
[cegb_penalty_feature_lazy: ]
[cegb_penalty_feature_coupled: ]
[path_smooth: 0]
[interaction_constraints: ]
[verbosity: -1]
[saved_feature_importance_type: 0]
[use_quantized_grad: 0]
[num_grad_quant_bins: 4]
[quant_train_renew_leaf: 0]
[stochastic_rounding: 1]
[linear_tree: 0]
[max_bin: 255]
[max_bin_by_feature: ]
[min_data_in_bin: 3]
[bin_construct_sample_cnt: 200000]
[data_random_seed: 486]
[is_enable_sparse: 1]
[enable_bundle: 1]
[use_missing: 1]
[zero_as_missing: 0]
[feature_pre_filter: 1]
[pre_partition: 0]
[two_round: 0]
[header: 0]
[label_column: ]
[weight_column: ]
[group_column: ]
[ignore_column: ]
[categorical_feature: ]
[forcedbins_filename: ]
[precise_float_parser: 0]
[parser_config_file: ]
[objective_seed: 12927]
[num_class: 1]
[is_unbalance: 0]
[scale_pos_weight: 1]
[sigmoid: 1]
[boost_from_average: 1]
[reg_sqrt: 0]
[alpha: 0.9]
[fair_c: 1]
[poisson_max_delta_step: 0.7]
[tweedie_variance_power: 1.5]
[lambdarank_truncation_level: 30]
[lambdarank_norm: 1]
[label_gain: ]
[lambdarank_position_bias_regularization: 0]
[eval_at: ]
[multi_error_top_k: 1]
[auc_mu_weights: ]
[num_machines: 1]
[local_listen_port: 12400]
[time_out: 120]
[machine_list_filename: ]
[machines: ]
[gpu_platform_id: -1]
[gpu_device_id: -1]
[gpu_use_dp: 0]
[num_gpu: 1]

end of parameters

pandas_categorical:null
