tree
version=v4
num_class=1
num_tree_per_iteration=1
label_index=0
max_feature_idx=31
objective=binary sigmoid:1
feature_names=Column_0 Column_1 Column_2 Column_3 Column_4 Column_5 Column_6 Column_7 Column_8 Column_9 Column_10 Column_11 Column_12 Column_13 Column_14 Column_15 Column_16 Column_17 Column_18 Column_19 Column_20 Column_21 Column_22 Column_23 Column_24 Column_25 Column_26 Column_27 Column_28 Column_29 Column_30 Column_31
feature_infos=[5.8400136448623385:99.622992785339235] [-0.45236679955984721:1.4773891924974196] [0.0017186736014924999:0.019923649529704501] [0:1] [0:1] [-0.0077370104222098:0.0066132698844115004] [-0.0089506688053339004:0.0079597060888044] [-0.010610221922820001:0.010540086706438899] [0.00078628585492479433:0.0018116018236814218] [-0.010951851968324501:0.0095573196729685991] [-0.010951851968324501:0.0095573196729685991] [-0.0128598665554907:0.0097768063989865997] [0:1] [0:1] [-1:1] [0.0026004996198766999:0.0041725414787022004] [-0.0088829400137196007:0.0088166417626452005] [-1.0903241697110799:10] [0.0166666666666388:0.54999999999908333] [0.20000000000000001:1] [0.018332819527109169:0.019021349240817453] [0:1] [0.47125780129297212:0.99060324246904408] [0.0027599306065507999:0.2798790244737816] [0.60701538964581303:2.3943495332497902] [0.00082906582724417944:0.0016116020603626658] [-0.68421052631578949:0.78947368421052633] [4.8794769201799824e-05:0.49227204093610488] [0.47628294035994168:1.8695072442148917] [0.10000000000000001:0.90000000000000002] [0:0.6459044167368494] [0:0.85280305585851668]
tree_sizes=2703 2686 2165 3224 2815 2267 2918 2702 2800 2061 3329 2583

Tree=0
num_leaves=24
num_cat=0
split_feature=21 26 7 22 7 7 14 26 30 29 2 19 19 18 31 8 8 25 7 5 22 21 0
split_gain=20.5592 27.0481 16.6457 19.5806 16.9918 15.1813 13.3287 22.0004 20.0862 12.843 12.6456 12.0121 12.0445 13.3476 11.8325 10.9731 16.4151 10.4294 6.67666 5.33226 5.06999 3.66877 1.80159
threshold=0.99081189372772493 0.2105263157894737 0.0036768022915816506 0.80788276655666835 -0.0012886303084219499 -0.00081129762239319991 1.0000000180025095e-35 1.0000000180025095e-35 0.090401982694629165 0.78539040347494748 0.0038434093257088005 0.25000000000000006 0.75000000000000011 0.10833333333315277 0.023811246354170566 0.0012177660565043287 0.0011594456374763743 0.0011386957395030488 0.0052687878382628008 0.00037897313641065009 0.93972190177986292 0.048578797584627374 46.397190177143138
decision_type=2 2 2 2 2 2 2 2 2 2 2 2 2 2 2 2 2 2 2 2 2 2 2
left_child=2 19 3 10 6 20 7 -5 -8 -7 22 14 21 17 -4 16 -12 -14 -15 -2 -6 -13 -1
right_child=1 -3 11 4 5 9 8 -9 -10 -11 15 12 13 18 -16 -17 -18 -19 -20 -21 -22 -23 -24
leaf_value=-0.026394132431618578 0.054432963351510724 -0.012601163699204422 0.021667119138168236 -0.0016395275206425618 0.038900868429665593 0.0019836770195931185 -0.007024568035369317 -0.031571963992733987 0.023457465383181296 0.019164037445994063 -0.011830006329130676 -0.0552121711545688 -0.013235415771318012 -0.014954152037786845 -0.021310336997517946 -0.033545431586380459 0.038268087980090203 0.029733874603393783 -0.053559928803752758 0.025158891620338113 0.008839415884439995 -0.025323233351876133 -0.050267105449925194
leaf_weight=7.1775969564914694 12.09297960996628 13.463213384151457 13.747888177633287 59.333789765834808 16.032876849174503 275.64857247471809 56.593321651220322 35.413526982069016 29.386016100645065 45.688384830951691 20.838184803724292 9.6144119203090685 12.225827544927599 10.483618646860124 9.6523686349391919 10.415296673774717 8.016438424587248 8.4225742518901807 7.109274983406066 12.787585675716398 8.1265125572681409 7.9101597368717185 8.0695774853229505
leaf_count=30 44 55 53 238 60 1099 229 149 113 177 85 42 50 43 40 44 30 32 31 49 32 33 35
internal_value=3.40598e-08 0.0213119 -0.00124285 0.00051019 0.00229236 0.00619631 -0.0051449 -0.012907 0.00336404 0.00444822 -0.0165689 -0.014136 -0.0217014 -0.0120138 0.00372545 -0.0073616 0.00205911 0.00416362 -0.0311293 0.039808 0.0290911 -0.0423051 -0.0396878
internal_weight=698.25 38.3438 659.906 580.74 526.223 345.496 180.727 94.7473 85.9793 321.337 54.5171 79.1661 55.7659 38.2413 23.4003 39.2699 28.8546 20.6484 17.5929 24.8806 24.1594 17.5246 15.2472
internal_count=2793 148 2645 2321 2097 1368 729 387 342 1276 224 324 231 156 93 159 115 82 74 93 92 75 65
is_linear=0
shrinkage=1


Tree=1
num_leaves=24
num_cat=0
split_feature=17 17 8 17 1 24 8 25 27 5 0 24 16 19 29 17 24 0 24 8 2 22 25
split_gain=21.7295 22.2104 35.3784 30.596 24.9653 21.052 24.5422 18.7945 18.2331 16.7436 15.5698 15.5163 14.5177 14.3956 13.2987 12.3059 10.9164 10.2578 9.83473 8.12419 7.35379 6.33018 2.97177
threshold=-0.46818255421899896 1.2153146043083203 0.00096195549318803264 9.9955016697310182 0.90240645898502148 0.79072526776518948 0.00098487544257984502 0.0010999627485312438 0.21120418834776203 0.0012975513388686502 48.422915327198091 0.88947314617255879 0.0032661116382383501 0.90000000000000013 0.72182441530406238 4.0662387420851482 0.81749609617706198 63.683525575349996 0.90378254262474977 0.0010181395121217887 0.0095227455923191009 0.93972190177986292 0.0012681974820155097
decision_type=2 2 2 2 2 2 2 2 2 2 2 2 2 2 2 2 2 2 2 2 2 2 2
left_child=7 2 10 4 9 20 8 19 -7 15 -2 -8 13 16 -12 -3 -4 -6 -15 -1 -5 -19 -22
right_child=1 3 12 5 17 6 11 -9 -10 -11 14 -13 -14 18 -16 -17 -18 21 -20 -21 22 -23 -24
leaf_value=-0.019952218616958849 -0.046765302110360514 0.0010275815065056747 0.00010360325387555657 0.011686377939187398 -0.0047489161875080513 0.037559669673101162 -0.02732771916005057 0.010060650704352445 -0.015238551130717284 0.032099737734021139 -0.021440533122271031 0.0034645371112809221 -0.016433493610125957 0.020326838847339802 0.025109318744212676 -0.010987440101445107 0.026681923638301776 -0.048505195013898134 -0.023235514426773379 -0.058453157355534115 0.05563095811192801 -0.018415846852654828 0.030330248568696795
leaf_weight=10.15624044835568 10.900702998042105 148.5092091858387 16.510207891464233 11.984966158866881 12.144761294126509 23.995146408677105 22.717592909932137 9.4128070473670942 7.5525210052728644 11.093407869338987 13.997400909662248 40.737511649727821 10.936653554439543 7.7693887352943447 8.877205476164816 157.13976269960403 101.43172408640385 18.967586219310764 11.067271575331686 10.929636985063551 9.0935793071985263 10.659792467951773 11.59680227935314
leaf_count=42 47 593 66 47 49 90 95 37 31 42 58 162 45 30 34 640 388 82 46 48 33 44 44
internal_value=0 0.00113215 0.0100876 -0.00220365 -0.00670209 0.0103856 0.00317117 -0.0247014 0.0247655 -0.00380426 -0.0174928 -0.00752711 0.0164357 0.0191119 -0.00313407 -0.00513721 0.0230043 -0.0284757 -0.00501209 -0.0403926 0.031114 -0.0379776 0.0419864
internal_weight=698.182 667.683 181.491 486.193 358.515 127.678 95.0028 30.4987 31.5477 316.742 33.7753 63.4551 147.715 136.779 22.8746 305.649 117.942 41.7721 18.8367 21.0859 32.6753 29.6274 20.6904
internal_count=2793 2666 714 1952 1450 502 378 127 121 1275 139 257 575 530 92 1233 454 175 76 90 124 126 77
is_linear=0
shrinkage=0.03


Tree=2
num_leaves=19
num_cat=0
split_feature=17 7 21 17 8 24 19 8 23 26 11 14 24 29 1 5 28 15
split_gain=20.4715 20.9581 26.7765 27.2174 34.2549 25.6642 16.4635 14.7476 13.3984 11.2605 12.1767 11.2304 17.0137 10.4725 8.01441 6.98727 6.31113 0.51413
threshold=-0.46818255421899896 0.0036768022915816506 0.99081189372772493 1.2153146043083203 0.00096953240949642424 0.71008087987191226 0.90000000000000013 0.0011403763129653811 0.02899819430705251 0.4210526315789474 0.0039737686555277509 1.0000000180025095e-35 0.86758527075182645 0.79299783345735808 0.26256668064616351 0.00031963960743600003 1.1930504204904542 0.0026430371971118503
decision_type=2 2 2 2 2 2 2 2 2 2 2 2 2 2 2 2 2 2
left_child=7 2 3 4 8 -3 -6 14 -2 10 -5 12 -7 16 -1 -4 -13 -16
right_child=1 5 15 9 6 11 -8 -9 -10 -11 -12 13 -14 -15 17 -17 -18 -19
leaf_value=-0.010178681636956859 -0.0011572765121208785 0.037748809993741493 0.049073812834297272 -0.0026179454569815841 0.023741524259723579 0.030444660510920634 -0.0064443137164238318 0.010720733973614616 -0.042627884349051959 -0.035790309167574204 0.025873745314846156 -0.032421749340813238 -0.029902947955692698 0.0053718308294356453 -0.038611718189541525 0.015460317415831005 -0.0076234690510196225 -0.056768052822425835
leaf_weight=7.5995015501976075 20.445341229438785 8.2864408791065198 13.087620615959169 368.79304458200932 108.83479930460453 9.7533391565084475 18.785031393170357 7.8973314464092246 10.718866169452665 8.7217673510313016 13.844563156366346 45.985019877552986 7.1239082664251319 10.092492818832396 7.025782182812689 10.794137507677076 12.318251132965086 7.9618317931890488
leaf_count=31 82 31 48 1482 418 37 76 31 46 37 53 194 30 40 30 42 50 35
internal_value=0 0.00109843 0.00325128 0.00188806 0.0123623 -0.0120463 0.0192607 -0.0239818 -0.0157006 -0.00235321 -0.00156557 -0.0169956 0.00466855 -0.0224056 -0.0363037 0.0342597 -0.0272924 -0.0490211
internal_weight=698.069 667.585 574.025 550.143 158.784 93.5595 127.62 30.4844 31.1642 391.359 382.638 85.273 16.8772 68.3958 22.5871 23.8818 58.3033 14.9876
internal_count=2793 2666 2284 2194 622 382 494 127 128 1572 1535 351 67 284 96 90 244 65
is_linear=0
shrinkage=0.03


Tree=3
num_leaves=29
num_cat=0
split_feature=17 17 8 17 21 1 21 3 8 2 29 17 30 28 5 8 23 22 6 30 29 11 1 6 2 22 29 15
split_gain=19.3083 19.7584 31.5093 28.1667 24.0313 23.3608 24.1447 20.5634 16.1505 22.5701 14.9595 17.1748 19.0428 14.5832 14.2 13.9282 10.39 12.4112 10.3315 9.62092 9.1976 7.58858 7.57155 5.7081 5.46651 4.97279 4.25307 0.479311
threshold=-0.46818255421899896 1.2153146043083203 0.00094903698322987046 9.9955016697310182 0.40178406627960456 0.90240645898502148 0.53006884689967504 1.0000000180025095e-35 0.0010150150821175814 0.0097013116312404512 0.7729853259920606 0.58700119176926824 0.18642801165845235 0.98096336016332486 0.0013292076895421502 0.0011403763129653811 0.02899819430705251 0.96152627665817736 0.0014701764068463504 0.12860604856812188 0.58430290629329107 0.0024596939467104004 0.26256668064616351 0.00012879967308165004 0.0052486389177870017 0.93452812590114842 0.7012601668643238 0.0026430371971118503
decision_type=2 2 2 2 2 2 2 2 2 2 2 2 2 2 2 2 2 2 2 2 2 2 2 2 2 2 2 2
left_child=15 2 16 5 13 6 14 -7 18 -10 11 12 -4 23 -3 22 17 -2 -6 -13 -15 24 -1 -5 -12 -8 -9 -24
right_child=1 3 10 4 8 7 25 26 9 -11 21 19 -14 20 -16 -17 -18 -19 -20 -21 -22 -23 27 -25 -26 -27 -28 -29
leaf_value=-0.0098810286866102756 0.01697497628253139 -0.0029420814895732518 -0.007114676167638969 -0.0090459832932160752 0.043638158207305974 0.0018222942197002523 -0.057595408953376129 -0.049559856303541677 -0.0085874406509110091 0.033173671819683989 0.026953782974155512 0.030476353272701418 0.030805309933008781 -0.0064288727634583256 0.032175480315779652 0.010405532639054318 -0.048297917237849687 -0.032307555766430858 0.0096764730524949143 -0.0063846137135636334 -0.045924367825183367 0.0047876128457059819 -0.037515960954675118 0.02486920441561135 0.054831300298135828 -0.021988086236066379 -0.020854746292772848 -0.055226934199374446
leaf_weight=7.5981129705905976 9.004564926028257 290.43229030072689 59.082920268177986 7.372941970825198 26.701348051428795 14.032055124640463 7.5132338404655448 20.486766517162327 30.541393548250198 18.536547973752022 17.563390627503399 36.621752604842186 14.76671166718006 11.362161457538607 10.583285123109816 7.8970059156417838 8.2838504910469037 8.9938030242919904 12.205370828509329 7.4192234575748435 10.443223774433134 8.0719843059778196 7.0185394585132581 10.43475556373596 11.576130554080008 8.1860143244266492 7.2199477255344382 7.9429326206445694
leaf_count=31 35 1168 239 30 99 56 33 89 124 70 67 139 56 46 40 31 36 38 48 30 45 32 30 40 42 34 30 35
internal_value=0 0.00106553 0.00951526 -0.00208044 0.0100027 -0.00639658 -0.00359374 -0.0274682 0.0187456 0.00714718 0.0146806 0.00936909 0.000453933 -0.00930047 -0.00167704 -0.0233024 -0.0207078 -0.00746708 0.0331774 0.0241643 -0.0257339 0.0312826 -0.0352909 0.0106184 0.0384063 -0.0396965 -0.0423939 -0.0476712
internal_weight=697.892 667.436 181.384 486.051 127.598 358.454 316.715 41.7388 87.9847 49.0779 155.102 117.891 73.8496 39.6131 301.016 30.4566 26.2822 17.9984 38.9067 44.041 21.8054 37.2115 22.5596 17.8077 29.1395 15.6992 27.7067 14.9615
internal_count=2793 2666 714 1952 502 1450 1275 175 341 194 605 464 295 161 1208 127 109 73 147 169 91 141 96 70 109 67 119 65
is_linear=0
shrinkage=0.03


Tree=4
num_leaves=25
num_cat=0
split_feature=17 17 17 21 21 7 25 25 8 23 28 8 2 7 19 28 7 11 22 7 16 23 21 2
split_gain=18.2389 23.5484 25.4596 22.6538 21.0319 20.7157 26.5064 20.1789 18.8925 16.7832 16.2633 15.2344 21.2688 14.8926 15.8443 13.7397 11.5356 9.3936 7.7534 6.54039 8.29774 5.83664 4.95525 3.59299
threshold=-0.30899474515749342 1.0371032330481691 9.9955016697310182 0.40178406627960456 0.53006884689967504 0.0020979701014823006 0.0013048964658919373 0.0010991397273072388 0.00094903698322987046 0.067710999088266777 0.91392329513939519 0.0010150150821175814 0.0097013116312404512 0.0029550452018445006 0.75000000000000011 0.98096336016332486 0.0031795116787265505 0.00022473810196675003 0.90682494664750368 -3.6636065512911122e-05 -0.0017416807160090997 0.029346268592269444 0.32850646047374171 0.0059424000654738516
decision_type=2 2 2 2 2 2 2 2 2 2 2 2 2 2 2 2 2 2 2 2 2 2 2 2
left_child=7 8 4 15 5 10 -7 19 17 13 -3 16 -13 18 -15 22 -5 -2 -10 20 -1 -17 -4 -6
right_child=1 2 3 11 23 6 -8 -9 9 -11 -12 12 -14 14 -16 21 -18 -19 -20 -21 -22 -23 -24 -25
leaf_value=-0.018598136126532286 -0.03786993799154998 -0.0089417538652221979 0.026475208516427828 0.040861689835757997 -0.022995853480525647 -0.020657250778620958 0.029744629051530202 0.012429397574176328 0.035348625075695625 -0.027367347417843597 0.0066118691308745172 -0.0083313381043984801 0.032218901228180885 -0.018188816703499078 0.027812807408139493 -0.041436144176557714 0.00082158066826892092 0.0024491216858288757 0.01732874633165913 -0.010369419437768878 -0.056312824124158958 -0.0096339270377500917 -0.0046551126398006832 -0.052517041098280239
leaf_weight=10.13385960459709 8.8785780370235461 100.44736097753048 8.6412400752306002 30.335814505815506 8.6364251077175158 92.632108896970749 10.247713327407835 13.539196982979773 35.879074215888977 7.4003890156745902 151.56952506303787 30.540440201759338 18.517987281084061 17.461769804358482 10.759121984243395 10.259329348802568 8.5237182676792127 11.777074471116064 59.273140132427216 10.507075488567351 12.469541698694231 11.53781598806381 9.1626187413930875 8.4619120955467206
leaf_count=42 38 408 33 113 36 384 39 53 135 31 600 124 70 72 41 44 34 47 230 43 55 47 37 37
internal_value=0 0.00129641 -0.00183816 0.00970928 -0.00581101 -0.00422258 -0.0155571 -0.0180933 0.0116576 0.0158852 0.000393124 0.018203 0.00693519 0.0185462 -0.000437912 -0.00903181 0.0322313 -0.0148133 0.0242157 -0.0307094 -0.0398359 -0.0249883 0.0102985 -0.0381963
internal_weight=697.593 650.943 499.514 127.519 371.995 354.897 102.88 46.6497 151.429 130.773 252.017 87.918 49.0584 123.373 28.2209 39.601 38.8595 20.6557 95.1522 33.1105 22.6034 21.7971 17.8039 17.0983
internal_count=2793 2600 2006 502 1504 1431 423 193 594 509 1008 341 194 478 113 161 147 85 365 140 97 91 70 73
is_linear=0
shrinkage=0.03


Tree=5
num_leaves=20
num_cat=0
split_feature=17 7 21 17 24 21 24 8 22 29 8 14 24 29 2 28 1 30 20
split_gain=17.3732 18.8835 23.1507 24.2271 22.8405 19.7756 21.5597 19.0164 17.3282 17.2998 12.5605 10.6314 15.7594 9.5623 7.41263 7.00618 6.98265 6.66606 0.495137
threshold=-0.46818255421899896 0.0036768022915816506 0.99081189372772493 3.6157252601281562 0.71008087987191226 0.079718723135141792 0.7817655897093333 0.00094496456205509839 0.9092731751524602 0.76932010988666744 0.0011403763129653811 1.0000000180025095e-35 0.86758527075182645 0.79299783345735808 0.0029455949928555007 0.96923829991825394 0.26256668064616351 0.080576391119220256 0.018347288183263376
decision_type=2 2 2 2 2 2 2 2 2 2 2 2 2 2 2 2 2 2 2
left_child=10 2 3 7 -3 6 -5 14 -7 -9 16 12 -6 17 -2 -4 -1 -13 -18
right_child=1 4 15 5 11 8 -8 9 -10 -11 -12 13 -14 -15 -16 -17 18 -19 -20
leaf_value=-0.0091601662053862939 -0.039343671944584421 0.035571889039623279 0.01190072742141805 0.01367361522618476 0.029767503650303992 -0.010330813612846939 -0.023588900628275934 0.0069069894691634985 0.0085672688527990652 0.027031987738931066 0.0098350830836684729 -0.032694152738187675 -0.028363240059760653 0.0051116785624892224 -0.0053104832458233204 0.045810293315898497 -0.035499785128482113 -0.0098894820242827197 -0.052998646788047554
leaf_weight=7.5915231406688752 7.4722861349582663 8.2566827535629255 9.9605613499879855 17.126588344573975 9.7373298704624194 72.398016378283501 70.910744875669479 198.83051507174969 109.38401977717876 47.935354128479958 7.8942063450813285 41.059244558215141 7.1063710153102866 10.086614936590193 25.662287220358849 13.811226040124891 6.9881654381751996 17.144399777054787 7.8851896971464157
leaf_count=31 32 31 39 67 37 295 295 786 432 183 31 174 30 40 104 51 30 70 35
internal_value=0 0.00100757 0.00305163 0.00178524 -0.0114812 -0.0046175 -0.016278 0.00797262 0.00101372 0.0108486 -0.0221428 -0.0161519 0.00494342 -0.0214203 -0.0132633 0.0319538 -0.0335695 -0.0260966 -0.045513
internal_weight=697.241 666.882 573.492 549.72 93.3906 269.819 88.0373 279.9 181.782 246.766 30.3591 85.134 16.8437 68.2903 33.1346 23.7718 22.4649 58.2036 14.8734
internal_count=2793 2666 2284 2194 382 1089 362 1105 727 969 127 351 67 284 136 90 96 244 65
is_linear=0
shrinkage=0.03


Tree=6
num_leaves=26
num_cat=0
split_feature=17 17 17 1 7 25 31 2 2 5 25 26 19 30 20 17 5 2 19 22 6 30 27 1 10
split_gain=16.551 21.6734 24.3029 21.2164 19.8063 18.5313 15.5641 17.8004 18.0345 14.3366 12.0744 19.9542 11.495 12.2057 11.1846 10.8823 9.12827 14.4668 6.66672 6.40767 5.31836 5.07733 4.06646 2.68692 0.824168
threshold=-0.30899474515749342 1.2153146043083203 9.9955016697310182 0.90240645898502148 0.0019557262822137507 0.0010991397273072388 1.0000000180025095e-35 0.010205297183557253 0.0049559022348632008 0.0012975513388686502 0.0011822850544213556 0.31578947368421056 0.25000000000000006 0.022710245652169326 0.018338345557191677 4.0662387420851482 0.00085517337770330004 0.0044065054650936509 0.75000000000000011 0.9586853765000326 -0.0012898311854954998 0.036125118258099408 0.15577097792872077 0.98740930341336142 -0.00025305990791389996
decision_type=2 2 2 2 2 2 2 2 2 2 2 2 2 2 2 2 2 2 2 2 2 2 2 2 2
left_child=5 12 3 9 -5 19 10 8 -8 15 11 -4 13 22 -14 -3 17 -16 -18 20 -1 -12 -2 -6 -22
right_child=1 2 6 4 23 -7 7 -9 -10 -11 21 -13 14 -15 16 -17 18 -19 -20 -21 24 -23 -24 -25 -26
leaf_value=-0.01663769208228124 0.052451022374935374 0.0012726770625539219 0.015601578219037789 0.0072764745038062352 -0.028950702796549245 0.011975562605593381 0.0064126481761932873 0.026822413610667738 -0.045259584651286031 0.029968523508341609 0.040952317627076393 -0.029535048180233701 -0.029116910772741186 -0.0033590796336550621 0.00031469608085521765 -0.010028291790989156 -0.020459049998293989 0.02305696534450407 0.0091409907266038169 -0.0040078623920393845 -0.034976710139663234 0.010870383662755678 0.023237521218611685 -0.048751981739652776 -0.053913511122765774
leaf_weight=8.942475959658621 11.518783316016203 148.46645049750805 57.160377889871597 11.376983895897864 15.828562647104265 13.528833732008932 10.847049102187158 9.1653742343187314 13.210828110575674 11.068944811820982 19.053241625428203 10.221494689583777 7.1076756566762915 7.6873197555541983 45.271140843629837 157.04966147243977 14.239983737468721 57.738234221935272 12.703253239393232 7.399462327361106 6.9634014666080484 7.6495820432901374 8.5876642316579801 14.422819599509237 9.6820072382688558
leaf_count=37 42 593 223 45 67 53 43 35 57 42 71 43 30 31 181 640 59 222 50 30 30 30 33 63 43
internal_value=0 0.00123281 -0.00195105 -0.00595975 -0.0260702 -0.0172631 0.00928688 -0.00824986 -0.0218807 -0.00329009 0.0155305 0.00863755 0.0106303 0.0282265 0.00700229 -0.0045239 0.00904368 0.0131207 -0.00636373 -0.0293903 -0.0364894 0.0326112 0.0404603 -0.0387333 -0.0466426
internal_weight=696.892 650.375 485.521 358.213 41.6284 46.5162 127.308 33.2233 24.0579 316.585 94.0847 67.3819 164.854 27.7938 137.06 305.516 129.953 103.009 26.9432 32.9873 25.5879 26.7028 20.1064 30.2514 16.6454
internal_count=2793 2600 1952 1450 175 193 502 135 100 1275 367 266 648 106 542 1233 512 403 109 140 110 101 75 130 73
is_linear=0
shrinkage=0.03


Tree=7
num_leaves=24
num_cat=0
split_feature=7 21 24 22 7 7 14 26 30 19 5 2 26 14 24 28 29 28 30 27 19 9 21
split_gain=14.7806 23.1697 21.0363 16.3381 15.117 14.5253 11.9606 20.3467 18.3734 11.1021 15.799 15.6869 10.1952 9.95039 14.5458 9.03931 8.82225 6.65415 6.21752 6.23432 4.62591 4.10605 4.02445
threshold=0.0036768022915816506 0.99081189372772493 0.71008087987191226 0.80788276655666835 -0.0012886303084219499 -0.00081129762239319991 1.0000000180025095e-35 1.0000000180025095e-35 0.090401982694629165 0.50000000000000011 -0.00018935615576754999 0.0051032483668027508 0.4210526315789474 1.0000000180025095e-35 0.86758527075182645 0.95962094652835728 0.79299783345735808 0.96923829991825394 0.080576391119220256 0.14244526528099852 0.75000000000000011 -0.00023780415648825 0.045905301985568074
decision_type=2 2 2 2 2 2 2 2 2 2 2 2 2 2 2 2 2 2 2 2 2 2 2
left_child=1 3 -2 9 6 20 7 -5 -8 10 -1 -12 -7 14 -4 -11 18 -3 19 -15 -6 -17 -20
right_child=2 17 13 4 5 12 8 -9 -10 15 11 -13 -14 16 -16 21 -18 -19 22 -21 -22 -23 -24
leaf_value=0.02762490281911251 0.034143371124007546 0.011146770529945022 0.028711074758199593 -0.0013932263525623636 0.016396344818239299 0.0050333827877356583 -0.0067515789891265544 -0.03021289585214983 0.022427276414967019 -0.048289962132095202 -0.043648545322774068 0.012722253388160056 -0.027375394847795106 -0.011392764327788133 -0.027210695552758641 0.0024643387503599751 0.0047753544674674483 0.044247266038512256 -0.022408154047021227 -0.038694707378067301 0.044055557724009188 -0.028656097957954128 0.0063263809028984682
leaf_weight=10.20318026840687 8.217990577220915 9.9355848729610461 9.7145137488842028 59.213932275772095 14.111835241317751 311.94285613298416 56.522018432617188 35.328164860606194 29.324470266699791 11.940576344728472 9.9535996615886706 7.6636929214000693 8.8027221709489805 10.935213282704352 7.083060383796691 7.509993776679039 10.081006824970244 13.746497631072996 9.5739705264568347 30.020642042160034 9.9909317493438703 7.0949544757604581 7.5547760874032965
leaf_count=39 31 39 37 238 55 1239 229 149 113 52 43 30 37 45 30 30 40 51 40 129 37 30 30
internal_value=0 0.00171324 -0.0111154 0.000513189 0.00214262 0.00582874 -0.00487818 -0.0122408 0.00318509 -0.015109 -0.00166583 -0.018973 0.00411753 -0.0155984 0.0048328 -0.0289408 -0.0206985 0.0307067 -0.0251979 -0.0315827 0.0282486 -0.0124863 -0.00952921
internal_weight=696.466 603.285 93.1812 579.603 525.237 344.848 180.389 94.5421 85.8465 54.366 27.8205 17.6173 320.746 84.9632 16.7976 26.5455 68.1656 23.6821 58.0846 40.9559 24.1028 14.6049 17.1287
internal_count=2793 2411 382 2321 2097 1368 729 387 342 224 112 73 1276 351 67 112 284 90 244 174 92 60 70
is_linear=0
shrinkage=0.03


Tree=8
num_leaves=25
num_cat=0
split_feature=17 29 17 25 25 17 21 7 19 25 21 7 16 8 26 25 7 22 29 14 5 29 2 7
split_gain=15.5127 21.9678 20.7424 18.0173 17.4658 17.1498 20.934 18.597 24.1718 19.088 15.9527 17.0431 25.9759 10.6483 9.64495 8.90024 10.4741 8.54454 8.43626 11.8364 8.19768 4.37152 3.94613 2.20039
threshold=-0.30899474515749342 0.78071659454983999 0.80665459014188834 0.0011265398724126434 0.0010991397273072388 9.9955016697310182 0.53006884689967504 0.0023510152934289002 0.25000000000000006 0.0013048964658919373 0.40846809606197315 0.0034245615762641003 0.0027443769592898006 0.0010294146428510549 0.10526315789473685 0.00098516403610222989 0.0012168354419320002 0.88758116566923839 0.70569779460326176 -1.0000000180025095e-35 0.00085517337770330004 0.85080251004206475 0.006253222934989801 0.00066998308968540014
decision_type=2 2 2 2 2 2 2 2 2 2 2 2 2 2 2 2 2 2 2 2 2 2 2 2
left_child=4 5 20 14 18 6 7 8 -2 -9 15 13 -13 -12 21 -7 -17 -5 19 -1 23 -4 -8 -3
right_child=1 2 3 17 -6 10 22 9 -10 -11 11 12 -14 -15 -16 16 -18 -19 -20 -21 -22 -23 -24 -25
leaf_value=-0.037760566754136991 0.026585029547232256 0.029917585455873905 -0.010541865605970448 0.005220252562582405 0.011639608726583353 -0.03535693573395305 -0.020519468778235708 -0.015781378151640078 -0.0011973542741563407 0.031273402959284179 0.037760624290537108 -0.04523724114108333 0.022202262003772715 0.011827247304582567 -0.030732752502196179 -0.013081012008867349 0.025242369108453823 0.043902263198396886 -0.047415320942858698 0.0079949475519291973 0.0075108578993952702 0.019064916739297999 -0.05069272439848628 0.05126428303294895
leaf_weight=10.362663537263867 31.097123771905899 9.4665565788745898 9.324856057763105 10.579815968871118 13.52211184799671 7.7407290637493125 9.1285569816827792 109.20453351736069 285.61756935715675 8.1548908799886686 29.821504324674606 8.7736535072326678 11.911287263035772 28.799455538392067 12.80201445519924 17.560206964612011 9.9061921387910825 10.516751229763029 12.98932199180126 9.5253778398036992 8.1116574406623823 8.2645936608314496 8.4188358783721906 14.497826963663099
leaf_count=45 119 36 38 42 53 33 38 451 1146 31 112 38 46 113 54 72 38 39 57 38 32 32 37 53
internal_value=0 0.00119353 0.0155406 0.00361742 -0.0167344 -0.000919762 -0.0035566 -0.00224078 0.00152759 -0.0124377 0.00943132 0.0168992 -0.00630641 0.0251593 -0.0110509 -0.00726352 0.000640007 0.024889 -0.0285404 -0.0157256 0.0344338 0.00315911 -0.0355571 0.0432569
internal_weight=696.098 649.699 83.5641 51.488 46.3995 566.135 451.622 434.074 316.715 117.359 114.513 79.3059 20.6849 58.621 30.3915 35.2071 27.4664 21.0966 32.8774 19.888 32.076 17.5894 17.5474 23.9644
internal_count=2793 2600 326 205 193 2274 1822 1747 1265 482 452 309 84 225 124 143 110 81 140 83 121 70 75 89
is_linear=0
shrinkage=0.03


Tree=9
num_leaves=18
num_cat=0
split_feature=17 7 21 24 17 21 24 8 8 30 7 14 24 17 29 5 28
split_gain=14.9183 15.3786 19.6047 19.1051 18.5323 18.2728 19.9734 17.0454 16.483 14.6786 10.2708 9.19233 13.5919 8.59446 8.02254 6.60727 5.9725
threshold=-0.62353041705359924 0.0036768022915816506 0.99081189372772493 0.71008087987191226 3.6157252601281562 0.079718723135141792 0.7817655897093333 0.00098712332467791185 0.00091326353742758192 0.22206378059151169 -0.0029595328420205995 1.0000000180025095e-35 0.86758527075182645 -0.28944195260436806 0.79299783345735808 0.00031963960743600003 1.2251220738770245
decision_type=2 2 2 2 2 2 2 2 2 2 2 2 2 2 2 2 2
left_child=10 2 4 -3 7 6 -6 13 -7 -9 -1 12 -5 -2 16 -4 -13
right_child=1 3 15 11 5 8 -8 9 -10 -11 -12 14 -14 -15 -16 -17 -18
leaf_value=-0.00074889315528248949 -0.028603511674839377 0.032637719186478738 0.043749331633450739 0.027859982810191603 0.013309614481397307 0.033189145520017706 -0.022562024856478465 0.0080758318573106568 -0.0014077681451971442 0.033797691473503713 -0.048419864371883267 -0.028464344104535768 -0.026262955296923005 -0.0012182712792619861 0.0044656085413049924 0.011010676224989215 -0.0022544271106608072
leaf_weight=7.4453735798597362 12.471876963973044 8.165205702185629 12.851947277784349 9.6934718042612094 17.11813385784626 13.218044668436049 70.834805652499199 199.32196737825871 168.35513691604137 22.250280454754829 9.3796454071998578 48.088331684470177 7.0617048591375342 58.752788245677948 10.075573801994322 10.68564650416374 9.8252118378877622
leaf_count=30 53 31 48 37 67 50 295 787 677 84 42 204 30 236 40 42 40
internal_value=0 0.000690632 0.00249578 -0.0106294 0.00136081 -0.00430431 -0.0155185 0.00659058 0.00111135 0.0107002 -0.0277827 -0.0149016 0.00475229 -0.00612668 -0.0198109 0.0292404 -0.0241126
internal_weight=695.595 678.77 585.861 92.9095 562.323 269.526 87.9529 292.797 181.573 221.572 16.825 84.7443 16.7552 71.2247 67.9891 23.5376 57.9135
internal_count=2793 2721 2339 382 2249 1089 362 1160 727 871 72 351 67 289 284 90 244
is_linear=0
shrinkage=0.03


Tree=10
num_leaves=30
num_cat=0
split_feature=19 11 19 31 7 22 22 7 17 19 20 28 7 21 16 26 2 22 17 1 0 9 26 16 17 28 17 6 28
split_gain=14.3556 17.783 16.8598 19.8207 20.904 19.2746 16.4471 16.6517 15.8753 22.4583 31.6218 18.6039 18.3245 17.3637 17.254 14.1612 13.358 11.5983 11.3801 7.92339 8.71287 7.39492 6.91748 6.61667 5.49109 4.91625 4.71181 2.88625 1.59436
threshold=0.90000000000000013 -0.0021993644061240997 0.75000000000000011 0.17076344140317321 0.0038089382277120506 0.79299372701014703 0.81650250513458233 0.0029264996313143007 9.5854869506201279 0.25000000000000006 0.01834938112413393 0.99246099555950162 0.0034832998081113001 0.99081189372772493 -0.00013253342670244998 0.10526315789473685 0.0067200869602543007 0.86488984105125499 1.3068715593621991 0.21524615867841992 55.618238068838373 -0.00048289844303354995 0.10526315789473685 -0.00077307987036534986 4.2703025457569455 1.2551654133491568 1.5370833031355671 -0.00067435473381464983 1.0060000215396077
decision_type=2 2 2 2 2 2 2 2 2 2 2 2 2 2 2 2 2 2 2 2 2 2 2 2 2 2 2 2 2
left_child=2 24 8 4 5 -4 -3 19 9 14 21 17 -12 22 27 -6 -7 -10 -16 -8 -21 -11 -13 -19 -2 -5 -17 -1 -26
right_child=1 6 3 25 15 16 7 -9 11 10 12 13 -14 -15 18 26 -18 23 -20 20 -22 -23 -24 -25 28 -27 -28 -29 -30
leaf_value=0.02321518365208931 -0.011412625001856785 -0.039047718144612477 -0.034131678634752326 0.022904596617702659 0.012563475145373789 0.0093045457664490284 0.03217595925012575 -0.029273073685599511 -0.010159997231187436 -0.0092311684899524741 0.0013691781718467614 -0.0010383804959356311 -0.034622630783087437 0.031191957405031029 0.016588993469980787 -0.014135787101354375 0.035468106770615203 0.0091918478499907631 -0.011734122051789846 -0.0064468450265844886 0.015819174557792592 -0.030382043948040005 -0.03017973962137354 0.035680977072632042 -0.02959613058930205 0.052173781967301686 -0.045472198291308573 0.051059842200613159 -0.052267913183867351
leaf_weight=7.7971979379653922 8.3250424563884753 10.35609921813011 7.5143846273422232 13.466736868023874 9.4064401090145129 82.152423501014709 9.2066890746355039 13.909068852663038 8.3205892890691739 21.49982912838459 161.31176470220089 14.167156383395197 13.659283995628355 8.642942935228346 25.301246255636215 8.4536681175231951 22.57691901922226 12.668324112892149 25.366945073008537 38.710314616560936 26.397051572799683 55.308487176895142 15.843931838870047 30.193329572677612 7.3343817740678814 9.8274518698453885 10.519732490181921 8.1705891788005811 8.6765120774507505
leaf_count=30 34 45 32 52 37 324 35 59 34 88 645 57 59 33 99 35 85 50 104 157 103 234 67 114 31 36 46 30 38
internal_value=0 -0.00929897 0.00199527 0.0101207 0.00581811 0.0116578 -0.00355827 0.00061596 -0.00125869 -0.00441104 -0.00851961 0.0098532 -0.00144211 -0.00575431 0.0110298 -0.0170605 0.0150303 0.0217104 0.00232774 0.0063183 0.00252732 -0.0245496 -0.0166459 0.0280157 -0.0322052 0.0356996 -0.0319659 0.0380849 -0.0425318
internal_weight=695.085 122.915 572.169 163.918 140.624 112.244 98.5792 88.2231 408.252 318.415 251.779 89.8363 174.971 38.654 66.636 28.3798 104.729 51.1822 50.6682 74.3141 65.1074 76.8083 30.0111 42.8617 24.3359 23.2942 18.9734 15.9678 16.0109
internal_count=2793 502 2291 647 559 441 399 354 1644 1289 1026 355 704 157 263 118 409 198 203 295 260 322 124 164 103 88 81 60 69
is_linear=0
shrinkage=0.03


Tree=11
num_leaves=23
num_cat=0
split_feature=7 21 24 22 7 7 25 26 6 28 2 2 27 24 14 25 29 28 28 5 30 10
split_gain=12.2966 19.1265 17.8613 14.2587 13.3032 13.7383 11.3115 17.1785 16.1964 10.1147 16.0792 9.67203 9.6207 8.61982 8.82653 10.5239 17.5753 9.81638 9.43753 6.41895 4.41039 1.39288
threshold=0.0036768022915816506 0.99081189372772493 0.71008087987191226 0.80788276655666835 -0.0012886303084219499 -0.00081129762239319991 0.0011626642853475859 1.0000000180025095e-35 -0.0020830784250548996 1.0256751735520304 0.0052028391942967002 0.0065818844079359512 0.069130228484633433 1.126545876041589 1.0000000180025095e-35 0.0010708055888158333 0.56205854146685363 1.174367579544114 0.94775271529553029 0.00031963960743600003 1.0000000180025095e-35 -0.00012093815944164999
decision_type=2 2 2 2 2 2 2 2 2 2 2 2 2 2 2 2 2 2 2 2 2 2
left_child=1 3 -2 9 6 20 7 -5 -8 10 21 -7 -11 14 18 16 -16 -17 -4 -3 -6 -1
right_child=2 19 13 4 5 11 8 -9 -10 12 -12 -13 -14 -15 15 17 -18 -19 -20 -21 -22 -23
leaf_value=-0.030322722301822265 0.031768134899741292 0.04243623748008158 0.031688573330446695 -0.002378592119102638 0.012061017844489357 0.0012523985748334255 -0.0095197203205043598 -0.026631482327767915 0.024698506916352631 0.021946743859985848 -0.00067759502782983178 0.014574394710813073 -0.017333114429250424 -0.045837765845513648 -0.039565944433689 -0.040106964962137018 0.0088338690890367635 0 -0.014402752021771676 0.010102989521544588 0.038871707198155372 -0.05142411106137789
leaf_weight=6.9856481999158868 8.1223226189613325 12.747908502817156 7.8596005737781507 94.199651956558228 10.693682298064234 259.68367943167686 24.550063565373421 36.597617745399475 24.743396639823914 10.586061209440233 14.181626632809637 60.621471032500267 11.574279069900511 7.0971983522176734 9.2141401022672635 21.118599772453312 23.847684279084206 7.615336909890174 7.7077758312225342 10.648472145199774 13.357064083218573 10.852457150816917
leaf_count=30 31 48 30 380 42 1039 100 154 95 41 57 237 48 31 40 92 95 31 32 42 50 48
internal_value=0 0.00156192 -0.0101735 0.000475328 0.00199788 0.0054584 -0.00459314 -0.00922175 0.0075883 -0.0141445 -0.0248953 0.00379343 0.00125069 -0.0143093 -0.0112758 -0.0163798 -0.00463716 -0.0296411 0.0086617 0.0280695 0.0272855 -0.0437324
internal_weight=694.606 602.023 92.5827 578.627 524.447 344.356 180.091 130.797 49.2935 54.1801 32.0197 320.305 22.1603 84.4603 77.3631 61.7958 33.0618 28.7339 15.5674 23.3964 24.0507 17.8381
internal_count=2793 2411 382 2321 2097 1368 729 534 195 224 135 1276 89 351 320 258 135 123 62 90 92 78
is_linear=0
shrinkage=0.03


end of trees

feature_importances:
Column_17=29
Column_7=26
Column_21=18
Column_8=17
Column_24=16
Column_2=15
Column_22=14
Column_28=14
Column_29=14
Column_19=13
Column_25=13
Column_5=10
Column_26=10
Column_30=10
Column_1=8
Column_14=8
Column_6=5
Column_16=5
Column_0=4
Column_11=4
Column_23=4
Column_27=4
Column_20=3
Column_31=3
Column_9=2
Column_10=2
Column_15=2
Column_3=1
Column_18=1

parameters:
[boosting: gbdt]
[objective: binary]
[metric: binary_logloss]
[tree_learner: serial]
[device_type: cpu]
[data_sample_strategy: bagging]
[data: ]
[valid: ]
[num_iterations: 500]
[learning_rate: 0.03]
[num_leaves: 31]
[num_threads: 2]
[seed: 137]
[deterministic: 0]
[force_col_wise: 0]
[force_row_wise: 0]
[histogram_pool_size: -1]
[max_depth: 6]
[min_data_in_leaf: 30]
[min_sum_hessian_in_leaf: 0.001]
[bagging_fraction: 0.8]
[pos_bagging_fraction: 1]
[neg_bagging_fraction: 1]
[bagging_freq: 0]
[bagging_seed: 5691]
[bagging_by_query: 0]
[feature_fraction: 0.8]
[feature_fraction_bynode: 1]
[feature_fraction_seed: 22311]
[extra_trees: 0]
[extra_seed: 25471]
[early_stopping_round: 0]
[early_stopping_min_delta: 0]
[first_metric_only: 0]
[max_delta_step: 0]
[lambda_l1: 0.15]
[lambda_l2: 0.15]
[linear_lambda: 0]
[min_gain_to_split: 0]
[drop_rate: 0.1]
[max_drop: 50]
[skip_drop: 0.5]
[xgboost_dart_mode: 0]
[uniform_drop: 0]
[drop_seed: 11029]
[top_rate: 0.2]
[other_rate: 0.1]
[min_data_per_group: 100]
[max_cat_threshold: 32]
[cat_l2: 10]
[cat_smooth: 10]
[max_cat_to_onehot: 4]
[top_k: 20]
[monotone_constraints: ]
[monotone_constraints_method: basic]
[monotone_penalty: 0]
[feature_contri: ]
[forcedsplits_filename: ]
[refit_decay_rate: 0.9]
[cegb_tradeoff: 1]
[cegb_penalty_split: 0]
[cegb_penalty_feature_lazy: ]
[cegb_penalty_feature_coupled: ]
[path_smooth: 0]
[interaction_constraints: ]
[verbosity: -1]
[saved_feature_importance_type: 0]
[use_quantized_grad: 0]
[num_grad_quant_bins: 4]
[quant_train_renew_leaf: 0]
[stochastic_rounding: 1]
[linear_tree: 0]
[max_bin: 255]
[max_bin_by_feature: ]
[min_data_in_bin: 3]
[bin_construct_sample_cnt: 200000]
[data_random_seed: 486]
[is_enable_sparse: 1]
[enable_bundle: 1]
[use_missing: 1]
[zero_as_missing: 0]
[feature_pre_filter: 1]
[pre_partition: 0]
[two_round: 0]
[header: 0]
[label_column: ]
[weight_column: ]
[group_column: ]
[ignore_column: ]
[categorical_feature: ]
[forcedbins_filename: ]
[precise_float_parser: 0]
[parser_config_file: ]
[objective_seed: 12927]
[num_class: 1]
[is_unbalance: 0]
[scale_pos_weight: 1]
[sigmoid: 1]
[boost_from_average: 1]
[reg_sqrt: 0]
[alpha: 0.9]
[fair_c: 1]
[poisson_max_delta_step: 0.7]
[tweedie_variance_power: 1.5]
[lambdarank_truncation_level: 30]
[lambdarank_norm: 1]
[label_gain: ]
[lambdarank_position_bias_regularization: 0]
[eval_at: ]
[multi_error_top_k: 1]
[auc_mu_weights: ]
[num_machines: 1]
[local_listen_port: 12400]
[time_out: 120]
[machine_list_filename: ]
[machines: ]
[gpu_platform_id: -1]
[gpu_device_id: -1]
[gpu_use_dp: 0]
[num_gpu: 1]

end of parameters

pandas_categorical:null
