tree
version=v4
num_class=1
num_tree_per_iteration=1
label_index=0
max_feature_idx=31
objective=binary sigmoid:1
feature_names=Column_0 Column_1 Column_2 Column_3 Column_4 Column_5 Column_6 Column_7 Column_8 Column_9 Column_10 Column_11 Column_12 Column_13 Column_14 Column_15 Column_16 Column_17 Column_18 Column_19 Column_20 Column_21 Column_22 Column_23 Column_24 Column_25 Column_26 Column_27 Column_28 Column_29 Column_30 Column_31
feature_infos=[5.8400136448623385:99.622992785339235] [-178.97745144704095:138.21254038558982] [-0.45236679955984721:1.4773891924974196] [0.0017186736014924999:0.019923649529704501] [0:1] [0:1] [-0.0077370104222098:0.0066132698844115004] [-0.010610221922820001:0.010540086706438899] [0.00078628585492479433:0.0018116018236814218] [-1:1] [-0.010951851968324501:0.0095573196729685991] [-0.011423779003007801:0.0097242184449608995] [-0.0128598665554907:0.0097768063989865997] [0:1] [0:1] [-8.2051091762684933:10.724316082375172] [-0.0088829400137196007:0.0088166417626452005] [-1.0903241697110799:10] [0.0166666666666388:0.54999999999908333] [0.20000000000000001:1] [0.018332819527109169:0.019021349240817453] [0:1] [0.0027599306065507999:0.2798790244737816] [0.0028340725738007114:0.4487278107894499] [0.60701538964581303:2.3943495332497902] [0.00082906582724417944:0.0016116020603626658] [-0.68421052631578949:0.78947368421052633] [4.8794769201799824e-05:0.49227204093610488] [0.47628294035994168:1.8695072442148917] [0.10000000000000001:0.90000000000000002] [0:0.6459044167368494] [0:0.85280305585851668]
tree_sizes=2901 2281 3124 2053 2709 3008 2815 2803 3025 1957 2389 2929 1961 2916 3337 2067 2070 3440 2185

Tree=0
num_leaves=26
num_cat=0
split_feature=17 17 8 17 21 2 21 1 25 19 0 25 1 8 16 19 25 1 27 30 8 23 8 8 2
split_gain=21.9917 22.3768 35.4048 31.2562 25.8519 25.4837 24.6075 21.4883 18.8978 17.336 15.5814 15.3942 14.8028 19.9295 18.1595 14.3559 12.5143 11.9429 11.938 10.6696 8.1256 7.61597 7.51843 4.33271 3.70648
threshold=-0.46818255421899896 1.2153146043083203 0.00096195549318803264 9.9955016697310182 0.43023521707395201 0.90240645898502148 0.53006884689967504 54.027285510310328 0.0011070861814232371 0.90000000000000013 48.422915327198091 0.0013048964658919373 38.516016961675639 0.0010294146428510549 0.0028168110108166503 0.90000000000000013 0.00098516403610222989 22.045660742889599 0.13569283656465708 0.021651233854147463 0.0011150185508521655 0.020829963816869902 0.0009838462993577463 0.001144466184190972 0.98740930341336142
decision_type=2 2 2 2 2 2 2 2 2 2 2 2 2 2 2 2 2 2 2 2 2 2 2 2 2
left_child=8 2 10 5 15 6 11 9 22 18 -2 -3 13 -6 -14 16 -5 -7 -4 -11 -9 -12 -1 -8 -19
right_child=1 3 7 4 12 17 23 20 -10 19 21 -13 14 -15 -16 -17 -18 24 -20 -21 -22 -23 -24 -25 -26
leaf_value=-0.01371622712265775 -0.0467434165095039 -0.0037332113261702351 0.018615919072993699 -0.03167594892792145 0.046519902915642411 3.405979729093179e-08 -0.024430777480326266 0.0022144053258138239 0.012049985411535057 -0.025336985004687545 -0.026276100777826116 0.023222329313494491 -0.025340089423777818 0.0098004777061210264 0.023891870706047372 -0.04507056291609543 0.0091460329481226291 -0.027561696451137936 0.0404364743266621 0.019470217473278935 -0.03959483286119668 0.0095333063994812745 -0.052267285551526065 -0.058127548671350546 -0.049711681389018908
leaf_weight=7.3256278038024965 10.901141375303267 280.78410282731056 79.42043399810791 8.5440352857112867 29.234189808368683 9.9977739453315717 8.6427225172519666 9.5422945022583026 8.6806792318820936 10.791067242622377 8.1378994584083575 20.280222684144974 11.751369744539263 25.161444067955017 15.361044585704802 7.4357019364833823 30.209674656391144 17.691580861806873 32.669263988733292 8.2745434045791608 7.0295661091804496 14.738555938005446 14.495633304119108 7.059931367635726 14.089497476816176
leaf_count=30 47 1130 308 36 108 40 36 38 34 45 34 78 49 99 59 32 119 74 122 32 30 58 63 31 61
internal_value=3.40598e-08 0.00114035 0.0101289 -0.00220774 0.0105157 -0.00675429 -0.00382674 0.016479 -0.0248472 0.0205604 -0.0174608 -0.00189184 0.0206779 0.029691 0.00236612 -0.00732882 3.40598e-08 -0.0287506 0.0250613 -0.00565613 -0.0154475 -0.00309802 -0.0397121 -0.0402714 -0.0377098
internal_weight=698.25 667.748 181.505 486.243 127.697 358.546 316.767 147.727 30.5019 131.155 33.7776 301.064 81.508 54.3956 27.1124 46.1894 38.7537 41.7789 112.09 19.0656 16.5719 22.8765 21.8213 15.7027 31.7811
internal_count=2793 2666 714 1952 502 1450 1275 575 127 507 139 1208 315 207 108 187 155 175 430 77 68 92 93 67 135
is_linear=0
shrinkage=1


Tree=1
num_leaves=20
num_cat=0
split_feature=17 7 21 17 3 8 21 23 25 3 30 17 30 22 12 8 3 6 11
split_gain=20.7089 21.1803 27.7129 28.0093 24.4697 22.0938 19.9394 18.4917 17.904 17.7276 14.8644 8.38117 17.3823 11.2289 15.1173 7.92228 7.4157 7.33003 2.87448
threshold=-0.46818255421899896 0.0036768022915816506 0.99081189372772493 3.6157252601281562 0.012043254599730801 0.00094496456205509839 0.079718723135141792 0.039595554129445522 0.0010999627485312438 0.0032051737447018505 0.22570550196229816 2.0787250023727388 0.055323592561523811 0.0082738645800187159 0.0023160868544062504 0.0010181395121217887 0.0029455949928555007 0.00031963960743600003 1.3328237986877904e-05
decision_type=2 2 2 2 2 2 2 2 2 2 2 2 2 2 2 2 2 2 2
left_child=8 2 3 5 11 16 9 -8 15 -5 -7 13 18 -3 -15 -1 -2 -4 -13
right_child=1 4 17 6 -6 10 7 -9 -10 -11 -12 12 -14 14 -16 -17 -18 -19 -20
leaf_value=-0.019260540878079286 -0.040434189447824814 -0.039142249540915657 0.049962693662122588 -0.054982592771382496 0.025634530786682378 0.0090247336813516765 0.010196208069396213 -0.0089137912359849008 0.0098004275506041877 -0.011865125286027189 0.032776821189448239 -0.020036198850217159 0.00077900479679228571 0.031603650157503209 -0.015867421628353775 -0.057273879754405128 -0.0063850829581400051 0.015573379120516003 -0.042769255353526506
leaf_weight=10.154914230108266 7.4838832020759574 7.0285039097070721 13.097868695855142 9.6139725595712644 13.062275201082228 220.30266931653023 91.268684700131416 90.657199680805206 9.4124270528554899 78.450076520442963 26.699061661958694 7.7307417541742316 14.766200661659239 10.034726440906526 14.599147021770476 10.924044370651243 25.704174980521202 10.795379236340521 26.370234191417694
leaf_count=42 32 30 48 42 50 868 359 368 37 320 101 32 59 38 60 48 104 42 113
internal_value=0 0.00110423 0.00326859 0.00188168 -0.0121075 0.00853001 -0.00500208 0.000649111 -0.0241182 -0.0167088 0.0116287 -0.0183215 -0.0261241 -0.0060712 0.00336282 -0.0394382 -0.0143455 0.0348063 -0.0378573
internal_weight=698.156 667.665 574.073 550.18 93.5918 280.19 269.99 181.926 30.4914 88.064 247.002 80.5296 48.8672 31.6624 24.6339 21.079 33.1881 23.8932 34.101
internal_count=2793 2666 2284 2194 382 1105 1089 727 127 362 969 332 204 128 98 90 136 90 145
is_linear=0
shrinkage=0.03


Tree=2
num_leaves=28
num_cat=0
split_feature=17 17 8 17 21 2 21 7 25 8 3 6 28 7 30 17 6 3 22 23 7 3 29 25 21 8 29
split_gain=19.5182 20.2165 32.3734 28.6531 23.8719 23.3264 23.3374 21.2015 16.9016 16.089 23.4499 15.0152 14.4549 13.7204 15.6082 27.2074 13.321 13.0106 12.4286 15.2933 11.4248 9.27036 8.96015 7.6269 5.34481 4.04331 3.42314
threshold=-0.46818255421899896 1.2153146043083203 0.00096195549318803264 9.9955016697310182 0.40178406627960456 0.90240645898502148 0.53006884689967504 0.0019557262822137507 0.0010999627485312438 0.0010150150821175814 0.0097013116312404512 0.0013292076895421502 0.98096336016332486 0.0029264996313143007 0.0025759127767160015 0.50576335680989615 0.00062228904423550018 0.0063424160842361502 0.02899819430705251 0.023926632424283511 0.0031795116787265505 0.0041482679461093009 0.58430290629329107 0.0010090033984041515 0.32850646047374171 0.001144466184190972 0.70683855990270206
decision_type=2 2 2 2 2 2 2 2 2 2 2 2 2 2 2 2 2 2 2 2 2 2 2 2 2 2 2
left_child=8 2 18 5 12 6 11 -7 23 20 -11 -3 24 14 15 -4 -16 21 19 -2 -6 -15 -14 -1 -5 -8 -9
right_child=1 3 13 4 9 7 25 26 -10 10 -12 -13 22 17 16 -17 -18 -19 -20 -21 -22 -23 -24 -25 -26 -27 -28
leaf_value=-0.012432450140298932 -0.02818685692184366 -0.0030803963939606822 -0.0025080961605443469 0.027447935130378714 0.041768382430239212 0.0070052475421806502 -0.023822039449120876 -0.046400055568370194 0.009511581790412919 -0.0088308819824721978 0.033725084914730766 0.033022841144490299 -0.0064666894100325655 -0.012271724836106836 0.042617286788082499 0.037017658700923738 0.0026715858275699247 -0.026871452621810871 -0.044644600107020094 0.019573815269529417 0.0018978135098990821 0.027240220146944452 -0.045463046125349814 -0.051531664453431852 -0.0048876657881629353 -0.056448967614036984 -0.020732043986422376
leaf_weight=7.3208782374858918 12.151510030031206 290.44832594692707 44.098854169249535 8.6487161070108431 30.390305325388908 11.38139785826206 8.641607850790022 23.147057324647907 9.4118755757808668 30.550240069627762 18.551813289523125 10.588337466120718 11.361149102449419 8.3321704566478747 36.076064139604568 23.993169844150543 9.8148533105850202 11.469927549362181 9.9851249009370786 11.626854375004767 8.529406785964964 13.891087368130682 10.441816627979277 13.729483038187025 9.1647483855485898 7.0535323023796073 7.2214301973581305
leaf_count=30 51 1168 177 33 113 45 36 100 37 124 70 40 46 34 134 90 39 48 43 45 34 53 45 60 37 31 30
internal_value=0 0.00107042 0.00961601 -0.00211187 0.010073 -0.00646525 -0.00366419 -0.0275187 -0.0234274 0.0187838 0.00721006 -0.00177979 -0.00916592 0.0156898 0.0206577 0.0114042 0.0342082 -0.00100029 -0.0167692 -0.00466906 0.0331866 0.0122419 -0.0255307 -0.0383302 0.0106594 -0.0391644 -0.0405757
internal_weight=698.022 667.56 181.44 486.12 127.638 358.482 316.732 41.7499 30.4622 88.0218 49.1021 301.037 39.6164 147.676 113.983 68.092 45.8909 33.6932 33.7635 23.7784 38.9197 22.2233 21.803 21.0504 17.8135 15.6951 30.3685
internal_count=2793 2666 714 1952 502 1450 1275 175 127 341 194 1208 161 575 440 267 173 135 139 96 147 87 91 90 70 67 130
is_linear=0
shrinkage=0.03


Tree=3
num_leaves=18
num_cat=0
split_feature=17 7 21 17 24 8 29 21 24 8 25 24 29 3 6 25 27
split_gain=18.4037 19.2025 24.986 25.3774 24.8802 19.7581 19.3127 18.6821 21.6928 17.4413 15.9907 8.67335 9.02866 7.03069 6.88534 6.62823 5.86861
threshold=-0.46818255421899896 0.0036768022915816506 0.99081189372772493 3.6157252601281562 0.71008087987191226 0.00094496456205509839 0.76932010988666744 0.079718723135141792 0.7817655897093333 0.00091326353742758192 0.0011070861814232371 1.126545876041589 0.79299783345735808 0.0029455949928555007 0.00031963960743600003 0.0010090033984041515 0.32392038581445914
decision_type=2 2 2 2 2 2 2 2 2 2 2 2 2 2 2 2 2
left_child=10 2 3 5 -3 13 -7 8 -5 -9 15 12 16 -2 -4 -1 -6
right_child=1 4 14 7 11 6 -8 9 -10 -11 -12 -13 -14 -15 -16 -17 -18
leaf_value=-0.012070705303787859 -0.038938096749811232 0.037484250951209074 0.047788136807527165 0.013937728121569111 -0.020443786580109917 0.0068798456872703646 0.028122774598481927 0.033659921632980615 -0.023438301289066241 -0.0018912376560146658 0.011127838293121963 -0.047990414841288666 0.015857929579180526 -0.0057734385010621619 0.014434093788027022 -0.0483231790447083 0.0041597363366217364
leaf_weight=7.3185974061489167 7.4743766188621512 8.2842430472373945 13.061190187931063 17.129696205258369 60.035528257489204 198.88795018196106 48.010839521884918 13.25052973628044 70.910878583788872 168.61260628700256 8.6785450428724271 7.15051345527172 8.2182992696762067 25.692201212048531 10.78193750977516 14.418954342603682 9.8084426522254926
leaf_count=30 32 31 48 67 249 786 183 50 295 677 34 31 32 104 42 63 39
internal_value=0 0.00103753 0.00309864 0.00178211 -0.0115486 0.0081123 0.0110434 -0.00477059 -0.0161038 0.000699898 -0.0227679 -0.0164257 -0.0133904 -0.0135241 0.0330774 -0.0364897 -0.0169228
internal_weight=697.725 667.309 573.812 549.969 93.497 280.065 246.899 269.904 88.0406 181.863 30.4161 85.2128 78.0623 33.1666 23.8431 21.7376 69.844
internal_count=2793 2666 2284 2194 382 1105 969 1089 362 727 127 351 320 136 90 93 288
is_linear=0
shrinkage=0.03


Tree=4
num_leaves=24
num_cat=0
split_feature=17 17 17 21 21 7 8 2 22 28 1 8 3 1 3 28 12 19 6 12 26 7 27
split_gain=17.5379 23.3553 25.1585 21.9423 20.3412 20.2856 18.2731 17.2263 17.1895 16.4726 16.2439 14.7942 21.9933 19.7382 13.8842 13.599 9.53981 8.11901 6.30095 5.21869 6.63485 5.10406 3.59605
threshold=-0.30899474515749342 1.0371032330481691 9.9955016697310182 0.40178406627960456 0.53006884689967504 0.0020979701014823006 0.00094903698322987046 0.90240645898502148 0.067710999088266777 0.91392329513939519 60.380633677454178 0.0010150150821175814 0.0097013116312404512 38.516016961675639 0.0059090297263408509 0.98096336016332486 0.00022473810196675003 0.90000000000000013 -0.00029001656475989996 0.0011508975469343003 1.0000000180025095e-35 0.0012168354419320002 0.20514012914287913
decision_type=2 2 2 2 2 2 2 2 2 2 2 2 2 2 2 2 2 2 2 2 2 2 2
left_child=14 6 4 15 5 9 16 -7 10 -3 17 13 -13 -5 19 21 -2 -8 -17 20 -1 -4 -6
right_child=1 2 3 11 22 7 8 -9 -10 -11 -12 12 -14 -15 -16 18 -18 -19 -20 -21 -22 -23 -24
leaf_value=-0.018614108941221914 -0.037683125796402872 -0.0090669626513881132 -0.0056494448017862589 0.044097968474164383 -0.025026556759714557 -0.0075023332341674475 0.024542131547391433 -0.034656355702871226 -0.028028028980914693 0.0065874464429039161 -0.020070668193245163 -0.0086409196290497727 0.032587047257755027 -0.0048776277850284223 0.0062116591567599961 -0.0041078050359134016 0.0029589259864647994 0.00022401579760172419 -0.037719730440956806 -0.0079291944095759882 -0.051711170847727382 0.025945112270314211 -0.05512974503027513
leaf_weight=11.301548197865488 8.8791676610708254 100.43928667902946 8.660857632756235 29.162827402353287 10.272884517908098 73.053756326436996 99.928406089544296 29.817752510309219 7.4010938555002204 151.55352820456028 8.9068397730588895 30.540845513343811 18.531605124473572 9.6597920358180982 14.587743088603018 8.6520516276359576 11.772467166185377 14.526915490627287 13.136599987745283 8.5881306976079923 12.12049727141857 9.1474787145853025 6.8114901185035697
leaf_count=47 38 408 35 108 43 296 383 127 31 600 37 124 70 39 58 35 47 58 56 35 53 35 30
internal_value=0 0.00127022 -0.00185174 0.00962843 -0.00580117 -0.00423919 0.0115893 -0.0154557 0.0157471 0.000328384 0.0184407 0.0179893 0.00688875 0.0318246 -0.0177531 -0.00881517 -0.0144445 0.0214992 -0.0246972 -0.0287924 -0.0361522 0.0104101 -0.0376651
internal_weight=697.454 650.856 499.441 127.492 371.949 354.864 151.415 102.872 130.763 251.993 123.362 87.8951 49.0725 38.8226 46.5979 39.597 20.6516 114.455 21.7887 32.0102 23.422 17.8083 17.0844
internal_count=2793 2600 2006 502 1504 1431 594 423 509 1008 478 341 194 147 193 161 85 441 91 135 100 70 73
is_linear=0
shrinkage=0.03


Tree=5
num_leaves=27
num_cat=0
split_feature=17 17 8 17 21 2 21 7 1 0 6 8 3 1 27 1 8 29 18 31 2 8 11 8 29 1
split_gain=16.5308 17.5133 28.4253 24.7165 20.6892 20.4689 20.8278 19.0334 17.5695 14.3505 14.067 13.9981 19.6812 15.91 12.8978 18.0007 12.7582 12.7132 8.70481 9.14429 7.70949 7.56109 3.87825 3.76331 3.1989 0.654559
threshold=-0.46818255421899896 1.2153146043083203 0.00096195549318803264 9.9955016697310182 0.40178406627960456 0.90240645898502148 0.53006884689967504 0.0019557262822137507 54.027285510310328 48.422915327198091 0.0013292076895421502 0.0010012295216675286 0.0097013116312404512 38.516016961675639 0.17466247697477075 -11.947004750323684 0.0011403763129653811 0.72182441530406238 0.14166666666643057 0.00072151828655715787 0.26256668064616351 0.0011150185508521655 0.00059130387543495017 0.001144466184190972 0.70683855990270206 -6.1193896563927401
decision_type=2 2 2 2 2 2 2 2 2 2 2 2 2 2 2 2 2 2 2 2 2 2 2 2 2 2
left_child=16 2 9 5 18 6 10 -7 14 -2 -3 13 -13 -6 15 -4 20 -11 19 -5 -1 -10 -16 -8 -9 -22
right_child=1 3 8 4 11 7 23 24 21 17 -12 12 -14 -15 22 -17 -18 -19 -20 -21 25 -23 -24 -25 -26 -27
leaf_value=-0.0075546779710409752 -0.043952371426949514 -0.002883980590574548 -0.0054755770609140114 0.01117840548506176 0.043688609935892617 0.0068925879003478513 -0.02220693551356212 -0.043844155537044856 0.0027832304480677385 -0.019953829058972309 0.03207146446439 -0.0060124104318806885 0.032081360813570346 -0.0025344366161130058 0.051583511637364861 0.021593604619556079 0.01063054539624826 0.02560419368479917 -0.036275104931147724 -0.02186719263306932 -0.05362989952566901 -0.037575619115822516 0.022716942316626066 -0.053726848806945594 -0.019025941105488827 -0.035050284102064802
leaf_weight=7.5617413073778215 10.862749949097632 290.39552564918995 30.022245645523071 19.588610991835598 26.416396200656891 11.380079522728918 8.6292955577373487 23.032437846064571 9.5330194681882876 13.973405167460443 10.581906691193579 33.878306299448013 18.784506812691689 8.700819402933119 12.055204153060915 80.753044828772545 7.8850147128105155 8.8683511763811094 7.9764453321695319 12.012630969285963 7.8995367437601125 7.0140454918146125 8.0768433809280378 7.0129820704460135 7.2027120888233176 6.9699769318103737
leaf_count=31 47 1168 121 77 98 45 36 100 38 58 40 137 71 35 44 311 31 34 34 50 35 30 31 31 30 30
internal_value=-6.38081e-07 0.000980132 0.0089409 -0.00198235 0.00934818 -0.00602531 -0.00340325 -0.025783 0.0146372 -0.0158013 -0.00162469 0.0174749 0.00754273 0.0321465 0.0183336 0.0142193 -0.0216172 -0.00201848 -0.00856088 -0.00128551 -0.0331475 -0.0142386 0.040478 -0.0369995 -0.0382031 -0.0456575
internal_weight=697.068 666.752 181.159 485.593 127.358 358.235 316.62 41.6152 147.454 33.7045 300.977 87.78 52.6628 35.1172 130.907 110.775 30.3163 22.8418 39.5777 31.6012 22.4313 16.5471 20.132 15.6423 30.2351 14.8695
internal_count=2793 2666 714 1952 502 1450 1275 175 575 139 1208 341 208 133 507 432 127 92 161 127 96 68 75 67 130 65
is_linear=0
shrinkage=0.03


Tree=6
num_leaves=25
num_cat=0
split_feature=21 26 19 19 19 7 20 16 3 3 12 7 23 3 24 22 7 10 16 26 2 27 21 7
split_gain=14.8893 23.6352 14.3526 20.5866 20.4415 22.3813 21.8962 19.7117 17.8844 20.3139 17.1491 16.3428 14.7331 24.5457 12.5927 17.4617 12.1295 11.1761 10.1988 5.89685 4.48143 3.79842 3.7399 1.20302
threshold=0.99081189372772493 0.2105263157894737 0.90000000000000013 0.75000000000000011 0.25000000000000006 0.0036768022915816506 0.01834938112413393 -0.0018488827434615998 0.011244782578796251 0.0069113628766405508 -0.0019836568156788494 0.0025150453132911006 0.06857133874632057 0.0051312751420312516 0.9720345159263345 0.085204105487776113 0.0010558146237450003 0.00029057099175705005 0.0030988263870386505 -0.2105263157894737 0.07634577943654057 0.12304547825302646 0.048578797584627374 -0.0022133400184750495
decision_type=2 2 2 2 2 2 2 2 2 2 2 2 2 2 2 2 2 2 2 2 2 2 2 2
left_child=2 21 3 4 12 6 -6 20 9 -9 19 14 13 -1 15 -12 -16 -14 -13 -4 -5 -2 -7 -21
right_child=1 -3 10 7 5 22 -8 8 -10 -11 11 18 17 -15 16 -17 -18 -19 -20 23 -22 -23 -24 -25
leaf_value=0.032320086638001268 0.047608229097731027 -0.013518045673474272 -0.016396396353420557 0.019948505233003254 -0.017056978975641578 -0.052359957203245398 0.0011131447060944348 0.0023183905682274421 -0.03932338073502134 0.032132764888770239 0.018358010281797951 -0.05613465634841952 0.0027222476404271246 -0.0023028926962518274 -0.030398700721814248 -0.032195694093201215 0.014212201122287476 -0.043179526923184046 -0.0068894984935519805 -0.055916016857018122 0.049500681611703852 0.022532794911021649 -0.022388185297299881 -0.033446203612424862
leaf_weight=38.482208028435707 12.4633806347847 13.41714410483837 13.344492807984354 9.0535624921321887 85.777123868465424 9.5647674202919024 194.12616111338139 97.488059788942337 7.2307871729135504 26.067576140165329 40.925345242023468 7.7185154110193235 13.991424217820169 34.768628656864166 16.376731127500538 7.0388582199811927 7.9436378926038733 6.9604457914829245 7.8390211164951324 6.8096722662448883 11.988079413771628 12.208688810467718 7.872309833765029 7.065647825598715
leaf_count=146 46 55 55 35 354 42 776 389 31 99 159 34 56 140 69 30 31 30 32 30 44 47 33 30
internal_value=-2.40282e-06 0.0181901 -0.00106554 0.000965911 -0.00266156 -0.00652851 -0.00444522 0.0103437 0.00594616 0.00867629 -0.0106868 -0.00415933 0.00948731 0.0158538 0.00180506 0.0107684 -0.015646 -0.0125121 -0.0319106 -0.031449 0.0372289 0.0355924 -0.0393908 -0.0452748
internal_weight=696.522 38.0892 658.433 543.371 391.543 297.34 279.903 151.828 130.786 123.556 115.062 87.8421 94.2027 73.2508 72.2846 47.9642 24.3204 20.9519 15.5575 27.2198 21.0416 24.6721 17.4371 13.8753
internal_count=2793 148 2645 2175 1577 1205 1130 598 519 488 470 355 372 286 289 189 100 86 66 115 79 93 75 60
is_linear=0
shrinkage=0.03


Tree=7
num_leaves=25
num_cat=0
split_feature=17 29 17 25 25 17 21 11 24 21 17 23 23 26 6 30 22 25 2 29 29 3 0 0
split_gain=15.6553 23.4651 21.5334 18.3756 18.007 17.3345 18.812 19.6617 15.4456 15.0311 14.011 10.0793 10.0354 9.88377 8.90429 8.6119 16.233 8.54689 7.91409 7.8175 4.40414 3.73934 3.10178 1.56825
threshold=-0.30899474515749342 0.78071659454983999 0.80665459014188834 0.0010991397273072388 0.0011265398724126434 9.9955016697310182 0.53006884689967504 -0.00052086390192384983 0.96320454319561288 0.40846809606197315 1.8369043219985739 0.073565261255185324 0.022805973163368791 0.10526315789473685 0.00085517337770330004 0.11259678656812271 0.020807585171584621 0.00098516403610222989 0.64226268413061838 0.65484970324570291 0.85080251004206475 0.006253222934989801 45.040207391987735 50.277882230693656
decision_type=2 2 2 2 2 2 2 2 2 2 2 2 2 2 2 2 2 2 2 2 2 2 2 2
left_child=3 5 14 12 13 6 7 10 -9 17 -2 -6 -1 20 23 18 -17 -7 -11 -19 -4 -8 -14 -3
right_child=1 2 4 -5 11 9 21 8 -10 15 -12 -13 22 -15 -16 16 -18 19 -20 -21 -22 -23 -24 -25
leaf_value=0.00045756085293123723 0.01921411080270476 0.03301970532125708 -0.010156633264348187 0.012296972250078425 0.041107995362131111 -0.034333152813028685 -0.01940557706961488 -0.0026096536723799841 -0.018139789236244295 0.033766103430890627 -0.00029613196876477005 -0.00099628333541715059 -0.025886891023579623 -0.03072373606148858 0.0072026856626836262 0.032044418488421558 -0.023260810167949168 0.011257688880660947 0.011566400162670871 -0.023810536054650389 0.019551119081950799 -0.04882590591020302 -0.048809071625942752 0.051859567441831102
leaf_weight=7.7195652425289145 51.35796357691288 10.05066365003586 9.326814100146299 13.528813943266867 13.152714014053347 7.7361557781696311 9.1102150678634661 211.61429809033871 79.579782098531723 28.551186501979828 91.584897175431252 7.971844106912612 12.279532343149187 12.806032955646513 8.0960515439510328 7.9209410697221783 11.541819497942923 19.589638561010364 31.310707211494446 7.8913641571998587 8.260013207793234 8.3685273975133878 12.915129676461218 13.968723148107527
leaf_count=31 199 38 38 53 49 33 38 852 329 108 367 32 52 54 32 30 48 77 123 33 32 37 57 51
internal_value=-3.90031e-06 0.00119385 0.016015 -0.0168083 0.00386842 -0.000991237 -0.00364243 -0.0023968 -0.00687645 0.00941374 0.00669505 0.0251124 -0.0289091 -0.0108007 0.0352516 0.0166617 -0.000450349 -0.00678604 0.0222875 0.000950147 0.00358986 -0.0340424 -0.038034 0.0444163
internal_weight=696.233 649.79 83.6329 46.443 51.5174 566.157 451.616 434.137 291.194 114.542 142.943 21.1246 32.9142 30.3929 32.1154 79.3247 19.4628 35.2172 59.8619 27.481 17.5868 17.4787 25.1947 24.0194
internal_count=2793 2600 326 193 205 2274 1822 1747 1181 452 566 81 140 124 121 309 78 143 231 110 70 75 109 89
is_linear=0
shrinkage=0.03


Tree=8
num_leaves=27
num_cat=0
split_feature=7 1 20 26 11 8 16 28 30 19 16 29 8 20 19 19 29 28 31 19 1 22 29 26 22 18
split_gain=13.719 17.0498 18.8949 18.0316 16.7104 16.5763 15.2002 15.4578 13.2352 12.8673 18.3014 13.3815 11.1662 10.2513 9.79131 15.0513 8.87976 7.48377 10.528 10.2564 7.13149 6.9301 5.0703 5.05832 3.85744 3.84283
threshold=0.0036768022915816506 -13.145284391688618 0.018348920146980228 0.4210526315789474 -0.00064530996086144992 0.0012799996057030331 -0.0021508164197884499 0.83490630570596192 0.26680387118077276 0.25000000000000006 -0.00013253342670244998 0.76932010988666744 0.0011790196016076228 0.018366725292608486 0.90000000000000013 0.75000000000000011 0.59301591559201106 0.82666297417587187 0.17076344140317321 0.25000000000000006 96.494116852958555 0.018819858831014936 0.76691266848984008 -0.10526315789473688 0.012550960264338775 0.14166666666643057
decision_type=2 2 2 2 2 2 2 2 2 2 2 2 2 2 2 2 2 2 2 2 2 2 2 2 2 2
left_child=1 2 4 8 16 12 14 -8 9 10 -3 -11 17 -9 15 -4 -1 -2 19 -19 -7 -10 24 -23 -6 -16
right_child=5 3 6 -5 22 20 7 13 21 11 -12 -13 -14 -15 25 -17 -18 18 -20 -21 -22 23 -24 -25 -26 -27
leaf_value=0.01923621733316272 0.0071430866458011078 0.052922104352217822 -0.0090374901839268794 -0.032875508599784144 -0.04812256314445542 -0.0042996463152012434 0.036942915101859194 -0.0034536874935195824 0.045067185469901634 -0.00051443994294632996 0.0092248049859734241 0.018024014924780504 -0.047724850221891366 0.02289009626008677 -0.015048592936449627 0.029454397830004062 -0.015776316840708897 -0.0012770716659120766 0.011422588480113058 -0.033710284321360182 0.031838086003441207 0.033849006894909092 -0.0046651918577337087 0.004186649063498772 -0.025768893526082654 -0.0451620217351364
leaf_weight=13.387833848595621 13.344759985804556 10.949088126420973 54.776480123400688 10.386706084012983 10.365595310926436 9.3362787961959857 15.682181209325789 47.556715443730354 10.52528156340122 227.23398371040821 40.988796144723892 41.195370495319366 9.3581124842166883 18.190914407372475 9.9586334079504031 10.796755760908125 12.363383919000624 12.881379574537275 8.882842153310774 29.595443516969681 9.7338398396968824 8.2212295830249786 7.8922687023878089 14.794466197490692 30.315111324191093 7.0911694169044486
leaf_count=52 53 40 223 44 45 38 59 192 39 912 162 160 41 70 41 41 51 52 35 126 37 31 32 59 127 31
internal_value=-3.87755e-06 0.00164638 -0.00457924 0.00573269 -0.0171147 -0.0107166 0.00108302 0.010296 0.00689194 0.00499074 0.018649 0.00232235 -0.0171611 0.00380228 -0.00794478 -0.0025785 0.00225864 -0.0125712 -0.0177868 -0.0240194 0.0140163 0.0248147 -0.0274533 0.0151269 -0.0317308 -0.0281193
internal_weight=695.805 602.672 238.377 364.295 74.3242 93.1327 164.053 81.4298 353.908 320.367 51.9379 268.429 74.0625 65.7476 82.623 65.5732 25.7512 64.7044 51.3597 42.4768 19.0701 33.541 48.573 23.0157 40.6807 17.0498
internal_count=2793 2411 964 1447 307 382 657 321 1403 1274 202 1072 307 262 336 264 103 266 213 178 75 129 204 90 172 72
is_linear=0
shrinkage=0.03


Tree=9
num_leaves=17
num_cat=0
split_feature=17 7 24 21 17 21 24 8 23 16 1 19 24 29 28 27
split_gain=14.9192 14.7941 20.6224 20.4319 18.3055 17.368 19.8639 16.4935 16.4234 15.9265 12.1086 10.0147 7.90339 7.94358 7.13106 5.179
threshold=-0.62353041705359924 0.0036768022915816506 0.71008087987191226 0.99081189372772493 3.6157252601281562 0.079718723135141792 0.7817655897093333 0.00098712332467791185 0.039595554129445522 0.00049577152944115009 -35.679514583691336 0.75000000000000011 1.126545876041589 0.79299783345735808 0.96923829991825394 0.32392038581445914
decision_type=2 2 2 2 2 2 2 2 2 2 2 2 2 2 2 2
left_child=10 3 -3 4 7 6 -6 11 -7 -9 -1 -2 13 15 -5 -4
right_child=1 2 12 14 5 8 -8 9 -10 -11 -12 -13 -14 -15 -16 -17
leaf_value=-0.00080586335773553096 -0.017068114830527253 0.034386165424237579 -0.018605305179038412 0.0095027535541040466 0.013473385042875917 0.0099603502251930185 -0.022297302161397178 0.017864416227740751 -0.0080740318768883854 0.0016551103828438211 -0.052070034895840493 0.0053279433533336747 -0.045089123013239106 0.015501248981183921 0.043748676167814859 0.0045394795525726759
leaf_weight=8.1521579623222369 36.226861611008644 8.2227941453456861 59.743643075227737 9.8657392412424105 17.123808622360229 90.981537446379662 70.800121337175369 121.04801088571548 90.402300164103508 100.47444173693657 8.7022201120853406 34.983151584863663 7.0987618565559378 8.19450396299362 13.691916942596434 9.7690608501434308
leaf_count=33 150 31 249 39 67 359 295 470 368 401 39 139 31 32 51 39
internal_value=-3.56164e-06 0.000685274 -0.010409 0.00245761 0.00129814 -0.0043353 -0.0152685 0.00649571 0.000947922 0.0105389 -0.027765 -0.00601453 -0.0148583 -0.0119573 0.0297475 -0.0152853
internal_weight=695.481 678.627 93.0288 585.598 562.04 269.308 87.9239 292.732 181.384 221.522 16.8544 71.21 84.806 77.7072 23.5577 69.5127
internal_count=2793 2721 382 2339 2249 1089 362 1160 727 871 72 289 351 320 90 288
is_linear=0
shrinkage=0.03


Tree=10
num_leaves=21
num_cat=0
split_feature=21 26 29 25 7 20 16 3 24 26 29 24 8 25 12 7 16 7 6 30
split_gain=12.6459 20.9649 11.1758 14.1895 12.7905 12.7492 10.9298 22.3159 13.171 11.1481 10.0607 7.808 7.74352 8.86363 5.96438 12.5823 5.02365 4.69087 4.63272 4.40827
threshold=0.99081189372772493 0.2105263157894737 0.81466068753886389 0.001123249528070236 0.0036768022915816506 0.018342740859982182 -0.0021508164197884499 0.0065818844079359512 0.75318265174367538 -0.42105263157894735 0.41042227954097094 1.0423976507440897 0.00099839195314560059 0.0010569172167137634 0.0023160868544062504 0.0048189632363070511 0.0027443769592898006 0.0052687878382628008 0.00037897313641065009 0.12779950783146474
decision_type=2 2 2 2 2 2 2 2 2 2 2 2 2 2 2 2 2 2 2 2
left_child=2 18 4 5 6 -4 9 8 -8 -1 -9 -11 -7 -14 15 -6 -16 -18 -2 -5
right_child=1 -3 3 19 14 12 7 10 -10 11 -12 -13 13 -15 16 -17 17 -19 -20 -21
leaf_value=0.019032111010356144 0.047098240777281274 -0.013013277933130606 0.023509948167676147 0.043867008251854453 -0.018905243962213627 -0.037549902988971075 0.028673046232847402 -0.014183126478885368 -0.0030134711434330343 -0.010434630869080192 0.019410161909492827 -0.042675775568588835 0.02205891862170159 -0.016922382224010244 -0.038967115992096457 0.027307145448530985 -0.0037949224012128937 -0.02555547679202317 0.019711103105370043 0.014088037030532831
leaf_weight=10.543870776891707 11.810200572013857 13.390309631824492 15.052863016724585 11.595169484615328 13.928306967020037 6.9912731200456646 12.070149332284926 8.7701307386159879 334.65863399207592 79.25768406689167 71.385723084211349 7.4073095023632041 8.5372323989868182 13.067100733518599 10.40701901912689 8.3414203971624357 18.355379223823547 18.408138871192932 12.62169301509857 8.4411137849092466
leaf_count=41 44 55 58 43 58 30 46 36 1350 324 277 32 33 54 45 32 75 78 49 33
internal_value=-2.77546e-06 0.016824 -0.000981602 0.0109343 -0.00227017 0.00120394 -0.000656412 0.0014026 -0.00188552 -0.00973283 0.0156589 -0.0133111 -0.0104429 -0.00126567 -0.0143575 -0.00132818 -0.02039 -0.0148723 0.0333395 0.0317422
internal_weight=695.041 37.8222 657.219 63.6848 593.534 43.6485 524.094 426.885 346.729 97.2089 80.1559 86.665 28.5956 21.6043 69.4403 22.2697 47.1705 36.7635 24.4319 20.0363
internal_count=2793 148 2645 251 2394 175 2106 1709 1396 397 313 356 117 87 288 90 198 153 93 76
is_linear=0
shrinkage=0.03


Tree=11
num_leaves=26
num_cat=0
split_feature=17 17 17 2 21 21 25 7 8 25 8 3 28 22 16 23 22 7 6 12 7 16 8 2 10
split_gain=14.2633 19.5757 20.6605 17.706 17.5198 17.2379 17.0905 17.0886 17.063 12.9644 12.5124 18.8459 12.1743 9.17339 10.3068 9.07009 8.8481 8.69892 6.1125 5.88178 4.70852 4.14213 3.61976 2.56243 0.173071
threshold=-0.30899474515749342 1.2153146043083203 9.9955016697310182 0.90240645898502148 0.53006884689967504 0.40178406627960456 0.0010991397273072388 0.0019557262822137507 0.00094903698322987046 0.0013048964658919373 0.0010150150821175814 0.0097013116312404512 0.98096336016332486 0.063865038499390167 0.0032661116382383501 0.022805973163368791 0.044972677473439825 0.0030835288371737503 -0.00029001656475989996 0.00022473810196675003 0.0012168354419320002 -0.0016273474330714998 0.001144466184190972 0.98740930341336142 -0.00013488977056469998
decision_type=2 2 2 2 2 2 2 2 2 2 2 2 2 2 2 2 2 2 2 2 2 2 2 2 2
left_child=6 8 3 4 9 12 15 -5 19 -3 17 -12 20 14 16 -1 -10 -7 -14 -2 -4 -17 -6 -9 -23
right_child=1 2 5 7 22 10 -8 23 13 -11 11 -13 18 -15 -16 21 -18 -19 -20 -21 -22 24 -24 -25 -26
leaf_value=8.42185194422565e-05 -0.032441567451015577 -0.0032156043077397026 -0.0050529148196064655 0.0068788021013781731 -0.019699783327139817 0.036844979846130166 0.011983052042351819 -0.026368844383942044 0.014309376044693092 0.021546843788173949 -0.0086127545562018886 0.029665268344145696 -0.0026429678599706533 -0.010786473246463433 -0.01391988978245446 -0.019296172844645836 0.034443709434900376 0.0028850271946858218 -0.035749246524347369 -0.00095280513060759422 0.025303891514971727 -0.03694705788550471 -0.050646358740864351 -0.045699798090377379 -0.051898732279372597
leaf_weight=7.7116900682449332 9.1018594801425952 280.41762757301331 8.6538534462451953 11.374399513006209 8.5759957283735258 29.044887512922287 13.510441720485685 15.696561023592951 95.249531418085098 20.237933561205864 30.463189005851746 18.382294416427612 8.6243756115436572 12.028771936893461 9.1722442507743818 9.2713366746902448 25.450961783528328 9.2651873379945737 13.086998686194418 13.376155212521551 9.115194767713545 6.8267667889595005 6.8981339186429969 14.251438692212103 8.9193305820226705
leaf_count=31 39 1130 35 45 36 110 53 67 372 78 124 70 35 49 38 39 96 37 56 54 35 30 31 63 40
internal_value=-2.35977e-06 0.00114051 -0.00188952 -0.00558578 -0.00314994 0.00850257 -0.016079 -0.0240334 0.0100847 -0.0015239 0.0159606 0.0057475 -0.00784606 0.0139475 0.0162828 -0.0278016 0.0186296 0.0287921 -0.0229127 -0.0140327 0.0103499 -0.0365255 -0.0341371 -0.0358993 -0.0461093
internal_weight=694.707 648.468 484.088 357.452 316.13 126.636 46.2396 41.3224 164.38 300.656 87.1556 48.8455 39.4804 141.902 129.873 32.7291 120.7 38.3101 21.7114 22.478 17.769 25.0174 15.4741 29.948 15.7461
internal_count=2793 2600 1952 1450 1275 502 193 175 648 1208 341 194 161 555 506 140 468 147 91 93 70 109 67 130 70
is_linear=0
shrinkage=0.03


Tree=12
num_leaves=17
num_cat=0
split_feature=17 7 24 21 17 21 24 23 8 16 1 19 24 29 28 27
split_gain=13.6262 13.0855 18.2978 17.6656 16.7214 16.0446 18.188 15.1567 14.6286 15.0612 11.1784 9.1738 7.65247 7.09136 6.84448 4.82223
threshold=-0.62353041705359924 0.0036768022915816506 0.71008087987191226 0.99081189372772493 3.6157252601281562 0.079718723135141792 0.7817655897093333 0.039595554129445522 0.00098712332467791185 0.00049577152944115009 -35.679514583691336 0.75000000000000011 1.126545876041589 0.79299783345735808 0.96923829991825394 0.32392038581445914
decision_type=2 2 2 2 2 2 2 2 2 2 2 2 2 2 2 2
left_child=10 3 -3 4 8 6 -6 -7 11 -10 -1 -2 13 15 -5 -4
right_child=1 2 12 14 5 7 -8 -9 9 -11 -12 -13 -14 -15 -16 -17
leaf_value=-0.00077507782229829867 -0.016170109662925963 0.032561869848426114 -0.017511761760453864 0.007964596938990251 0.012840299973159946 0.0096017586224462909 -0.02139276823940265 -0.0077338449069098347 0.017156394926329956 0.0013832808941391982 -0.050236745691389889 0.0052791424932270865 -0.043820738472203039 0.014810927248662654 0.041643974350803165 0.0048441872911716621
leaf_weight=8.140203461050989 36.144430741667747 8.154700964689253 59.505349516868591 9.7790466099977511 17.116702497005463 90.868884846568108 70.691795021295547 90.285174205899239 120.85764338076115 100.36408145725727 8.5795273482799512 34.961952954530716 7.0569084137678137 8.1784316897392255 13.518683031201361 9.7452582716941816
leaf_count=33 150 31 249 39 67 359 295 368 470 401 39 139 31 32 51 39
internal_value=-4.52588e-06 0.00065226 -0.00980465 0.00231917 0.00124467 -0.00414237 -0.014658 0.000937815 0.00621609 0.0100265 -0.0266435 -0.00557177 -0.0139976 -0.011142 0.0278406 -0.0142972
internal_weight=693.949 677.229 92.6406 584.588 561.291 268.963 87.8085 181.154 292.328 221.222 16.7197 71.1064 84.4859 77.429 23.2977 69.2506
internal_count=2793 2721 382 2339 2249 1089 362 727 1160 871 72 289 351 320 90 288
is_linear=0
shrinkage=0.03


Tree=13
num_leaves=26
num_cat=0
split_feature=17 29 17 25 25 17 21 11 7 24 24 8 24 1 23 0 23 6 0 30 3 16 3 1 22
split_gain=13.0403 19.8738 19.7577 16.0207 15.8343 14.3469 16.2819 17.4671 14.3001 13.427 12.9688 13.8075 11.4473 9.52617 9.1631 8.86121 8.47121 7.8103 4.74724 3.92329 3.86845 3.80591 3.39133 2.51859 0.159258
threshold=-0.30899474515749342 0.78071659454983999 0.80665459014188834 0.0010991397273072388 0.0011265398724126434 9.9955016697310182 0.53006884689967504 -0.00052086390192384983 -0.0019073088507373498 0.96320454319561288 0.79072526776518948 0.0010496042989495329 0.94387776154143432 39.299631545563905 0.065406008754612069 65.4437136070555 0.022805973163368791 0.00085517337770330004 60.496518849594459 0.011592456690529411 0.010597754733666602 -0.0016273474330714998 0.006253222934989801 2.9897850121014931 0.039307176775691947
decision_type=2 2 2 2 2 2 2 2 2 2 2 2 2 2 2 2 2 2 2 2 2 2 2 2 2
left_child=3 5 17 16 15 6 7 8 -2 -9 18 13 -13 -12 -6 19 -1 23 20 -4 -7 -18 -8 -3 -23
right_child=1 2 4 -5 14 10 22 9 -10 -11 11 12 -14 -15 -16 -17 21 -19 -20 -21 -22 24 -24 -25 -26
leaf_value=9.4222590108441096e-05 -0.0058765904916454692 0.026588500056805197 -0.016981606099905271 0.011742577717928363 0.042337015810643967 -0.001005683232930113 -0.017851919425229821 -0.0024262596814425895 0.013711448792250482 -0.016930123888735226 0.020835196573870288 -0.024026481163614933 0.013101274644002648 -0.0073938802563795255 0.0023089681898983672 -0.038723805476075998 -0.018750750846533975 0.0068957720625216915 0.039444488490365727 0.0084019450191829929 0.028010982535494611 -0.05059269509155323 -0.046048861976061291 0.049555666028509686 -0.036043354346775969
leaf_weight=7.7072273492813101 53.065717443823814 8.3462652415037208 8.6850968152284675 13.496502250432966 10.727544844150545 7.4431883692741421 9.0671781897544879 211.15705545246601 89.60924431681633 79.315078973770142 36.070111706852913 23.171962931752205 10.711861193180082 14.929825857281683 10.281890839338301 7.4482413232326499 9.250456362962721 8.0525251775979978 13.044077217578886 14.168909057974814 8.3871691524982435 8.3987194448709506 8.2078557759523374 15.466888979077337 7.1722190231084815
leaf_count=31 215 32 36 53 40 30 38 852 351 329 141 97 42 61 41 32 39 32 49 56 32 38 37 57 32
internal_value=-3.72726e-06 0.0010882 0.0147673 -0.0154131 0.00312173 -0.000923936 -0.00333565 -0.00217988 0.00639596 -0.0064088 0.00857749 0.00259443 -0.0121509 0.0124859 0.0231154 -0.0106383 -0.0268201 0.0332765 0.0259069 -0.00109665 0.0142048 -0.0353078 -0.0317884 0.0419105 -0.0445851
internal_weight=693.383 647.358 83.1774 46.0251 51.3117 564.18 450.422 433.147 142.675 290.472 113.758 84.8838 33.8838 50.9999 21.0094 30.3022 32.5286 31.8657 28.8744 22.854 15.8304 24.8214 17.275 23.8132 15.5709
internal_count=2793 2600 326 193 205 2274 1822 1747 566 1181 452 341 139 202 81 124 140 121 111 92 62 109 75 89 70
is_linear=0
shrinkage=0.03


Tree=14
num_leaves=30
num_cat=0
split_feature=19 19 31 29 16 12 19 17 7 3 7 28 12 23 30 24 23 30 21 3 17 17 14 26 28 16 29 24 1
split_gain=12.7279 15.9691 19.1566 17.9745 16.0136 15.3735 15.2841 21.2105 17.8834 18.2283 13.7596 13.1352 15.958 13.0236 12.1829 11.3956 15.0264 9.12317 10.1145 9.10636 8.49926 10.4316 8.28498 5.51448 4.79381 4.74383 3.33775 1.74908 1.63575
threshold=0.90000000000000013 0.75000000000000011 0.17076344140317321 0.811931608447931 -0.0018488827434615998 -0.0019233840170232498 0.25000000000000006 9.5854869506201279 0.0036768022915816506 0.0052658155832103508 0.0029264996313143007 0.75287138477256199 0.0029138369419945006 0.06857133874632057 0.15120168438328643 0.9559099453278731 0.090549195638916183 0.19897818081631044 0.61704501098917375 0.0040262929829156507 2.2250935913050034 7.9079139967873946 1.0000000180025095e-35 -0.2105263157894737 1.2551654133491568 0.0030988263870386505 0.6565057357312315 0.86379362282003724 -34.29202417821579
decision_type=2 2 2 2 2 2 2 2 2 2 2 2 2 2 2 2 2 2 2 2 2 2 2 2 2 2 2 2 2
left_child=1 6 3 4 -3 23 11 8 9 -8 15 -1 13 -13 -6 16 19 18 -9 -7 -17 -22 -5 -2 -4 -12 -14 -10 -25
right_child=5 2 24 22 14 10 7 17 27 -11 25 12 26 -15 -16 20 -18 -19 -20 -21 21 -23 -24 28 -26 -27 -28 -29 -30
leaf_value=0.043811257615294211 -0.013789183250081213 0.029920601690089723 0.022319429072648979 0.043852666341406679 -0.0090380483653751571 0.041228857451833106 -0.016225002209183059 -0.0034180676590613718 -0.027685224189275427 0.00065981958122418734 -0.046113494363314411 0.019949039992472606 -0.033287796231790262 -0.0092077967158377492 0.015381001909230285 0.013947692044689361 -0.018026057155604389 0.039796832528076073 0.023430181506819386 0.0094781623111798857 -0.039006992356403626 0.0015410314878923576 0.0054018641349225203 -0.052202501395508617 0.051247673644983498 -0.010863405811568184 -0.0050856272419504862 -0.05146751802958402 -0.028383880322622256
leaf_weight=8.8674361407756788 13.576352164149286 14.734759449958799 13.440365552902223 14.223682269454002 79.242308616638184 12.513464242219923 97.840219512581825 33.914155557751656 7.6824840754270536 138.21482916176319 7.505660265684126 49.948819383978844 8.8771251589059847 18.680497780442238 23.699108138680458 7.929538086056712 11.869852766394613 8.5294158905744535 19.737941965460777 24.562523499131203 13.04512955248356 9.6833738684654218 8.2841674983501434 7.3668819218873978 9.8047353476285917 7.1991094499826431 7.3367310464382163 7.3505064100027084 7.0807285606861097
leaf_count=33 56 56 52 53 324 47 405 137 33 555 33 194 38 77 93 31 50 32 77 97 56 39 33 33 36 30 30 33 30
internal_value=-3.54121e-06 0.00187364 0.00979345 0.00555473 0.000803154 -0.00878472 -0.00129806 -0.00448764 -0.00838238 -0.00632542 -0.0029173 0.00930671 0.00557654 0.0119445 -0.00335846 0.00197233 0.0109919 0.0111494 0.00641322 0.0204381 -0.0122649 -0.0216382 0.0300286 -0.0282499 0.034964 -0.0294428 -0.020965 -0.0400037 -0.041249
internal_weight=692.742 570.409 163.429 140.184 117.676 122.333 406.98 313.27 251.088 236.055 94.3087 93.7106 84.8432 68.6293 102.941 79.6039 48.9458 62.1815 53.6521 37.076 30.658 22.7285 22.5078 28.024 23.2451 14.7048 16.2139 15.033 14.4476
internal_count=2793 2291 647 559 473 502 1644 1272 1026 960 383 372 339 271 417 320 194 246 214 144 126 95 86 119 88 63 68 66 63
is_linear=0
shrinkage=0.03


Tree=15
num_leaves=18
num_cat=0
split_feature=17 26 29 17 17 25 17 17 15 31 24 24 1 20 22 3 22
split_gain=12.3243 12.4462 11.1706 18.7629 20.3263 14.1536 13.7054 15.4891 17.2174 11.8961 11.4024 16.145 10.2979 6.77069 6.26844 4.53134 3.89975
threshold=-0.62353041705359924 0.4210526315789474 0.76691266848984008 -0.30899474515749342 0.80665459014188834 0.0011265398724126434 9.5854869506201279 3.7725134983754267 0.36333754105748761 0.051624505216083222 0.75623259700596168 0.91297914006342162 -35.679514583691336 0.018386458956707746 0.030723653740451631 0.0055832039190269007 0.01263691064360401
decision_type=2 2 2 2 2 2 2 2 2 2 2 2 2 2 2 2 2
left_child=12 2 6 -4 15 -6 7 8 -2 -9 13 -12 -1 -8 16 -5 -3
right_child=1 14 3 4 5 -7 10 9 -10 -11 11 -13 -14 -15 -16 -17 -18
leaf_value=-0.00070616183827172056 0.0092442118433788134 -0.023779560798044806 -0.033736693634480619 0.024091355910647119 -0.0087350119308674447 0.021798502808455217 0.042857018614249565 -0.015055283552304986 -0.0056869791004632679 0.0027294064212922521 -0.009722405154443399 0.015795078872023402 -0.048433427104471266 0.010398445213304557 -0.044901737546737618 0.048212097594747559 0.0050933560010675942
leaf_weight=8.1289909332990664 136.97224253416061 8.7522943317890221 7.6488243490457526 21.234829038381577 33.54588770866394 22.740455478429794 12.319477215409281 117.21908058226109 140.53396394848824 46.953623965382576 41.078950703144073 48.247815504670143 8.4170927703380567 11.868564441800116 6.8487911820411673 12.132934704422949 7.5118056982755652
leaf_count=33 541 37 33 82 137 88 46 485 572 189 169 190 39 47 30 45 30
internal_value=-3.25189e-06 0.000619346 0.00139425 0.0107633 0.0146599 0.00354636 -0.000242116 -0.00264003 0.0016676 -0.0099436 0.00903958 0.00401336 -0.0254718 0.0272774 -0.0209315 0.0331727 -0.0102454
internal_weight=692.156 675.61 652.497 97.3029 89.6541 56.2863 555.194 441.679 277.506 164.173 113.515 89.3268 16.5461 24.188 23.1129 33.3678 16.2641
internal_count=2793 2721 2624 385 352 225 2239 1787 1113 674 452 359 72 93 97 127 67
is_linear=0
shrinkage=0.03


Tree=16
num_leaves=18
num_cat=0
split_feature=17 7 24 21 17 21 24 8 8 30 1 17 24 28 17 17 12
split_gain=11.6813 11.8086 15.8285 15.4252 14.7211 14.4583 16.5875 14.4922 13.3768 13.4684 9.85734 7.49917 7.18783 6.74622 6.63295 12.5457 10.2714
threshold=-0.62353041705359924 0.0036768022915816506 0.71008087987191226 0.99081189372772493 3.6157252601281562 0.079718723135141792 0.7817655897093333 0.00091326353742758192 0.00098712332467791185 0.22206378059151169 -35.679514583691336 -0.28944195260436806 1.126545876041589 0.96923829991825394 2.0787250023727388 9.9955016697310182 0.0028420313439010002
decision_type=2 2 2 2 2 2 2 2 2 2 2 2 2 2 2 2 2
left_child=10 3 -3 4 8 6 -6 -7 11 -10 -1 -2 14 -5 16 -16 -4
right_child=1 2 12 13 5 7 -8 -9 9 -11 -12 -13 -14 -15 15 -17 -18
leaf_value=-0.00068537700902231451 -0.026529995364104213 0.030310787954835224 0.017602837623919794 0.0064097558052750676 0.012385080473564838 0.03118768152594412 -0.020320215494917342 -0.0014077905986532983 0.0069904037337748439 0.031715523432709336 -0.047512218055002407 -0.00084517248100939241 -0.042294536391353332 0.039972406234319927 -0.030941717407189675 -0.00018877534968254683 -0.018415095617643335
leaf_weight=8.1288022100925463 12.356257453560827 8.0445161759853345 15.342551663517954 9.6852928549051303 17.104894891381264 13.085637733340262 70.476756304502487 167.68188817799091 198.62997595965862 22.074974596500397 8.3271449953317624 58.584508657455444 6.9917732477188101 13.337729349732397 26.728610679507256 22.016967535018921 13.021872892975805
leaf_count=33 53 31 60 39 67 50 295 677 787 84 39 236 31 51 116 89 55
internal_value=-3.00109e-06 0.000601744 -0.00935985 0.0021859 0.00118463 -0.00387499 -0.0138712 0.000950802 0.00585511 0.00950365 -0.0248671 -0.00542872 -0.013255 0.0261804 -0.0104867 -0.0171867 0.0008996
internal_weight=691.62 675.164 92.1463 583.018 559.995 268.349 87.5817 180.768 291.646 220.705 16.4559 70.9408 84.1018 23.023 77.11 48.7456 28.3644
internal_count=2793 2721 382 2339 2249 1089 362 727 1160 871 72 289 351 90 320 205 115
is_linear=0
shrinkage=0.03


Tree=17
num_leaves=31
num_cat=0
split_feature=19 19 31 7 29 19 17 8 8 7 12 26 30 24 30 12 17 7 22 24 3 11 25 23 17 15 23 17 27 22
split_gain=11.8224 14.855 18.0825 16.5779 16.3016 14.6803 19.0643 25.9648 19.9362 16.7859 14.571 14.105 14.095 13.5364 12.9256 13.4915 14.4764 12.2412 11.9469 17.0496 14.0866 10.79 10.6735 8.95989 5.73306 5.35946 4.70095 3.5169 2.07144 1.45697
threshold=0.90000000000000013 0.75000000000000011 0.17076344140317321 0.0038089382277120506 0.78753354517685492 0.25000000000000006 9.5854869506201279 0.0010124140662987854 0.0010024889901822525 0.0034832998081113001 -0.0021993644061240997 0.10526315789473685 0.15120168438328643 0.75623259700596168 0.27859552699264795 0.0013495673505760002 1.4938980217365663 0.0029264996313143007 0.085204105487776113 0.9559099453278731 0.0040262929829156507 -0.00086164528111624982 0.0010061571507318688 0.068852799205689527 1.5370833031355671 -2.0759282298689974 0.02834776344902511 1.2153146043083203 0.23840269168288089 0.030992408708230484
decision_type=2 2 2 2 2 2 2 2 2 2 2 2 2 2 2 2 2 2 2 2 2 2 2 2 2 2 2 2 2 2
left_child=1 5 3 4 12 14 7 21 -8 -9 25 -5 -3 -10 15 23 -17 18 19 20 -12 -7 -21 -1 -13 -2 -4 -6 -19 -27
right_child=10 2 26 11 27 6 8 9 13 -11 17 24 -14 -15 -16 16 -18 28 -20 22 -22 -23 -24 -25 -26 29 -28 -29 -30 -31
leaf_value=0.029555068715256736 -0.0073696461647515142 -0.0017924931254755879 0.019329518630235954 0.014473533792601917 0.044683385381689318 -0.004309249254823959 0.036918522785490265 9.1713515945164597e-05 0.023138617211801729 -0.03293559677923176 0.042058101044022723 -0.01057538858834412 0.026409318254795599 -0.012117318891595704 -0.029268131250404603 0.023743621899275178 -0.016917821418249795 -0.039857934399182331 -0.031219310825210893 -0.03228220799195438 0.0053853451185728943 -0.032654436152668963 0.0033970465417917637 0.0015020765141714775 -0.044918416302474742 -0.049312473008271483 0.047644850344494186 0.019443254527566758 -0.015360984360032451 -0.028165394415449702
leaf_weight=37.966082870960236 7.5097979903221157 68.544538348913193 11.543941497802736 9.3716489821672457 11.996072486042978 17.127425089478493 18.002910867333412 173.79811437427998 14.492931023240088 14.874316841363905 13.801263034343718 8.3489364534616488 20.539482221007347 29.466109663248062 7.0680629014968863 12.109822034835814 21.815138757228851 7.4629462510347349 8.9564835727214795 13.144806638360025 30.348928570747375 44.79990927875042 16.938548564910889 14.509223878383635 10.445765987038611 7.9012459516525295 11.631549462676047 10.564887866377829 7.1520286947488785 8.6622542738914472
leaf_count=145 31 276 45 37 45 70 69 699 56 65 52 35 79 121 30 47 91 33 39 56 121 192 68 59 46 35 43 41 30 37
internal_value=-3.28855e-06 0.0018069 0.00945633 0.00533224 0.0105445 -0.00125498 -0.00438429 -0.00807836 0.010467 -0.00251232 -0.0084833 -0.0151154 0.00469284 -0.000352551 0.00915177 0.012392 -0.00223066 -0.00326706 0.00114684 0.00516748 0.0170543 -0.0249168 -0.0121268 0.0219104 -0.0301047 -0.0293386 0.0339486 0.0332685 -0.0284526 -0.0388744
internal_weight=690.895 569.017 162.987 139.811 111.645 406.03 312.562 250.6 61.962 188.672 121.878 28.1664 89.084 43.959 93.4683 86.4003 33.925 97.805 83.19 74.2335 44.1502 61.9273 30.0834 52.4753 18.7947 24.0733 23.1755 22.561 14.615 16.5635
internal_count=2793 2291 647 559 441 1644 1272 1026 246 764 502 118 355 177 372 342 138 399 336 297 173 262 124 204 81 103 88 86 63 72
is_linear=0
shrinkage=0.03


Tree=18
num_leaves=19
num_cat=0
split_feature=17 26 16 17 6 25 8 29 22 1 7 30 7 17 7 22 28 29
split_gain=11.0035 11.4371 10.8983 16.0881 15.3243 18.8215 14.7504 13.1093 10.9257 9.39662 8.92079 13.4054 7.66584 7.02348 6.71195 5.76318 9.04506 4.76981
threshold=-0.62353041705359924 0.4210526315789474 -0.0021508164197884499 2.1629319389743196 -0.00029001656475989996 0.0013048964658919373 0.0010366768193514366 0.76691266848984008 0.018208371411794749 -35.679514583691336 -0.0025448592722629995 0.090401982694629165 0.0044310762785126001 2.9884164256001133 0.00091398326889255009 0.030723653740451631 0.95428871694927464 0.59620068686334393
decision_type=2 2 2 2 2 2 2 2 2 2 2 2 2 2 2 2 2 2
left_child=9 2 3 6 8 7 -2 -6 14 -1 11 -5 -7 -10 -4 16 -3 -12
right_child=1 15 4 10 5 12 -8 -9 13 -11 17 -13 -14 -15 -16 -17 -18 -19
leaf_value=-0.00066703628288602632 -0.01310572875331315 0.0091434062989901154 -0.014501104491083673 -0.015667846954258227 -0.0039011885321799801 0.038662439226675095 0.037265603360420452 0.011282672688083509 0.024060715360118147 -0.046547502958946316 -0.016899417987446048 0.017806182418331363 0.0037996127630033818 0.0079868751287663561 0.011320693287106828 -0.043227585106787099 -0.035490216531712186 -0.051489895449894907
leaf_weight=8.1277209669351596 8.9220059514045733 9.2670333087444359 19.290941715240479 51.948207229375839 326.55382449924946 15.112555906176569 11.984628677368162 60.448687165975571 54.628471404314041 8.2166653126478177 8.1636327058076841 13.326961070299147 9.5806168466806394 46.550932139158249 16.705378353595734 6.7919237911701194 6.9524117559194556 7.5035143196582785
leaf_count=33 37 37 80 216 1329 57 45 240 211 39 34 52 39 185 66 30 30 33
internal_value=-3.51664e-06 0.000582508 0.00132605 -0.00766732 0.0030047 9.89258e-05 0.0156155 -0.00151444 0.0116832 -0.0242185 -0.0137543 -0.00873966 0.0254219 0.0167326 -0.00239583 -0.0201217 -0.00986364 -0.0340816
internal_weight=690.076 673.732 650.72 101.849 548.871 411.696 20.9066 387.003 137.176 16.3444 80.9423 65.2752 24.6932 101.179 35.9963 23.0114 16.2194 15.6671
internal_count=2793 2721 2624 417 2207 1665 82 1569 542 72 335 268 96 396 146 97 67 67
is_linear=0
shrinkage=0.03


end of trees

feature_importances:
Column_17=52
Column_8=33
Column_7=31
Column_21=28
Column_24=25
Column_29=23
Column_3=22
Column_25=20
Column_1=19
Column_19=18
Column_22=16
Column_16=15
Column_23=15
Column_30=14
Column_26=12
Column_28=12
Column_6=11
Column_12=11
Column_2=10
Column_27=8
Column_0=6
Column_11=6
Column_20=5
Column_31=5
Column_10=2
Column_15=2
Column_18=2
Column_14=1

parameters:
[boosting: gbdt]
[objective: binary]
[metric: binary_logloss]
[tree_learner: serial]
[device_type: cpu]
[data_sample_strategy: bagging]
[data: ]
[valid: ]
[num_iterations: 500]
[learning_rate: 0.03]
[num_leaves: 31]
[num_threads: 2]
[seed: 42]
[deterministic: 0]
[force_col_wise: 0]
[force_row_wise: 0]
[histogram_pool_size: -1]
[max_depth: 6]
[min_data_in_leaf: 30]
[min_sum_hessian_in_leaf: 0.001]
[bagging_fraction: 0.8]
[pos_bagging_fraction: 1]
[neg_bagging_fraction: 1]
[bagging_freq: 0]
[bagging_seed: 400]
[bagging_by_query: 0]
[feature_fraction: 0.8]
[feature_fraction_bynode: 1]
[feature_fraction_seed: 30056]
[extra_trees: 0]
[extra_seed: 12879]
[early_stopping_round: 0]
[early_stopping_min_delta: 0]
[first_metric_only: 0]
[max_delta_step: 0]
[lambda_l1: 0.15]
[lambda_l2: 0.15]
[linear_lambda: 0]
[min_gain_to_split: 0]
[drop_rate: 0.1]
[max_drop: 50]
[skip_drop: 0.5]
[xgboost_dart_mode: 0]
[uniform_drop: 0]
[drop_seed: 17869]
[top_rate: 0.2]
[other_rate: 0.1]
[min_data_per_group: 100]
[max_cat_threshold: 32]
[cat_l2: 10]
[cat_smooth: 10]
[max_cat_to_onehot: 4]
[top_k: 20]
[monotone_constraints: ]
[monotone_constraints_method: basic]
[monotone_penalty: 0]
[feature_contri: ]
[forcedsplits_filename: ]
[refit_decay_rate: 0.9]
[cegb_tradeoff: 1]
[cegb_penalty_split: 0]
[cegb_penalty_feature_lazy: ]
[cegb_penalty_feature_coupled: ]
[path_smooth: 0]
[interaction_constraints: ]
[verbosity: -1]
[saved_feature_importance_type: 0]
[use_quantized_grad: 0]
[num_grad_quant_bins: 4]
[quant_train_renew_leaf: 0]
[stochastic_rounding: 1]
[linear_tree: 0]
[max_bin: 255]
[max_bin_by_feature: ]
[min_data_in_bin: 3]
[bin_construct_sample_cnt: 200000]
[data_random_seed: 175]
[is_enable_sparse: 1]
[enable_bundle: 1]
[use_missing: 1]
[zero_as_missing: 0]
[feature_pre_filter: 1]
[pre_partition: 0]
[two_round: 0]
[header: 0]
[label_column: ]
[weight_column: ]
[group_column: ]
[ignore_column: ]
[categorical_feature: ]
[forcedbins_filename: ]
[precise_float_parser: 0]
[parser_config_file: ]
[objective_seed: 16083]
[num_class: 1]
[is_unbalance: 0]
[scale_pos_weight: 1]
[sigmoid: 1]
[boost_from_average: 1]
[reg_sqrt: 0]
[alpha: 0.9]
[fair_c: 1]
[poisson_max_delta_step: 0.7]
[tweedie_variance_power: 1.5]
[lambdarank_truncation_level: 30]
[lambdarank_norm: 1]
[label_gain: ]
[lambdarank_position_bias_regularization: 0]
[eval_at: ]
[multi_error_top_k: 1]
[auc_mu_weights: ]
[num_machines: 1]
[local_listen_port: 12400]
[time_out: 120]
[machine_list_filename: ]
[machines: ]
[gpu_platform_id: -1]
[gpu_device_id: -1]
[gpu_use_dp: 0]
[num_gpu: 1]

end of parameters

pandas_categorical:null
