tree
version=v4
num_class=1
num_tree_per_iteration=1
label_index=0
max_feature_idx=47
objective=binary sigmoid:1
feature_names=Column_0 Column_1 Column_2 Column_3 Column_4 Column_5 Column_6 Column_7 Column_8 Column_9 Column_10 Column_11 Column_12 Column_13 Column_14 Column_15 Column_16 Column_17 Column_18 Column_19 Column_20 Column_21 Column_22 Column_23 Column_24 Column_25 Column_26 Column_27 Column_28 Column_29 Column_30 Column_31 Column_32 Column_33 Column_34 Column_35 Column_36 Column_37 Column_38 Column_39 Column_40 Column_41 Column_42 Column_43 Column_44 Column_45 Column_46 Column_47
feature_infos=[0.0024766870244043002:0.032032499103907] [0:1] [0:1] [-0.0089803437129360002:0.0098932815437732993] [-0.0098859305157573008:0.012903374167780301] [0.0011930492787225152:0.002685329766505166] [-1:1] [-0.0097069297461903001:0.0128214232992741] [-0.0131069976972151:0.013161946854063701] [-0.014115357351084301:0.0152851817148779] [-0.0153968669009084:0.015508007756792201] [0:1] [0:1] [-1:1] [-7.2522303614578449:9.4287848102015754] [0.0026091098861167998:0.0045789498070738996] [-0.0113728812642175:0.013386116957046499] [-3:3] [-1.0640392296756087:10] [0.0166666666666388:0.49999999999916661] [0.20000000000000001:1] none none [1.6866528690125824e-06:14.579166050677058] [-2.8550056106881376:3.0517664709184551] [-2.786883094925571:2.9222353216128427] [-17.66714922884913:26.241748369026116] none [-0.21864739660398327:5.1384390882280169] [-0.2757697042639759:4.7909839321780439] [-4.7326665810563346:5.3998455627317776] [0.00062146035316855658:0.002845847642150567] [0.00017184657016002395:1] [0.024164800701204064:0.025383227098597] [0.10000000000000001:0.90000000000000002] [-0.24062350028706761:0.2279836342317646] [-0.4131917067998232:0.41027887488049303] [-0.5913354578787654:0.66583465801839492] [-0.53141627512364331:0.52634437473087325] [-0.20138492808716285:0.18730918701056695] [-0.14754296330170397:0.13996901330210759] [-0.67662428327680935:0.75279667968467889] [-0.2608822406542462:0.32165621658564664] [-0.27094903848872393:0.20612754075527168] [-0.46971640516799174:0.4759359556791124] [-0.26053350883228615:0.2138508943732163] [-0.52920060782390321:0.49647533904396329] [-0.8387184302196885:0.79431609035493611]
tree_sizes=2712 2290 2377 2070 3017 1934 1933 2916 2057 2170 2930 2812 2075

Tree=0
num_leaves=24
num_cat=0
split_feature=18 46 17 16 18 37 0 18 18 32 45 5 18 31 16 40 17 0 34 3 37 26 32
split_gain=42.3925 25.3363 45.2994 37.7885 30.7019 27.9149 23.3105 21.3918 26.6415 19.4157 21.0329 18.9458 17.3213 18.6989 14.1637 19.5411 25.9228 13.7987 11.5127 12.9902 10.6145 6.4783 3.59111
threshold=0.33185393368775801 -0.30222522691693515 0.76929884076851474 -0.0026134713256348997 4.5395095005665267 0.034337271536135285 0.010738869813198703 5.0454284737437769 5.600992761206558 0.23133704290731422 -0.13260549568781424 0.0014089350430615928 -0.49972171449982089 0.0011033704660158509 -0.0049755555311433988 -0.042263619720140234 0.45820111881283493 0.0044508841594536009 0.49033180088770517 -0.00028736262026639992 0.39444484586781875 0.15319739346059261 0.42957343961199429
decision_type=2 2 2 2 2 2 2 2 2 2 2 2 2 2 2 2 2 2 2 2 2 2 2
left_child=12 7 4 -4 17 -6 -5 9 21 20 -11 -10 13 18 -14 22 -17 -3 -1 -20 -2 -9 -16
right_child=1 2 3 6 5 -7 -8 8 11 10 -12 -13 14 -15 15 16 -18 -19 19 -21 -22 -23 -24
leaf_value=-0.016889080706619569 -0.033327149174135769 -0.0071225761236096592 0.042510457204743599 -0.0057250836618640425 0.01988097811742277 -0.0093004164131325999 -0.042869903959253892 0.053627965052421463 0.030112653300731707 -0.029599553040755348 0.0043194264234293466 -0.0082530845292248939 0.01232081706679642 -0.027507456813136374 -0.051868548670920042 -0.019360873025827806 0.027782241441546601 0.031056947443366109 0.042167305122414518 0.0036365099798809351 -0.0080181812102101194 0.019294596317530253 -0.029067597756721766
leaf_weight=9.0483472496271116 34.601651653647423 9.02111768722534 11.103943213820456 53.844855949282646 61.875676810741425 55.909050405025482 21.279213130474091 11.558725312352182 14.614172652363775 19.678877294063568 96.122866123914719 53.635617941617966 12.949823141098021 13.867985829710959 16.004792451858524 91.538261026144028 11.649490520358084 103.7724731117487 14.314169436693186 17.978699728846554 27.317973673343658 9.9397584050893766 13.622441738843916
leaf_count=36 137 36 45 215 249 223 84 47 59 78 385 214 52 55 63 364 47 419 58 72 109 40 54
internal_value=4.61125e-08 0.00408838 0.00982965 -0.00867562 0.0167706 0.00599703 -0.0163708 -0.00269679 0.00920801 -0.00873665 -0.00143665 4.61125e-08 -0.0118798 0.00235533 -0.0172992 -0.0202317 -0.0139625 0.0279581 0.0125445 0.0209704 -0.0222801 0.0382056 -0.0417352
internal_weight=785.25 584.276 316.806 86.228 230.578 117.785 75.1241 267.47 89.7483 177.721 115.802 68.2498 200.974 55.2092 145.765 132.815 103.188 112.794 41.3412 32.2929 61.9196 21.4985 29.6272
internal_count=3141 2340 1271 344 927 472 299 1069 360 709 463 273 801 221 580 528 411 455 166 130 246 87 117
is_linear=0
shrinkage=1


Tree=1
num_leaves=20
num_cat=0
split_feature=0 47 20 5 16 0 4 37 17 24 16 0 16 38 17 25 16 20 0
split_gain=37.8057 46.7147 28.0432 31.2235 29.5352 23.0043 23.659 21.0053 20.8192 33.7212 23.5834 17.6961 16.7225 17.1505 12.94 9.07791 9.71172 8.37221 1.48237
threshold=0.0074861380727485006 -0.69297816884987029 0.50000000000000011 0.0019062273889678221 0.0012083036795613501 0.013676621836841251 -0.0054243203871279485 -0.51741979034586028 -0.38838705245902577 -0.16559919686390323 -0.00012736649009094996 0.010709914429297652 0.0069338024234844005 -0.36910684127831339 0.90466684900428873 -0.52883992320805051 0.0045371933239636009 0.75000000000000011 0.0057721756924541514
decision_type=2 2 2 2 2 2 2 2 2 2 2 2 2 2 2 2 2 2 2
left_child=1 18 4 12 5 11 -7 -3 10 -10 -9 -2 13 -4 -5 -6 -17 -16 -1
right_child=2 7 3 14 15 6 -8 8 9 -11 -12 -13 -14 -15 17 16 -18 -19 -20
leaf_value=-0.058297759643279004 0.0095048560345861299 0.032037226108487485 0.0046925912516664553 0.0086448585541762466 -0.044736398756548321 -0.0092294795943331197 0.050256793697958012 0.026390859343785201 -0.022083822111069438 2.140308261605172e-05 -0.0059510331403147985 -0.018023736337323716 -0.018340065318988224 0.025096644021286925 -0.04518495202954563 -0.0040827081350052934 -0.030774473493918715 -0.0064500104265374832 -0.039016117129120731
leaf_weight=10.692853301763536 54.581531673669815 13.610734656453131 51.420570984482765 14.457775399088858 10.392760649323462 8.7747974842786807 17.966304540634155 33.97133170068264 114.25623653829098 134.98233412206173 49.58479443192482 33.934261471033096 10.810985803604124 139.16064639389515 11.408782452344896 34.288022249937057 19.430613994598389 9.5206494927406293 11.893405869603155
leaf_count=42 219 55 206 58 41 35 73 137 454 540 198 135 43 561 45 137 77 38 47
internal_value=0 -0.0069899 0.00619745 0.0129757 -0.00272865 0.00632099 0.0306271 -0.00423961 -0.00575056 -0.0101012 0.00716815 -0.00101065 0.0175507 0.0196231 -0.0128985 -0.0190445 -0.0138798 -0.0279495 -0.0486668
internal_weight=785.139 368.992 416.148 236.779 179.368 115.257 26.7411 346.405 332.795 249.239 83.5561 88.5158 201.392 190.581 35.3872 64.1114 53.7186 20.9294 22.5863
internal_count=3141 1473 1668 951 717 462 108 1384 1329 994 335 354 810 767 141 255 214 83 89
is_linear=0
shrinkage=0.03


Tree=2
num_leaves=21
num_cat=0
split_feature=0 47 20 5 16 0 4 37 17 24 14 0 16 38 17 0 30 32 41 23
split_gain=35.5705 44.0562 26.3981 29.3986 27.8175 21.6668 22.3169 19.7831 19.5908 31.743 22.9486 16.6559 15.7495 16.14 12.2021 8.75784 12.9342 10.876 8.04221 1.9151
threshold=0.0074861380727485006 -0.69297816884987029 0.50000000000000011 0.0019062273889678221 0.0012083036795613501 0.013676621836841251 -0.0054243203871279485 -0.51741979034586028 -0.38838705245902577 -0.16559919686390323 0.068051692972418157 0.010709914429297652 0.0069338024234844005 -0.36910684127831339 0.90466684900428873 0.010087398340203701 1.9230517306128723 0.29479242767659836 0.3658914102695574 1.853145236710523
decision_type=2 2 2 2 2 2 2 2 2 2 2 2 2 2 2 2 2 2 2 2
left_child=1 19 4 12 5 11 -7 -3 10 -10 -9 -2 13 -4 -5 17 -17 -6 -16 -1
right_child=2 7 3 14 15 6 -8 8 9 -11 -12 -13 -14 -15 18 16 -18 -19 -20 -21
leaf_value=-0.036208614176889274 0.0092207245412814984 0.031100459604089963 0.0045522291187730544 0.0083886240279797825 0.016761052617212724 -0.0089570744862565409 0.048816381366936834 0.023763122522261836 -0.021426448507737346 2.0761868212372625e-05 -0.0076553994626248328 -0.017487319380895736 -0.017799512686860381 0.024350108491018794 -0.044051868285383579 -0.049944261536728631 -0.013597894919112121 -0.022145005738341484 -0.006075238133877575 -0.057033052402345748
leaf_weight=11.120197102427484 54.580166354775429 13.604671970009802 51.420483604073524 14.45700481534004 11.438439652323725 8.774967163801195 17.946216404438019 38.94715017080307 114.23370359838009 134.98233589529991 44.601941972970963 33.930568620562553 10.809695988893507 139.12924964725971 11.395851224660875 14.468663513660429 23.847341760993004 14.347548946738241 9.5192841440439206 11.445264607667921
leaf_count=44 219 55 206 58 46 35 73 157 454 540 178 135 43 561 45 57 95 57 38 45
internal_value=0 -0.00678209 0.00601059 0.0125878 -0.00264994 0.00613289 0.0297326 -0.00411168 -0.00557816 -0.00979897 0.0069532 -0.000979306 0.0170272 0.019039 -0.0125225 -0.0184857 -0.027581 -0.00471599 -0.0271472 -0.0472758
internal_weight=785.001 368.935 416.065 236.732 179.334 115.232 26.7212 346.37 332.765 249.216 83.5491 88.5107 201.359 190.55 35.3721 64.102 38.316 25.786 20.9151 22.5655
internal_count=3141 1473 1668 951 717 462 108 1384 1329 994 335 354 810 767 141 255 152 103 83 89
is_linear=0
shrinkage=0.03


Tree=3
num_leaves=18
num_cat=0
split_feature=18 42 31 47 20 0 16 33 31 18 31 16 40 17 9 0 10
split_gain=38.4521 25.7044 27.5871 32.5366 34.4207 23.534 20.1675 17.6895 16.8192 16.3747 17.0712 13.0615 18.246 24.6812 12.7464 3.86641 3.7888
threshold=0.33185393368775801 -0.19956205394612897 0.0015182490880484313 -0.68961671217120168 0.50000000000000011 0.0095652188192238523 0.0012633391115680003 0.024420053529670499 0.0020619287894478211 -0.49972171449982089 0.0011033704660158509 -0.0049755555311433988 -0.042263619720140234 0.45820111881283493 0.00060893445444055018 0.0070776319021268507 -0.0025529217449790993
decision_type=2 2 2 2 2 2 2 2 2 2 2 2 2 2 2 2 2
left_child=9 -2 3 5 -5 -3 8 -8 -4 10 14 -11 16 -14 15 -1 -13
right_child=1 2 6 4 -6 -7 7 -9 -10 11 -12 12 13 -15 -16 -17 -18
leaf_value=0.0149794111409599 0.044166683919308704 -0.035764342560723507 0.0088920455808249588 -0.0003020599129938341 0.017850198581041383 0.020340634583948393 -0.027605896524979419 0.0082074211399313628 -0.022821361300725332 0.011849761844396548 -0.026016783093549115 -0.022828349096045579 -0.018620265298789958 0.027384688696730143 -0.011290019619865818 0.039195838132764678 -0.047729286003770868
leaf_weight=17.906733259558681 13.788441359996794 25.233674705028534 68.242551445960999 172.67599406838417 204.96968813240528 8.933746010065077 55.171485990285873 15.699912041425703 19.120665371417999 12.944334298372267 13.857017353177069 9.3127122819423693 91.489907547831535 11.646604895591734 13.544926106929777 9.8672091960906965 20.286058515310287
leaf_count=72 56 100 274 691 825 36 219 63 76 52 55 37 364 47 54 40 80
internal_value=0 0.00389227 0.00289885 0.00699495 0.00954146 -0.0209387 -0.00772957 -0.0196083 0.00187248 -0.0113205 0.00252284 -0.0165917 -0.0194094 -0.0133494 0.0122621 0.0239082 -0.0402005
internal_weight=784.692 583.836 570.048 411.813 377.646 34.1674 158.235 70.8714 87.3632 200.856 55.1759 145.68 132.735 103.137 41.3189 27.7739 29.5988
internal_count=3141 2340 2284 1652 1516 136 632 282 350 801 221 580 528 411 166 112 117
is_linear=0
shrinkage=0.03


Tree=4
num_leaves=27
num_cat=0
split_feature=39 20 44 17 0 16 0 40 24 47 17 0 24 17 14 17 47 32 37 34 45 17 32 14 23 31
split_gain=33.9118 26.2818 35.7728 36.8242 35.7525 32.4253 24.1343 27.4408 23.3961 22.7634 22.6508 19.5828 21.5574 16.9435 23.9917 22.2149 11.8673 11.7961 16.7961 11.4686 10.2828 9.62317 8.92437 10.1278 3.06219 2.01989
threshold=-0.10420123413387981 0.50000000000000011 0.40142006591508383 -0.11924372805409593 0.013797559297282502 0.0030839054625374004 0.0075948366760038013 0.10560907219170335 -1.2754330508039209 -0.69297816884987029 0.41248254603639417 0.0074861380727485006 0.41794541241713695 -0.38838705245902577 0.14148894363466172 0.37206104471901724 0.062805494039830809 0.54769140558061669 0.51789416239376196 0.6276472240958566 0.033646383411508031 0.041296774688011156 0.13010254702924803 -1.2544408418277129 1.853145236710523 0.0014034652034387882
decision_type=2 2 2 2 2 2 2 2 2 2 2 2 2 2 2 2 2 2 2 2 2 2 2 2 2 2
left_child=6 2 5 19 11 10 9 22 -5 24 -2 12 -3 14 -11 -15 -6 21 -19 -4 -13 -9 -8 -24 -1 -7
right_child=1 4 3 8 16 25 7 17 -10 13 -12 20 -14 15 -16 -17 -18 18 -20 -21 -22 -23 23 -25 -26 -27
leaf_value=-0.030480712715415664 0.0063225425719917652 -0.0049846441583143355 -0.00067170195795232437 0.003241623900344989 -0.035136118015370005 -0.038676032719620397 -0.036996342534353473 0.0063312308868787208 -0.039395409891209841 0.036709731797250254 0.037759941169591339 0.022819916030328645 0.028392897946148448 -0.026234170542286283 -0.015200150615694448 0.00057831018287456885 0.0038601904668083796 0.021934184652972359 -0.029154074826503559 0.040399912468831914 0.054067644988915732 0.040557787574866812 -0.029032218835455717 -0.00034720683597481533 -0.054708565874083383 -0.017408118220804694
leaf_weight=11.578418970108034 126.12709115445614 51.551498457789421 19.489630877971653 14.970815137028692 16.151566252112392 10.621512398123743 9.3508056104183179 11.713344886898993 48.024395570158958 14.562526553869249 24.682628080248833 95.41324245929718 26.008975684642792 73.307629331946373 17.330909237265587 44.223707169294357 11.958129331469534 14.136056587100031 9.5797685831785184 8.6304580271244031 10.798073068261145 21.951568901538849 13.615619361400602 58.467700392007828 11.390719026327131 8.7888837307691556
leaf_count=46 506 206 78 60 64 42 37 47 190 59 100 385 105 291 69 177 48 57 38 35 44 89 54 234 45 35
internal_value=0 0.0050547 -0.00129619 -0.0164662 0.0129045 0.00680496 -0.00769282 0.00158815 -0.0292078 -0.015187 0.01153 0.0177369 0.00618341 -0.0108478 0.00842233 -0.0161193 -0.018455 0.0174809 0.00105551 0.0119221 0.0261108 0.028863 -0.00956674 -0.00587677 -0.0429673 -0.0294835
internal_weight=784.426 473.217 261.335 91.1153 211.881 170.22 311.209 138.815 62.9952 172.394 150.81 183.772 77.5605 149.425 31.8934 117.531 28.1097 57.3807 23.7158 28.1201 106.211 33.6649 81.4341 72.0833 22.9691 19.4104
internal_count=3141 1898 1046 363 852 683 1243 556 250 687 606 740 311 596 128 468 112 231 95 113 429 136 325 288 91 77
is_linear=0
shrinkage=0.03


Tree=5
num_leaves=17
num_cat=0
split_feature=18 47 16 17 20 18 46 17 37 16 40 17 32 24 8 32
split_gain=34.7443 22.9726 19.4213 18.2551 19.5563 15.5312 14.3852 12.8542 14.5415 12.1909 16.8607 22.6792 9.58191 11.497 7.91634 3.511
threshold=0.33185393368775801 0.71718211965326273 -0.0033761817022864996 -2.4140707860657487 0.50000000000000011 -0.49972171449982089 -0.3360746169244419 -1.560535347989233 0.24215077332291202 -0.0049755555311433988 -0.042263619720140234 0.45820111881283493 0.53370956975574846 0.4949396442828653 -8.5418362766873603e-05 0.42957343961199429
decision_type=2 2 2 2 2 2 2 2 2 2 2 2 2 2 2 2
left_child=5 2 7 -4 -5 6 12 -2 -9 -7 15 -12 13 -1 -8 -11
right_child=1 -3 3 4 -6 9 14 8 -10 10 11 -13 -14 -15 -16 -17
leaf_value=-0.023916276419770184 -0.014488782890191154 0.038207008821149857 0.037072880220123144 -0.0076052410469054322 0.0046690789250104234 0.011569041636889918 0.032892827239850014 0.032995792107745336 0.0030153084500820384 -0.048634566753182285 -0.017859960277046838 0.026256418622525653 -0.037724045738501917 0.024339230700468974 0.0010130124155217188 -0.026201697495107798
leaf_weight=8.8020358979702049 9.787500932812689 16.731929466128349 11.845241054892538 198.77513760328293 282.77308884263039 12.939654007554052 14.571258276700975 40.012960970401764 23.439202725887299 15.939124137163164 91.416843578219414 11.63459464907646 9.0986221432685834 8.673241972923277 13.977396130561827 13.581761851906775
leaf_count=35 39 68 48 794 1135 52 59 162 94 63 364 47 36 35 56 54
internal_value=0 0.0037003 0.00266358 0.000512244 -0.000389006 -0.0107678 0.00271909 0.0170645 0.022025 -0.0159054 -0.0186309 -0.0128047 -0.0130312 0 0.0175282 -0.0386501
internal_weight=784 583.365 566.633 493.393 481.548 200.635 55.1226 73.2397 63.4522 145.512 132.572 103.051 26.5739 17.4753 28.5487 29.5209
internal_count=3141 2340 2272 1977 1929 801 221 295 256 580 528 411 106 70 115 117
is_linear=0
shrinkage=0.03


Tree=6
num_leaves=17
num_cat=0
split_feature=18 39 31 42 32 0 4 5 31 18 31 9 0 17 4 0
split_gain=32.7237 22.8469 25.5476 29.0451 22.0254 18.6265 17.551 15.7949 15.234 14.6345 15.3962 11.4465 11.1258 12.2479 10.5511 3.32454
threshold=0.33185393368775801 0.16322350184624068 0.0015182490880484313 0.17647636874609865 0.23380974185984049 0.0072150834527396008 -0.00024934177305299996 0.0016714304275890076 0.002096240839043514 -0.49972171449982089 0.0011033704660158509 0.00060893445444055018 0.0046618872096509008 0.52647180146937966 -0.0043657691947735491 0.0070776319021268507
decision_type=2 2 2 2 2 2 2 2 2 2 2 2 2 2 2 2
left_child=9 2 3 4 -2 -5 8 -8 -4 10 11 15 -11 14 -14 -1
right_child=1 -3 6 5 -6 -7 7 -9 -10 12 -12 -13 13 -15 -16 -17
leaf_value=0.014615124213384274 -0.0021316513645991651 0.038579013442625425 0.012665299243657413 -0.046088871860196494 0.013603212405778789 0 -0.033362652399258161 -0.0071561586311537171 -0.022345874989760317 -0.038178162856674303 -0.024498567543616557 -0.01042030030838785 0.013817740690294573 0.020190936313164716 -0.017720666906266242 0.037186171678820185
leaf_weight=17.894686907529834 114.18689554929733 16.195868283510208 48.456538885831833 14.353518307209017 263.92698629200459 16.96737277507782 31.030578091740608 63.79286715388298 14.325820326805113 17.15007121860981 13.820034608244894 13.534734442830084 10.193300321698187 9.4093583077192289 108.62420782446861 9.837141275405882
leaf_count=72 457 66 195 57 1062 68 123 255 57 68 55 54 41 38 433 40
internal_value=0 0.00359135 0.00257416 0.00653039 0.00884057 -0.0211249 -0.00767142 -0.0158187 0.00457065 -0.0104546 0.0026389 0.0118916 -0.0154446 -0.0123279 -0.0149632 0.02294
internal_weight=783.7 583.236 567.041 409.435 378.114 31.3209 157.606 94.8234 62.7824 200.464 55.0866 41.2666 145.377 128.227 118.818 27.7318
internal_count=3141 2340 2274 1644 1519 125 630 378 252 801 221 166 580 512 474 112
is_linear=0
shrinkage=0.03


Tree=7
num_leaves=26
num_cat=0
split_feature=39 20 0 44 16 16 0 40 47 0 14 25 34 10 39 40 10 47 0 36 45 5 38 23 38
split_gain=30.515 24.2858 33.4895 31.7401 29.7559 22.416 22.0012 25.5597 20.681 17.8406 18.6028 17.7356 17.4834 13.0909 13.0076 25.1839 12.4829 11.0185 10.5102 10.4249 9.58149 9.11407 5.08707 2.96645 1.76455
threshold=-0.10420123413387981 0.50000000000000011 0.013797559297282502 0.40142006591508383 0.0030839054625374004 -0.0025661539918085496 0.0075948366760038013 0.10560907219170335 -0.69297816884987029 0.0074861380727485006 0.9455375723306072 -1.1347631318295568 0.34165748580486055 0.0027078732230179001 -0.12378966075225147 0.10560907219170335 0.0073438294626375009 0.062805494039830809 0.0051736759885985016 -0.39967896973465539 0.033646383411508031 0.0015353069053537134 0.35430032289427055 1.853145236710523 -0.29159463321118317
decision_type=2 2 2 2 2 2 2 2 2 2 2 2 2 2 2 2 2 2 2 2 2 2 2 2 2
left_child=6 3 9 4 12 22 8 16 23 10 -3 -9 -2 -13 15 -10 21 -4 -16 -7 -11 -8 -5 -1 -6
right_child=1 2 17 5 24 19 7 11 14 20 -12 13 -14 -15 18 -17 -18 -19 -20 -21 -22 -23 -24 -25 -26
leaf_value=-0.028777745559930477 -0.029651104585233814 -0.0028420722436598863 -0.034094178206016998 -0.00093866152337603297 -0.038100408046462718 -0.0075349928596738225 0.0036015407557995092 -0.016390814860174085 0.013529315760290362 0.021856964414395913 0.030194948198403713 0.037656414027709008 0.013429741124419201 0.0043568507063245551 -0.0019340667502666794 -0.017172259625485277 0.022370336263404525 0.0034820490978662638 -0.031495895196624719 -0.031361776358757192 0.052085438809794715 -0.020146924174520672 0.030899617022221097 -0.052628460174502484 -0.018132303987088719
leaf_weight=11.520653069019319 8.8178637027740461 56.717218458652496 16.134141489863399 8.7250793576240557 9.5952992886304873 26.47970674932003 19.694531515240669 11.287799909710882 42.261611521244049 95.254815638065338 20.772530764341354 28.597487106919289 141.80696246027946 17.443702667951584 15.996658205986021 55.197449877858162 9.6754503101110441 11.953015640377997 35.786976531147957 47.060928016901016 10.754467412829397 52.022197112441063 8.6449203789234144 11.294986605644224 9.7882696539163572
leaf_count=46 35 227 64 35 38 106 79 45 170 385 84 116 571 70 64 220 39 48 142 187 44 207 35 45 39
internal_value=0 0.00479842 0.0123494 -0.00131118 0.00632078 -0.0156197 -0.00730248 0.00155803 -0.0144675 0.0170317 0.00599737 0.0169054 0.0108509 0.0251927 -0.0103368 -0.00381256 -0.00920799 -0.01801 -0.0224825 -0.0228764 0.0250352 -0.0135687 0.0147791 -0.0410477 -0.028464
internal_weight=783.285 472.505 211.586 260.919 170.008 90.9106 310.78 138.721 172.058 183.499 77.4897 57.329 150.625 46.0412 149.243 97.4591 81.3922 28.0872 51.7836 73.5406 106.009 71.7167 17.37 22.8156 19.3836
internal_count=3141 1898 852 1046 683 363 1243 556 687 740 311 231 606 186 596 390 325 112 206 293 429 286 70 91 77
is_linear=0
shrinkage=0.03


Tree=8
num_leaves=18
num_cat=0
split_feature=18 42 31 37 20 45 0 42 18 31 16 40 17 9 34 19 32
split_gain=30.1616 21.439 24.341 29.068 28.4393 23.6398 20.7049 14.3457 13.6676 14.2721 10.8059 15.9934 20.8103 10.5895 8.1795 3.95836 3.35512
threshold=0.33185393368775801 -0.19956205394612897 0.0015182490880484313 0.50626938880590233 0.50000000000000011 0.040290546070691206 0.0072150834527396008 -0.012335572092035974 -0.49972171449982089 0.0011033704660158509 -0.0049755555311433988 -0.042263619720140234 0.45820111881283493 0.00060893445444055018 0.52684692963909341 0.041666666666597151 0.42957343961199429
decision_type=2 2 2 2 2 2 2 2 2 2 2 2 2 2 2 2 2
left_child=8 -2 3 4 -3 7 -5 -4 9 13 -10 16 -13 15 -7 -1 -12
right_child=1 2 5 6 -6 14 -8 -9 10 -11 11 12 -14 -15 -16 -17 -18
leaf_value=0.0074356132458389228 0.040404127742696951 -0.00028220112419194545 -0.03714656143461547 -0.04824000694762106 0.016177547100266174 -0.0046150667825444695 0.00050910640521816539 -0.0087855282173338583 0.010988647976664288 -0.023545179536091219 -0.04677760097804997 -0.016624196671994662 0.025664018055910155 -0.0099275150338620655 0.02812335303550265 0.031365764699903903 -0.024822195124737146
leaf_weight=10.934551119804384 13.65975299477577 172.53074017167091 18.896484896540642 13.988807544112207 207.25160287320614 10.239126622676851 17.19392241537571 109.54804684221745 12.930417180061339 13.785635292530058 15.843568667769434 91.233496904373169 11.618207365274428 13.526035368442534 19.261498168110847 16.752332970499992 13.5315033942461
leaf_count=44 56 691 75 56 836 41 69 438 52 55 63 364 47 54 78 68 54
internal_value=0 0.00344757 0.0025419 0.0063943 0.00869107 -0.00744992 -0.0213427 -0.0130314 -0.010047 0.00261456 -0.0148731 -0.0174457 -0.0117732 0.0115274 0.0166428 0.0221675 -0.0369938
internal_weight=782.726 582.57 568.91 410.965 379.782 157.945 31.1827 128.445 200.156 54.9986 145.157 132.227 102.852 41.2129 29.5006 27.6869 29.3751
internal_count=3141 2340 2284 1652 1527 632 125 513 801 221 580 528 411 166 119 112 117
is_linear=0
shrinkage=0.03


Tree=9
num_leaves=19
num_cat=0
split_feature=18 39 31 37 20 45 29 18 31 17 38 32 31 9 17 29 40 19
split_gain=28.4142 20.3418 22.5172 27.2144 27.6758 22.5124 16.8733 12.882 13.4572 10.2553 18.3359 13.6232 11.4839 10.0632 9.74782 9.5717 5.90423 5.0865
threshold=0.33185393368775801 0.16322350184624068 0.0015182490880484313 0.50626938880590233 0.50000000000000011 0.040290546070691206 0.013768910189890153 -0.49972171449982089 0.0011033704660158509 0.44014530458300233 -0.31752655269737895 0.2465112677310006 0.0010647141918422966 0.0011342192601685004 0.46279699236678423 0.26205558487541453 0.02947157191572999 0.041666666666597151
decision_type=2 2 2 2 2 2 2 2 2 2 2 2 2 2 2 2 2 2
left_child=7 2 3 4 -2 6 -4 8 13 11 -11 16 -13 17 -5 -7 -9 -1
right_child=1 -3 5 14 -6 15 -8 9 -10 10 -12 12 -14 -15 -16 -17 -18 -19
leaf_value=0.0041053729856221589 -0.00058794497092469358 0.036488218218118922 0.020299655868839153 -0.039559674926914472 0.015703170897664639 -0.0091945982627455874 -0.016225600879412251 -0.051568088298528415 -0.022886861812646438 0.038115956889364748 -0.020409796194633914 -0.022207222945816868 -0.00052012215995373291 -0.0149564275210359 -0.0054239024337425536 0.027852908629721757 -0.024477740900226769 0.029278045410524423
leaf_weight=12.438332319259645 170.55438010394573 16.072529897093773 12.386781409382818 13.737443104386331 207.11367763578892 8.7563897371292132 116.01495766639709 11.073530241847036 13.761379554867743 8.6062832921743411 10.492345973849295 42.844748914241791 45.857051074504852 9.7798506617546064 17.351673617959023 20.230153813958168 26.085538119077682 18.959179773926735
leaf_count=50 683 66 50 55 836 35 463 44 55 35 42 171 184 39 70 82 104 77
internal_value=0 0.00334557 0.00238731 0.00610535 0.0083369 -0.00723696 -0.0126475 -0.00975956 0.00253693 -0.0144487 0.00582099 -0.0175635 -0.0110659 0.0111946 -0.0207692 0.0165173 -0.0328462 0.0195153
internal_weight=782.116 582.218 566.145 408.757 377.668 157.388 128.402 199.898 54.9387 144.959 19.0986 125.861 88.7018 41.1774 31.0891 28.9865 37.1591 31.3975
internal_count=3141 2340 2274 1644 1519 630 513 801 221 580 77 503 355 166 125 117 148 127
is_linear=0
shrinkage=0.03


Tree=10
num_leaves=26
num_cat=0
split_feature=39 20 0 16 0 31 0 40 0 47 31 25 18 17 39 18 10 17 46 4 47 17 32 5 23
split_gain=27.6525 21.7584 31.0761 23.6328 21.1393 22.8545 20.5145 23.7687 20.0558 18.0464 17.0901 16.7794 16.2489 19.8118 16.9661 14.8289 14.2158 13.4959 11.9957 11.4737 11.1037 10.5454 9.79322 9.38125 2.88374
threshold=-0.10420123413387981 0.50000000000000011 0.013177027738178001 0.0013587225569590502 0.012912626488764602 0.001899403368404314 0.0075948366760038013 0.10560907219170335 0.0074861380727485006 -0.69297816884987029 0.00096374706075590697 -1.0959064333961805 0.91373079434146531 0.37206104471901724 -0.12378966075225147 6.9407147165213035 0.0027078732230179001 0.55093952401305968 0.46103370382835812 -0.0012414613149438498 -0.14924752840752845 1.3938618161458594 0.58931261330688389 0.0018669041041314883 1.853145236710523
decision_type=2 2 2 2 2 2 2 2 2 2 2 2 2 2 2 2 2 2 2 2 2 2 2 2 2
left_child=6 3 8 4 18 -6 9 15 10 24 -3 -9 13 -11 -14 21 -13 20 -2 -4 -5 -8 -10 -21 -1
right_child=1 2 19 17 5 -7 7 11 22 12 -12 16 14 -15 -16 -17 -18 -19 -20 23 -22 -23 -24 -25 -26
leaf_value=-0.026819524854602834 -0.0022617868084030645 0.032777651382040834 0.016145422502161985 -0.027536328910000678 0.050261590333113636 -0.0085295800646110493 -0.0089179653937851155 -0.013184161384809942 0.018184269744271318 -0.027739667541003907 -0.0016367879068156757 0.038757909666912137 0.008402814903269433 0.0147307793069846 -0.021772453641064234 0.019761341588823384 0.0035568678042998971 -0.040877787935874682 0.025840685481948133 -0.0073384031655267697 0.00067871679108504328 -0.040133806874793752 0.03804446865538099 -0.042728697694645532 -0.050373543761188772
leaf_weight=11.417704954743387 149.53142777085304 16.269914865493774 8.9148192554712278 18.846288859844208 16.623802751302723 8.9797436445951444 56.034812599420547 13.021079510450361 58.046000570058823 58.215653792023659 61.090445712208748 27.036276504397392 55.249704286456108 11.653356239199637 23.885370537638664 13.398262664675711 17.182575404644012 15.360454455018042 14.890264704823492 16.466215446591381 36.11833743751049 11.876154720783232 38.437335029244423 11.829543545842169 11.125127375125883
leaf_count=46 600 66 36 75 68 36 224 52 235 232 245 110 222 47 95 54 69 61 61 66 145 47 157 47 45
internal_value=-4.64199e-07 0.00457022 0.0117271 -0.00121764 0.00426348 0.0295379 -0.00696212 0.00159486 0.0170624 -0.0138947 0.0055924 0.0164085 -0.0100464 -0.0205754 -0.000672201 -0.0087894 0.0252392 -0.0160696 0.000277103 -0.0130472 -0.00896263 -0.0145195 0.0261896 -0.0224394 -0.0388981
internal_weight=781.501 471.405 211.054 260.35 190.025 25.6035 310.096 138.549 173.844 171.547 77.3604 57.2399 149.004 69.869 79.1351 81.3092 44.2189 70.3251 164.422 37.2106 54.9646 67.911 96.4833 28.2958 22.5428
internal_count=3141 1898 852 1046 765 104 1243 556 703 687 311 231 596 279 317 325 179 281 661 149 220 271 392 113 91
is_linear=0
shrinkage=0.03


Tree=11
num_leaves=25
num_cat=0
split_feature=39 20 44 17 16 17 24 45 5 20 5 26 42 32 24 31 16 36 16 17 5 32 17 31
split_gain=26.0582 20.5074 28.3968 32.1748 26.5519 20.6952 20.5588 18.847 26.5605 18.322 22.4343 17.7548 17.3678 13.3956 15.1276 11.7432 11.0502 9.79478 6.88739 6.6254 5.4669 5.05688 4.60266 1.93358
threshold=-0.10420123413387981 0.50000000000000011 0.40142006591508383 -0.11924372805409593 0.0030839054625374004 0.41248254603639417 -1.2754330508039209 0.033646383411508031 0.0018627091295734203 0.90000000000000013 0.0014983705042074143 -3.8291914496903634 0.13956397134727155 0.080215913377553252 1.6638874389874043 0.0014793143988847991 0.00052502954435455003 0.32390619215139094 0.0025788101273626 0.41248254603639417 0.0014911775855895204 0.65087796045759061 0.18334911465956646 0.0014034652034387882
decision_type=2 2 2 2 2 2 2 2 2 2 2 2 2 2 2 2 2 2 2 2 2 2 2 2
left_child=9 2 4 16 5 -2 -5 8 17 11 12 22 -11 20 -15 18 -4 -3 -12 -10 -13 -9 -1 -6
right_child=1 7 3 6 23 -7 -8 21 19 10 15 13 -14 14 -16 -17 -18 -19 -20 -21 -22 -23 -24 -25
leaf_value=-0.019527595285354787 0.0053460321028288797 0.017682244173819719 0.033336989906249101 0.0037104228505607443 -0.035841974720915153 0.035477709179469442 -0.036334227326236965 0.050017234808274892 -0.0031127518228837663 0.011677575660371916 0.034391794423572285 -0.0067726390888833898 -0.039823400879451208 -0.0026535233850192622 -0.034415428281034131 -0.0066608297918428309 -0.0043228823161083783 0.0022731265425498456 0.0072997290595498707 -0.036641772762479548 -0.0360577848139896 0.018786360568194879 -0.049018346308598949 -0.01512077588954467
leaf_weight=9.2666020989418048 125.7548456043005 109.86651131510735 12.057659372687342 14.919809386134146 10.564842209219934 24.529091149568558 47.611043155193329 12.915867358446123 9.7168518155813235 9.9305842220783251 25.604040995240211 8.7361294627189654 13.790953889489172 168.46371699869633 14.579801276326178 13.763831958174704 15.997280389070509 57.191225409507751 13.41004955768585 12.518142789602278 19.8423230946064 8.5803029984235746 12.358834058046339 8.7445733845233899
leaf_count=37 506 445 49 60 42 100 190 53 39 40 104 35 55 677 58 55 64 230 54 50 79 35 49 35
internal_value=-9.42248e-07 0.00443763 -0.00118184 -0.0147437 0.00604215 0.0103245 -0.0267218 0.0113911 0.00832065 -0.00676317 0.00593057 -0.0109468 -0.0181371 -0.00825848 -0.0052341 0.0168538 0.0117945 0.0124407 0.0252581 -0.0223094 -0.0273444 0.0379757 -0.0368096 -0.0268782
internal_weight=780.715 470.968 260.179 90.5858 169.593 150.284 62.5309 210.789 189.293 309.747 76.4995 233.247 23.7215 211.622 183.044 52.7779 28.0549 167.058 39.0141 22.235 28.5785 21.4962 21.6254 19.3094
internal_count=3141 1898 1046 363 683 606 250 852 764 1243 308 935 95 849 735 213 113 675 158 89 114 88 86 77
is_linear=0
shrinkage=0.03


Tree=12
num_leaves=18
num_cat=0
split_feature=18 39 31 10 13 31 34 18 31 0 47 34 5 10 24 5 5
split_gain=25.4333 18.4918 20.5888 21.4 16.0357 17.5557 15.078 12.4618 12.3154 10.2603 9.89664 9.51189 10.8945 8.72493 11.1427 5.32442 4.09981
threshold=0.33185393368775801 0.16322350184624068 0.0020619287894478211 -0.0052387459179777489 1.0000000180025095e-35 0.0022960538748593965 0.458844939059318 -0.49972171449982089 0.0011033704660158509 0.0050231818858258006 -0.24369274667494101 0.49033180088770517 0.0014509366595211409 0.0018377426133924502 0.17164297926934688 0.0015109806451158738 0.0015592624241076412
decision_type=2 2 2 2 2 2 2 2 2 2 2 2 2 2 2 2 2
left_child=7 2 3 10 -4 -6 -5 8 11 15 -2 -1 -13 14 -11 -9 -15
right_child=1 -3 4 6 5 -7 -8 9 -10 13 -12 12 -14 16 -16 -17 -18
leaf_value=-0.015636027344869713 0.0081189460530426503 0.034910093971928582 -0.046214164506123145 -0.0085973606375282143 -0.029048149124689799 0.027437192102930451 0.0045541628191581151 -0.05034471204475887 -0.021528612111584716 -0.011235935958887451 0.037938682591850313 -0.0042130872226756166 0.031848008357181046 -0.041577347554534655 0.014439489202159738 -0.019007865738754917 -0.015892280582849642
leaf_weight=9.0083460211753827 19.096127465367317 15.928548455238341 13.145591259002684 97.722220346331596 10.758695825934412 8.8892155885696393 392.90430077910423 9.2990391850471514 13.685170128941534 79.016043826937675 22.29620985686779 11.475870192050932 20.595039561390877 9.7608593255281466 18.562995389103889 12.158462181687353 15.711961567401884
leaf_count=36 77 66 52 392 43 36 1583 37 55 317 91 46 84 39 75 49 63
internal_value=-1.97309e-06 0.00316569 0.00225345 0.00368479 -0.0207419 -0.00325119 0.00192367 -0.00925145 0.00286182 -0.0138713 0.0243688 0.0111452 0.0188451 -0.010454 -0.00629085 -0.0330518 -0.0260959
internal_weight=780.015 580.741 564.812 532.019 32.7935 19.6479 490.627 199.274 54.7644 144.509 41.3923 41.0793 32.0709 123.052 97.579 21.4575 25.4728
internal_count=3141 2340 2274 2143 131 79 1975 801 221 580 168 166 130 494 392 86 102
is_linear=0
shrinkage=0.03


end of trees

feature_importances:
Column_0=28
Column_17=26
Column_16=20
Column_31=20
Column_18=19
Column_32=13
Column_5=12
Column_20=12
Column_47=11
Column_39=9
Column_40=9
Column_24=8
Column_37=8
Column_10=6
Column_34=6
Column_45=6
Column_4=5
Column_38=5
Column_42=5
Column_9=4
Column_14=4
Column_23=4
Column_25=3
Column_44=3
Column_46=3
Column_19=2
Column_26=2
Column_29=2
Column_36=2
Column_3=1
Column_8=1
Column_13=1
Column_30=1
Column_33=1
Column_41=1

parameters:
[boosting: gbdt]
[objective: binary]
[metric: binary_logloss]
[tree_learner: serial]
[device_type: cpu]
[data_sample_strategy: bagging]
[data: ]
[valid: ]
[num_iterations: 500]
[learning_rate: 0.03]
[num_leaves: 31]
[num_threads: 1]
[seed: 2024]
[deterministic: 0]
[force_col_wise: 0]
[force_row_wise: 0]
[histogram_pool_size: -1]
[max_depth: 5]
[min_data_in_leaf: 35]
[min_sum_hessian_in_leaf: 0.001]
[bagging_fraction: 0.8]
[pos_bagging_fraction: 1]
[neg_bagging_fraction: 1]
[bagging_freq: 0]
[bagging_seed: 4542]
[bagging_by_query: 0]
[feature_fraction: 0.8]
[feature_fraction_bynode: 1]
[feature_fraction_seed: 13336]
[extra_trees: 0]
[extra_seed: 29642]
[early_stopping_round: 0]
[early_stopping_min_delta: 0]
[first_metric_only: 0]
[max_delta_step: 0]
[lambda_l1: 0.15]
[lambda_l2: 0.15]
[linear_lambda: 0]
[min_gain_to_split: 0]
[drop_rate: 0.1]
[max_drop: 50]
[skip_drop: 0.5]
[xgboost_dart_mode: 0]
[uniform_drop: 0]
[drop_seed: 2449]
[top_rate: 0.2]
[other_rate: 0.1]
[min_data_per_group: 100]
[max_cat_threshold: 32]
[cat_l2: 10]
[cat_smooth: 10]
[max_cat_to_onehot: 4]
[top_k: 20]
[monotone_constraints: ]
[monotone_constraints_method: basic]
[monotone_penalty: 0]
[feature_contri: ]
[forcedsplits_filename: ]
[refit_decay_rate: 0.9]
[cegb_tradeoff: 1]
[cegb_penalty_split: 0]
[cegb_penalty_feature_lazy: ]
[cegb_penalty_feature_coupled: ]
[path_smooth: 0]
[interaction_constraints: ]
[verbosity: -1]
[saved_feature_importance_type: 0]
[use_quantized_grad: 0]
[num_grad_quant_bins: 4]
[quant_train_renew_leaf: 0]
[stochastic_rounding: 1]
[linear_tree: 0]
[max_bin: 255]
[max_bin_by_feature: ]
[min_data_in_bin: 3]
[bin_construct_sample_cnt: 200000]
[data_random_seed: 6648]
[is_enable_sparse: 1]
[enable_bundle: 1]
[use_missing: 1]
[zero_as_missing: 0]
[feature_pre_filter: 1]
[pre_partition: 0]
[two_round: 0]
[header: 0]
[label_column: ]
[weight_column: ]
[group_column: ]
[ignore_column: ]
[categorical_feature: ]
[forcedbins_filename: ]
[precise_float_parser: 0]
[parser_config_file: ]
[objective_seed: 12337]
[num_class: 1]
[is_unbalance: 0]
[scale_pos_weight: 1]
[sigmoid: 1]
[boost_from_average: 1]
[reg_sqrt: 0]
[alpha: 0.9]
[fair_c: 1]
[poisson_max_delta_step: 0.7]
[tweedie_variance_power: 1.5]
[lambdarank_truncation_level: 30]
[lambdarank_norm: 1]
[label_gain: ]
[lambdarank_position_bias_regularization: 0]
[eval_at: ]
[multi_error_top_k: 1]
[auc_mu_weights: ]
[num_machines: 1]
[local_listen_port: 12400]
[time_out: 120]
[machine_list_filename: ]
[machines: ]
[gpu_platform_id: -1]
[gpu_device_id: -1]
[gpu_use_dp: 0]
[num_gpu: 1]

end of parameters

pandas_categorical:null
