tree
version=v4
num_class=1
num_tree_per_iteration=1
label_index=0
max_feature_idx=31
objective=binary sigmoid:1
feature_names=Column_0 Column_1 Column_2 Column_3 Column_4 Column_5 Column_6 Column_7 Column_8 Column_9 Column_10 Column_11 Column_12 Column_13 Column_14 Column_15 Column_16 Column_17 Column_18 Column_19 Column_20 Column_21 Column_22 Column_23 Column_24 Column_25 Column_26 Column_27 Column_28 Column_29 Column_30 Column_31
feature_infos=[0.40618788349638629:95.465445823701344] [-0.46355904214441668:1.4848592432166321] [0.0019194643649455001:0.029398657615136801] [0:1] [0:1] [-0.0073798443330551:0.0082794285667171993] [-0.012257911458376101:0.012150266642402201] [-0.016893671971529502:0.018576404857423099] [0.0011205977793089957:0.0026850012212504487] [-0.0074764714732284999:0.0110687304178491] [-0.0074764714732284999:0.0110687304178491] [-0.0130374678234339:0.014075600167661] [0:1] [0:1] [-1:1] [0.0026196139663598999:0.0043758162553800004] [-0.0152362035118273:0.0133339093053183] [-0.88924757885672712:10] [0.0166666666666388:0.58333333333236115] [0.20000000000000001:1] [0.024060024741465735:0.025114527569511724] [0:1] [0.46571700939226923:0.99353424793079392] [0.0022272637206304977:0.28085803746757987] [0.64123038481998995:2.5248864486403657] [0.0011540700804117442:0.0023651020143818603] [-0.68421052631578949:0.68421052631578938] [0:0.55475087587280292] [0.53805240324255033:1.8954560604272306] [0.10000000000000001:0.90000000000000002] [0:0.71516510330733818] [0:0.99999986722996737]
tree_sizes=1949 1938 2161 1947

Tree=0
num_leaves=17
num_cat=0
split_feature=29 25 21 7 25 31 25 21 29 21 7 25 19 21 25 31
split_gain=28.7327 19.3905 36.9912 45.2812 33.4439 21.8076 17.5097 17.0582 12.9599 12.5145 11.7669 6.5799 6.02596 4.79446 4.23825 2.47725
threshold=0.88624557708009533 0.0020873776310294041 0.72366005880793105 0.0026329667453120504 0.0018020744997532129 0.24793740199674244 0.0014261271531144989 0.081836589944181845 0.49829043194947326 0.72036858261689207 0.0073066473275393016 0.0015896287298909778 0.25000000000000006 0.86095759237300828 0.0016760978329912188 0.012200459493302758
decision_type=2 2 2 2 2 2 2 2 2 2 2 2 2 2 2 2
left_child=1 2 4 12 5 6 -1 15 -9 -3 -5 -2 -4 -14 -7 -6
right_child=11 9 3 10 7 14 -8 8 -10 -11 -12 -13 13 -15 -16 -17
leaf_value=0.0085461033086812691 -0.018945256656465334 -0.0052113186841259099 0.052445155883511077 -0.039253446536421557 0.025686892157473638 -0.053262492356064693 -0.0046108754621493131 0.026865300282507169 -0.017501535696993972 -0.054152931595333201 0.011519775956349957 -0.054152931595333201 0.048111989415016307 0.021229781864426815 -0.020611506874067088 0.043881274881719161
leaf_weight=117.12277969717979 11.804107949137689 10.259417891502382 17.575410678982735 10.086096346378328 15.684077531099318 7.7568983286619213 405.07976667582989 10.432739436626436 13.269739076495169 8.961026802659033 6.5862178951501837 8.961026802659033 9.0887374579906481 21.938856020569801 8.270781457424162 17.122342124581337
leaf_count=452 51 42 55 47 56 38 1651 37 57 44 25 44 29 80 36 56
internal_value=7.49315e-09 0.00106621 0.00194043 0.0233525 -0.000407373 -0.00272195 -0.00164973 0.0215077 0.00188418 -0.028504 -0.0190047 -0.0346334 0.0379884 0.0294422 -0.0370391 0.035476
internal_weight=700 679.235 660.014 65.2753 594.739 538.23 522.203 56.5089 23.7025 19.2204 16.6723 20.7651 48.603 31.0276 16.0277 32.8064
internal_count=2800 2705 2619 236 2383 2177 2103 206 94 86 72 95 164 109 74 112
is_linear=0
shrinkage=1


Tree=1
num_leaves=17
num_cat=0
split_feature=29 25 25 19 8 6 31 8 8 17 27 25 17 22 25 2
split_gain=27.0797 18.2779 30.2273 22.9383 20.8977 20.4554 14.8923 13.819 15.7695 15.3099 13.252 11.4384 9.66347 7.79178 6.19944 5.9895
threshold=0.88624557708009533 0.0020873776310294041 0.0017644355671057566 0.25000000000000006 0.0012621285716143684 0.0018833239727965004 0.0900938453172377 0.0016599821692175607 0.0020334882533373125 0.56840029035504969 0.26877681743618531 0.0015187174558404335 9.0407157270515288 0.95696677994965162 0.0015896287298909778 0.0052250448653240007
decision_type=2 2 2 2 2 2 2 2 2 2 2 2 2 2 2 2
left_child=1 2 3 5 15 6 -1 13 9 -9 -10 -6 -3 -4 -2 -5
right_child=14 12 7 4 11 -7 -8 8 10 -11 -12 -13 -14 -15 -16 -17
leaf_value=0.026695401783206691 -0.018385684578041541 -0.0059539924798720457 0.010325615969933725 0.043828167286030305 0.00043985279223987875 -0.01877212573537905 -0.017268600783363647 -0.0046307585526983719 -0.024258591003585205 0.036680528486393887 0.023625424417958379 -0.0089997824614236558 -0.049045470115792585 -0.026582798330158391 -0.052593394210376142 0.0086725977050955295
leaf_weight=56.541719332337379 11.80304901301861 9.7263501286506671 12.306633293628694 9.8209213912487048 216.40568120777607 13.670022159814833 7.6677934080362311 9.3239643275737745 10.205387234687807 51.052511960268021 10.300118893384932 245.5476993471384 9.4874584674835187 8.5401185601949674 8.9544603824615461 8.5835618078708631
leaf_count=201 51 40 47 32 864 59 33 38 45 173 37 1019 46 38 44 33
internal_value=0 0.0010346 0.00188347 -0.000851109 -0.00330842 0.0142251 0.0213474 0.0169128 0.0225275 0.0302308 0 -0.00456927 -0.0276793 -0.00466192 -0.033629 0.0278774
internal_weight=699.937 679.18 659.966 558.237 480.358 77.8795 64.2095 101.729 80.882 60.3765 20.5055 461.953 19.2138 20.8468 20.7575 18.4045
internal_count=2800 2705 2619 2241 1948 293 234 378 293 211 82 1883 86 85 95 65
is_linear=0
shrinkage=0.03


Tree=2
num_leaves=19
num_cat=0
split_feature=29 26 21 7 17 26 7 17 15 8 16 0 8 4 17 28 28 28
split_gain=25.5388 18.0643 21.6523 42.7771 26.0777 28.3045 34.4753 22.3914 20.7347 20.0702 15.748 13.5885 10.241 7.5247 6.29327 3.46215 1.63739 1.33249
threshold=0.88624557708009533 0.4210526315789474 0.62132590952257993 0.0026329667453120504 3.6445474446297186 1.0000000180025095e-35 -0.00018219970139894998 9.8831145457373015 0.0029101949337525007 0.0018903554817498575 -0.0022471334405000493 66.161437957776442 0.0020334882533373125 1.0000000180025095e-35 0.12732779595035179 1.0761935746317015 0.94096427707531971 1.0557393506927151
decision_type=2 2 2 2 2 2 2 2 2 2 2 2 2 2 2 2 2 2
left_child=1 2 4 8 9 6 -6 -7 13 10 -1 -5 -10 -4 -3 16 -2 -11
right_child=15 14 3 11 5 7 -8 -9 12 17 -12 -13 -14 -15 -16 -17 -18 -19
leaf_value=-0.0088744558012097165 -0.033480159160939507 -0.011852770846693369 0.041818916573269943 -0.056959336042515261 0.0078194445430661286 -0.030806060516670626 -0.035430313088395428 0.010852273521429912 0.018365720330965542 0.043043131075965697 0.0059650425320535118 -0.0051526408265608224 -0.027262467393427334 0.016333435031411069 -0.052419039150152225 -0.050484040919382925 -0.01116314910637403 0.023874269454952076
leaf_weight=83.421243354678154 6.9327650964260119 7.5983422398567182 40.064274191856384 6.8189063817262676 93.02305668592453 64.33174991607666 20.029584020376205 13.903001844882963 9.4965449422597903 9.8152638822793978 277.99457564949989 13.918567463755606 7.9979874193668357 15.352316305041311 6.9509125947952271 6.9432117640972129 6.8595676720142365 8.3700156807899457
leaf_count=346 32 32 132 34 360 290 92 53 35 32 1085 57 36 57 34 34 29 30
internal_value=0 0.00100329 0.00173695 0.0150964 -0.000450038 -0.00948524 8.03212e-05 -0.023339 0.0259297 0.00409305 0.00252511 -0.0226899 -0.00229354 0.0349027 -0.0318766 -0.0326769 -0.0229431 0.0347333
internal_weight=699.822 679.086 664.537 93.6486 570.888 191.287 113.053 78.2348 72.9111 379.601 361.416 20.7375 17.4945 55.4166 14.5493 20.7355 13.7923 18.1853
internal_count=2800 2705 2639 351 2288 795 452 343 260 1493 1431 91 71 189 66 95 61 62
is_linear=0
shrinkage=0.03


Tree=3
num_leaves=17
num_cat=0
split_feature=29 26 21 8 17 26 3 17 30 11 8 11 3 17 28 28
split_gain=24.1127 17.0342 20.3838 27.6593 24.5455 26.6345 24.5436 21.0869 19.0527 16.2368 15.3735 12.0286 7.15723 5.92962 3.26883 1.54198
threshold=0.88624557708009533 0.4210526315789474 0.62132590952257993 0.0021049773953377557 3.6445474446297186 1.0000000180025095e-35 1.0000000180025095e-35 9.8831145457373015 0.14597903079988175 0.0007224386090080501 0.0018903554817498575 0.0044442693542499504 1.0000000180025095e-35 0.12732779595035179 1.0761935746317015 0.94096427707531971
decision_type=2 2 2 2 2 2 2 2 2 2 2 2 2 2 2 2
left_child=1 2 4 11 8 6 -6 -7 10 -10 -1 12 -4 -3 15 -2
right_child=14 13 3 -5 5 7 -8 -9 9 -11 -12 -13 -14 -15 -16 -17
leaf_value=0.0051658932620101241 -0.032547487523384426 -0.01150495808504522 0.031430936225494588 -0.027494939331585162 0.0046688330899084121 -0.029891280093467972 -0.042682413234038256 0.010530902057833391 -0.026973078834963495 0.0061000264006761474 0.034600237743396704 -0.012252966923588919 0.010928388856057568 -0.050918963661550215 -0.049120123347553148 -0.010838968307151517
leaf_weight=309.08727502822876 6.9219409227371234 7.5977529138326627 49.415033906698227 11.987695336341856 102.29110461473465 64.316266536712646 10.74965216219425 13.902051135897635 30.358040690422058 23.36017906665802 16.775822579860687 8.525901719927786 23.642878443002701 6.9454944431781769 6.926326483488082 6.857306033372879
leaf_count=1210 32 32 171 54 401 290 51 53 135 91 57 36 90 34 34 29
internal_value=0 0.000972794 0.00168541 0.0146537 -0.000435735 -0.0092025 7.55977e-05 -0.0226431 0.0039716 -0.0125303 0.00671023 0.020941 0.0248934 -0.030962 -0.0317764 -0.0223003
internal_weight=699.661 678.955 664.412 93.5715 570.84 191.259 113.041 78.2183 379.581 53.7182 325.863 81.5838 73.0579 14.5432 20.7056 13.7792
internal_count=2800 2705 2639 351 2288 795 452 343 1493 226 1267 297 261 66 95 61
is_linear=0
shrinkage=0.03


end of trees

feature_importances:
Column_25=9
Column_17=8
Column_8=7
Column_21=6
Column_28=5
Column_29=5
Column_7=4
Column_26=4
Column_31=3
Column_3=2
Column_11=2
Column_19=2
Column_0=1
Column_2=1
Column_4=1
Column_6=1
Column_15=1
Column_16=1
Column_22=1
Column_27=1
Column_30=1

parameters:
[boosting: gbdt]
[objective: binary]
[metric: binary_logloss]
[tree_learner: serial]
[device_type: cpu]
[data_sample_strategy: bagging]
[data: ]
[valid: ]
[num_iterations: 500]
[learning_rate: 0.03]
[num_leaves: 31]
[num_threads: 2]
[seed: 137]
[deterministic: 0]
[force_col_wise: 0]
[force_row_wise: 0]
[histogram_pool_size: -1]
[max_depth: 6]
[min_data_in_leaf: 30]
[min_sum_hessian_in_leaf: 0.001]
[bagging_fraction: 0.8]
[pos_bagging_fraction: 1]
[neg_bagging_fraction: 1]
[bagging_freq: 0]
[bagging_seed: 5691]
[bagging_by_query: 0]
[feature_fraction: 0.8]
[feature_fraction_bynode: 1]
[feature_fraction_seed: 22311]
[extra_trees: 0]
[extra_seed: 25471]
[early_stopping_round: 0]
[early_stopping_min_delta: 0]
[first_metric_only: 0]
[max_delta_step: 0]
[lambda_l1: 0.15]
[lambda_l2: 0.15]
[linear_lambda: 0]
[min_gain_to_split: 0]
[drop_rate: 0.1]
[max_drop: 50]
[skip_drop: 0.5]
[xgboost_dart_mode: 0]
[uniform_drop: 0]
[drop_seed: 11029]
[top_rate: 0.2]
[other_rate: 0.1]
[min_data_per_group: 100]
[max_cat_threshold: 32]
[cat_l2: 10]
[cat_smooth: 10]
[max_cat_to_onehot: 4]
[top_k: 20]
[monotone_constraints: ]
[monotone_constraints_method: basic]
[monotone_penalty: 0]
[feature_contri: ]
[forcedsplits_filename: ]
[refit_decay_rate: 0.9]
[cegb_tradeoff: 1]
[cegb_penalty_split: 0]
[cegb_penalty_feature_lazy: ]
[cegb_penalty_feature_coupled: ]
[path_smooth: 0]
[interaction_constraints: ]
[verbosity: -1]
[saved_feature_importance_type: 0]
[use_quantized_grad: 0]
[num_grad_quant_bins: 4]
[quant_train_renew_leaf: 0]
[stochastic_rounding: 1]
[linear_tree: 0]
[max_bin: 255]
[max_bin_by_feature: ]
[min_data_in_bin: 3]
[bin_construct_sample_cnt: 200000]
[data_random_seed: 486]
[is_enable_sparse: 1]
[enable_bundle: 1]
[use_missing: 1]
[zero_as_missing: 0]
[feature_pre_filter: 1]
[pre_partition: 0]
[two_round: 0]
[header: 0]
[label_column: ]
[weight_column: ]
[group_column: ]
[ignore_column: ]
[categorical_feature: ]
[forcedbins_filename: ]
[precise_float_parser: 0]
[parser_config_file: ]
[objective_seed: 12927]
[num_class: 1]
[is_unbalance: 0]
[scale_pos_weight: 1]
[sigmoid: 1]
[boost_from_average: 1]
[reg_sqrt: 0]
[alpha: 0.9]
[fair_c: 1]
[poisson_max_delta_step: 0.7]
[tweedie_variance_power: 1.5]
[lambdarank_truncation_level: 30]
[lambdarank_norm: 1]
[label_gain: ]
[lambdarank_position_bias_regularization: 0]
[eval_at: ]
[multi_error_top_k: 1]
[auc_mu_weights: ]
[num_machines: 1]
[local_listen_port: 12400]
[time_out: 120]
[machine_list_filename: ]
[machines: ]
[gpu_platform_id: -1]
[gpu_device_id: -1]
[gpu_use_dp: 0]
[num_gpu: 1]

end of parameters

pandas_categorical:null
