tree
version=v4
num_class=1
num_tree_per_iteration=1
label_index=0
max_feature_idx=47
objective=binary sigmoid:1
feature_names=Column_0 Column_1 Column_2 Column_3 Column_4 Column_5 Column_6 Column_7 Column_8 Column_9 Column_10 Column_11 Column_12 Column_13 Column_14 Column_15 Column_16 Column_17 Column_18 Column_19 Column_20 Column_21 Column_22 Column_23 Column_24 Column_25 Column_26 Column_27 Column_28 Column_29 Column_30 Column_31 Column_32 Column_33 Column_34 Column_35 Column_36 Column_37 Column_38 Column_39 Column_40 Column_41 Column_42 Column_43 Column_44 Column_45 Column_46 Column_47
feature_infos=[5.6737588646224708:99.999999989002362] [-0.2818476243149981:1.2883397364448514] [0.0026161797883520999:0.026827072228932401] [0:1] [0:1] [-0.0055680203298926999:0.0056672056265582001] [-0.0090325218933945007:0.0097792869076139995] [0.0014121143841487702:0.0025260739339626132] [-0.0047379755922462999:0.0058886224353840999] [-0.0047379755922462999:0.0058886224353840999] [-0.0142971866401592:0.014843800115464] [0:1] [0:1] [-1:1] [0.0026235012945588:0.0032357460113451998] [-0.0113681605679029:0.0116743965641736] [0:0.41666666666597219] [0.20000000000000001:1] none [-4.7872379020174485:4.5506801086751452] none [0:11.45882336525621] [-2.6916189930414216:2.6866099120119884] [-2.3772280120103289:2.4981193375633812] [-18.28537117555922:15.706436860605628] none [-0.79787298366957471:0.75844668477919086] [-0.90346632038984687:0.88759966389043765] [-0.21219041213233958:3.8766646128443969] [-4.7872379020174467:4.5506801086751434] [0:0.0018888134909004822] [0:1] [0.040770360169408715:83.970283689999363] [0.10000000000000001:0.90000000000000002] [-0.57953532176458422:0.31532530410647525] [-0.41793663724502983:0.42247716281581899] [-0.96602710270100423:0.60164795655208425] [-0.25490065689781494:0.57541363576160576] [-0.15842404958049566:0.47252946882923613] [-0.97068132648680239:0.85570110228464413] [-0.77085792465131431:0.44194722622357963] [-0.38008823636247363:0.55492627392332394] [-0.61866683620538698:0.48922471897213254] [-0.40242531493329647:0.84627717658847057] [-0.58267866236296273:0.63922706976073551] [-0.40045119806705115:0.39240488212721991] [-0.85562187897822617:0.98785692364250821] [-0.9070084578932015:0.98002038639685629]
tree_sizes=2503 2596 2585 2358 2393 2715 2604 2497 2819 2364 1961 2705 2183 2707 2610 2179 2722 2499 2498 2288 1550 1551 1440 1968 2394 1439 2713

Tree=0
num_leaves=22
num_cat=0
split_feature=42 13 2 38 31 6 30 30 2 15 39 32 2 27 17 44 41 42 22 10 2
split_gain=35.8368 31.9046 25.9032 25.682 18.3588 17.95 13.6485 13.3778 23.3395 13.2166 12.0612 11.8673 10.9449 16.3419 9.46324 12.3034 9.08766 8.20937 5.37258 4.28698 0.00650009
threshold=-0.071592281987797643 1.0000000180025095e-35 0.012736920112688302 0.035016512173162907 0.11816018663963228 0.0041274605820583012 0.0010162954251731568 0.0012681154536811554 0.0077071921539564004 -0.0022333664074885495 0.70432793897223178 0.040871742507888602 0.010492135770588553 0.51812969695050126 0.75000000000000011 -0.2381000905735868 0.075331248324003272 0.3623038064793162 0.48665617649615428 0.00075859622502075002 0.014161945976611251
decision_type=2 2 2 2 2 2 2 2 2 2 2 2 2 2 2 2 2 2 2 2 2
left_child=2 6 5 14 16 10 -2 8 -8 -9 11 -1 17 -14 19 -16 -3 -6 -5 -4 -20
right_child=1 4 3 18 12 -7 7 9 -10 -11 -12 -13 13 -15 15 -17 -18 -19 20 -21 -22
leaf_value=-0.011941808833794296 0.025881159643637738 0.018761621473315625 -0.036095349445904625 -0.02414788102435609 1.917119311576022e-08 -0.033725877934783932 0.0028500425354417362 0.021978671083908694 -0.027145891044891422 -0.0019181894065918991 -0.034282981382271163 0.0026587140459148552 0.032674725019236531 -0.011486595418208996 -0.015432664854025903 0.034346809632192235 0.051902818914455029 0.018114543857864363 -0.045343892608326705 -0.0065670981892017736 -0.058805909381074238
leaf_weight=62.92643815279007 15.405210942029951 14.933060407638552 9.0786112844944018 9.3042064011096972 70.999886035919189 16.128885090351105 47.467351645231247 26.611993014812469 45.288254916667938 92.792558968067169 9.578708887100218 243.09836080670357 35.974112123250961 9.2762593328952772 8.7831484973430651 8.6783469915389997 16.547160059213638 32.859719663858414 8.8460294008255023 9.5158279836177808 11.155856132507322
leaf_count=251 62 60 36 37 284 64 190 107 180 371 38 973 145 37 35 35 67 132 35 38 44
internal_value=1.91712e-08 0.00624134 -0.00641508 -0.0236642 0.015653 -0.00299373 -0.00121315 -0.00321859 -0.0117673 0.00339102 -0.00139364 -0.000333205 0.011192 0.0235146 -0.00651062 0.00913399 0.0364876 0.00575372 -0.0444752 -0.0213976 -0.0534573
internal_weight=805.25 408.156 397.094 65.362 180.59 331.732 227.565 212.16 92.7556 119.405 315.604 306.025 149.11 45.2504 36.0559 17.4615 31.4802 103.86 29.3061 18.5944 20.0019
internal_count=3221 1635 1586 260 725 1326 910 848 370 478 1262 1224 598 182 144 70 127 416 116 74 79
is_linear=0
shrinkage=1


Tree=1
num_leaves=23
num_cat=0
split_feature=45 2 36 13 31 38 32 32 6 42 45 6 30 7 30 30 37 36 7 21 8 22
split_gain=35.0786 30.5039 22.6507 20.9257 17.7127 14.0572 12.9498 13.7172 12.5345 12.1302 11.7081 21.2195 16.9879 17.5308 12.978 9.42515 9.18017 8.06037 7.52127 7.03603 6.8102 4.18577
threshold=0.19615817904644667 0.012736920112688302 -0.13785222908149128 1.0000000180025095e-35 0.37007627924194331 0.043523197514157889 0.041039093429641259 0.04089775773501516 0.0041274605820583012 0.36855970379694608 -0.34114486495256829 0.00037122331649765003 0.0012681154536811554 0.0019275596322984488 0.0016072121493175969 0.0014844134460984912 -0.041108485601795614 0.13257675566595073 0.0019995371164457389 3.2793693886646218 0.0010919493821632501 0.48665617649615428
decision_type=2 2 2 2 2 2 2 2 2 2 2 2 2 2 2 2 2 2 2 2 2 2
left_child=3 2 8 10 9 18 7 -6 16 15 11 17 13 -12 -14 -5 -2 -1 -3 -13 -11 -7
right_child=1 5 -4 4 6 21 -8 -9 -10 20 12 19 14 -15 -16 -17 -18 -19 -20 -21 -22 -23
leaf_value=-0.014796978968471836 0.0015474056171432872 -0.031839348046039079 -0.042370554880277814 0.018970958683705505 -0.0075075145473192384 -0.024741050240089154 -0.021556215600357784 0.014962130409952812 -0.031324433717641688 0.053279404563387957 -0.023037681829544587 0.047180715804646445 0.006301248918861798 0.01567050955438495 -0.026890868046677924 -0.0013740040498308043 -0.020909598442414804 0.01109139411319547 0.0038717571342499748 0.013133766213096776 0.018809413159982535 -0.051665805946369797
leaf_weight=23.832907125353813 213.92055045068264 8.8171698004007357 12.879061162471769 86.848350137472153 38.813886791467667 8.8028255105018633 17.084957048296928 64.76208969950676 12.089731991291044 12.5847165286541 61.327380672097206 12.855331227183344 90.861225515604019 12.452512234449385 11.825282543897627 26.256305187940598 17.58716693520546 19.446276620030403 12.486291155219076 10.466160148382185 9.9510431140661222 19.227643013000488
leaf_count=95 856 35 51 349 155 35 68 260 48 51 244 52 364 50 47 105 70 78 50 42 40 76
internal_value=0 -0.00800045 -0.00381712 0.0048987 0.0108786 -0.0295803 0.00246816 0.00649983 -0.00173551 0.0183161 -0.00139112 0.00928839 -0.00545164 -0.0164251 0.00240147 0.0142127 -0.000151616 -0.00306302 -0.010818 0.0322745 0.038482 -0.0435466
internal_weight=805.179 305.81 256.477 499.368 256.301 49.3339 120.661 103.576 243.597 135.64 243.067 66.6007 176.466 73.7799 102.687 113.105 231.508 43.2792 21.3035 23.3215 22.5358 28.0305
internal_count=3221 1221 1025 2000 1028 196 483 415 974 545 972 267 705 294 411 454 926 173 85 94 91 111
is_linear=0
shrinkage=0.03


Tree=2
num_leaves=23
num_cat=0
split_feature=45 2 36 13 31 37 38 39 6 17 45 15 30 30 21 26 2 37 36 31 23 26
split_gain=33.043 28.7613 21.3491 19.6919 16.6874 13.453 13.4318 13.0159 11.8122 11.1958 11.027 20.1131 15.9824 13.6353 12.5848 10.7525 9.19824 8.64269 8.55789 6.8852 5.02439 11.2824
threshold=0.19615817904644667 0.012736920112688302 -0.13785222908149128 1.0000000180025095e-35 0.3135287399490258 -0.047613179086213812 0.0056058845216711249 -0.12984047373831401 0.0041274605820583012 0.75000000000000011 -0.34114486495256829 0.00089858694398265012 0.0012681154536811554 0.00099381244850544649 0.12186245407034731 0.3703913929367606 0.0058723204796451512 -0.041108485601795614 0.15042934493790297 0.066334200413177932 -0.59514239477040054 0.22310215781220952
decision_type=2 2 2 2 2 2 2 2 2 2 2 2 2 2 2 2 2 2 2 2 2 2
left_child=3 2 8 10 7 -6 -3 19 17 -9 11 18 13 -12 -14 -13 -7 -2 -1 -5 -8 -22
right_child=1 6 -4 4 5 16 20 9 -10 -11 12 15 14 -15 -16 -17 -18 -19 -20 -21 21 -23
leaf_value=-0.012932335928274245 0.0015010149378647023 0 -0.041153434374000514 0.050226156031737725 -0.024552665075542036 -0.012844375059574536 -0.056708091683364326 -0.00010256473039917504 -0.030419764229043494 0.023615717769964815 0.018262582146609939 0.057203483177204348 -0.028369030979555683 -0.020761653513645496 0.005939380606711178 0.012941113605317689 0.0099752729503024811 -0.020289582116994838 0.013188666470758581 0.023602626991121176 -0.0036193494718553708 -0.044056661398559946
leaf_weight=26.830118551850319 213.92054764926434 11.498928412795065 12.86675989627838 13.316933542490004 13.577345445752142 18.304384380578995 9.6202709674835187 37.740488976240158 12.080385878682135 33.30604986846447 8.9593147188425046 9.3632630258798617 10.571462094783781 64.808237537741661 92.11211521923542 11.21153488755226 109.45769071578979 17.585466220974922 19.1842410415411 30.550572171807289 9.7561032474041003 18.412367403507233
leaf_count=107 856 46 51 54 54 73 38 151 48 134 36 38 42 258 369 45 439 70 77 123 39 73
internal_value=0 -0.00776657 -0.00370515 0.00475397 0.0105556 0.00360655 -0.0287325 0.0190477 -0.00168447 0.0109795 -0.00134734 0.00901719 -0.00528852 -0.0159337 0.00232728 0.0335696 0.00665951 -0.000146865 -0.00193706 0.0319306 -0.0373419 -0.0303035
internal_weight=805.035 305.741 256.453 499.294 256.253 141.339 49.2877 114.914 243.586 71.0465 243.04 66.5892 176.451 73.7676 102.684 20.5748 127.762 231.506 46.0144 43.8675 37.7887 28.1685
internal_count=3221 1221 1025 2000 1028 566 196 462 974 285 972 267 705 294 411 83 512 926 184 177 150 112
is_linear=0
shrinkage=0.03


Tree=3
num_leaves=21
num_cat=0
split_feature=45 2 36 7 31 17 33 39 22 44 22 6 23 46 47 7 42 46 41 2
split_gain=31.1359 27.1499 20.1415 17.0276 18.8007 16.6737 14.6017 14.583 12.9392 12.5944 11.368 11.1368 10.7674 12.2419 12.3628 9.04338 8.26741 6.09214 5.489 1.54219
threshold=0.19615817904644667 0.012736920112688302 -0.13785222908149128 0.0017910261691706532 0.47801893421264413 0.90000000000000013 0.70466493082717241 -0.33368997163438924 1.5271903340586122 -0.24269509750344662 0.21116155881097301 0.0041274605820583012 -1.0294603509825828 0.58501627022619085 -0.038578786299225044 0.0019275596322984488 -0.23791088012459891 0.11096684239965274 0.33139482918088936 0.014161945976611251
decision_type=2 2 2 2 2 2 2 2 2 2 2 2 2 2 2 2 2 2 2 2
left_child=3 2 11 12 5 7 8 -5 -6 10 -3 15 -1 14 -14 -2 -7 -8 -15 -12
right_child=1 9 -4 4 6 16 17 -9 -10 -11 19 -13 13 18 -16 -17 -18 -19 -20 -21
leaf_value=-0.029214272644234939 0.0048005503118041856 -0.013111550291717898 -0.040004635588306942 0.021490311037987535 -0.0025024925629345877 0.0033260455487729209 0 0.0027241165200145648 -0.033258469363647986 0.0042216325479183976 -0.035371640364824625 -0.029554471649154479 0.015599874161306374 0.03762998718532725 -0.010329581475285819 -0.0072364469296833595 0.032800444411536372 0.025955310521618549 0.0048875995218060804 -0.053796116237297791
leaf_weight=13.838974669575689 136.09320937097073 14.535979568958281 12.843796476721762 53.926209017634392 77.016310945153236 10.984646633267401 13.746023759245871 122.35118751227856 14.6110782623291 8.7375270724296552 10.301274672150614 12.065656349062918 20.168242618441582 8.9105420410633105 87.175417199730873 95.407243251800537 46.084015443921089 20.118735879659653 10.225408494472502 15.641863763332365
leaf_count=55 545 58 51 217 308 44 55 490 58 35 41 48 81 36 348 381 186 81 41 62
internal_value=0 -0.00754161 -0.00359679 0.00461428 0.00808252 0.0131174 -0.00124816 0.00850391 -0.00750227 -0.0279289 -0.0349694 -0.00163502 -0.00422224 -0.00142079 -0.005401 -0.000142251 0.0272294 0.0154997 0.0205413 -0.0468981
internal_weight=804.783 305.627 256.41 499.157 358.838 233.346 125.492 176.277 91.6274 49.2166 40.4791 243.566 140.319 126.48 107.344 231.5 57.0687 33.8648 19.136 25.9431
internal_count=3221 1221 1025 2000 1439 937 502 707 366 196 161 974 561 506 429 926 230 136 77 103
is_linear=0
shrinkage=0.03


Tree=4
num_leaves=21
num_cat=0
split_feature=42 13 6 17 41 14 30 30 2 15 4 2 21 23 2 2 44 30 42 15
split_gain=29.0141 27.2043 20.7255 18.2532 15.0305 17.1385 12.5083 11.284 21.3518 12.317 10.3149 13.5837 18.0817 10.3364 9.19161 18.2779 7.44034 7.50362 3.58076 1.55324
threshold=-0.071592281987797643 1.0000000180025095e-35 0.0041274605820583012 0.90000000000000013 -0.24050435814925933 0.0027660346797218007 0.0010162954251731568 0.0012681154536811554 0.0077071921539564004 -0.0022333664074885495 1.0000000180025095e-35 0.010130731936800303 2.0260479998747249 0.49628174502578465 0.010492135770588553 0.0091930021636710529 0.276846227502274 0.0013480903276004716 -0.34157175635805315 0.0060213511708122509
decision_type=2 2 2 2 2 2 2 2 2 2 2 2 2 2 2 2 2 2 2 2
left_child=2 6 3 4 -1 -6 -2 8 -8 -9 11 13 -13 -3 15 -5 17 -12 19 -4
right_child=1 10 18 14 5 -7 7 9 -10 -11 16 12 -14 -15 -16 -17 -18 -19 -20 -21
leaf_value=-0.043070098524401461 0.02468021493775974 -0.0026264009867366296 -0.02739992765068755 0.01122027464251351 -0.017638778777320365 -0.0011282612513037675 0.0029370647790116261 0.020831009940539279 -0.025762456301313907 -0.0022457472703719403 0.008056505600760407 0.050894448906856002 0.0085592114545862078 0.019000834992441283 0.031160040178859458 -0.032474059573817118 0.047193383279704404 0.03706973708591367 -0.016361981443849444 -0.047855828256234627
leaf_weight=10.052908301353453 15.389636382460592 66.449869975447655 9.5270193219184929 53.832184597849846 79.562926948070526 197.42345581948757 47.43348491191864 26.598244518041611 45.246604219079018 92.768788784742355 21.94917343556881 14.788325682282446 24.179987564682961 28.068389877676964 13.883355140686033 10.076502069830893 11.847678884863852 13.119206219911574 13.533371865749357 8.8073725998401624
leaf_count=40 62 266 38 216 317 790 190 107 180 371 88 60 97 113 56 40 48 53 54 35
internal_value=0 0.00561458 -0.00577855 -0.00373174 -0.00723353 -0.00589404 -0.00126866 -0.00318926 -0.0110446 0.00287843 0.0143112 0.00998438 0.0248739 0.00376848 0.00912061 0.00420082 0.0264551 0.0191499 -0.0289433 -0.0377785
internal_weight=804.538 407.839 396.699 364.831 287.039 276.986 227.437 212.047 92.6801 119.367 180.403 133.487 38.9683 94.5183 77.792 63.9087 46.9161 35.0684 31.8678 18.3344
internal_count=3221 1635 1586 1459 1147 1107 910 848 370 478 725 536 157 379 312 256 189 141 127 73
is_linear=0
shrinkage=0.03


Tree=5
num_leaves=24
num_cat=0
split_feature=45 13 0 31 36 15 32 32 42 45 6 30 7 30 7 42 0 36 8 30 15 10 30
split_gain=27.6597 17.6326 17.2676 15.2327 15.2001 14.1931 11.9149 12.4415 10.882 10.0907 19.0074 14.4707 16.1622 12.1996 10.0109 9.65462 8.94372 7.07668 6.24878 6.09621 5.88619 4.05975 0.925377
threshold=0.19615817904644667 1.0000000180025095e-35 69.249516543656952 0.37007627924194331 -0.13785222908149128 -0.0044189336519403488 0.041039093429641259 0.04089775773501516 0.36855970379694608 -0.34114486495256829 0.00037122331649765003 0.0012681154536811554 0.0019275596322984488 0.0016072121493175969 0.0019275596322984488 -0.36093015576139725 45.80858569513105 0.13257675566595073 0.0010919493821632501 0.0014092323864121454 0.0036579497655580004 0.0037819324512981503 0.0013417933435442124
decision_type=2 2 2 2 2 2 2 2 2 2 2 2 2 2 2 2 2 2 2 2 2 2 2
left_child=1 9 4 8 5 19 7 -5 16 10 17 12 -11 -13 -7 21 -3 -1 -10 -2 -12 -4 -23
right_child=2 3 15 6 -6 14 -8 -9 18 11 20 13 -14 -15 -16 -17 -18 -19 -20 -21 -22 22 -24
leaf_value=-0.014187393223224194 -0.0073456066966080405 0.0019504994376536688 -0.017678047650318791 -0.0074259447376317121 -0.03435753837921024 0.005646855219833569 -0.021007816686778324 0.013977869931554397 0.050107575048642702 -0.021687695317264076 0.043087062052839208 0.0058322169472243973 0.015483884778504721 -0.02635595859811915 -0.0070625719338692217 -0.0024001960253395758 0.019466000156373914 0.010069127092999706 0.017044196402342535 -0.035875398127376661 0.011551913971200442 -0.052229123578309604 -0.034073222248994318
leaf_weight=23.820882335305214 13.268658310174944 42.923402413725853 8.7790948152542132 38.802475273609161 14.278923958539961 122.5539942830801 17.077977478504181 64.711093336343765 12.515005007386209 61.255037352442741 13.562680125236513 90.838164299726486 12.447435244917868 11.82206170260906 102.0921334028244 11.460712313652037 70.048692762851715 19.432679310441017 9.9299233406782133 14.854480534791945 9.7104216665029508 9.3222453147172946 8.7581215649843198
leaf_count=95 53 172 35 155 57 491 68 260 51 244 55 364 50 47 408 46 282 78 40 59 39 37 35
internal_value=0 0.00434958 -0.00711177 0.00984296 -0.00438178 -0.00265128 0.00204104 0.00591202 0.0167476 -0.00142449 0.00849386 -0.00519537 -0.0153302 0.0020487 -0.000109881 -0.0259285 0.0128622 -0.00318877 0.0358893 -0.0226844 0.0302798 -0.0357321 -0.044034
internal_weight=804.266 498.898 305.368 256.009 267.048 252.769 120.592 103.514 135.417 242.889 66.5267 176.363 73.7025 102.66 224.646 38.3202 112.972 43.2536 22.4449 28.1231 23.2731 26.8595 18.0804
internal_count=3221 2000 1221 1028 1068 1011 483 415 545 972 267 705 294 411 899 153 454 173 91 112 94 107 72
is_linear=0
shrinkage=0.03


Tree=6
num_leaves=23
num_cat=0
split_feature=45 2 36 13 31 38 39 3 31 38 24 16 6 47 37 2 7 8 2 22 7 32
split_gain=26.0732 24.7908 17.6287 16.6028 14.522 12.1195 11.3827 10.4681 13.4257 16.4581 10.28 11.5239 9.67731 9.64789 9.52615 8.3686 8.31344 8.1691 6.44868 5.26869 4.64789 0.50293
threshold=0.19615817904644667 0.012736920112688302 -0.13785222908149128 1.0000000180025095e-35 0.24315481287948829 0.0056058845216711249 -0.12539534465818217 1.0000000180025095e-35 0.3050701403589558 -0.05522639256818776 -4.1377277545120332 0.12499999999979165 0.0041274605820583012 0.035115038672100772 -0.049051352450016038 0.0059031243276218516 0.0019275596322984488 -0.00042219011680804996 0.0065646058298005011 0.21116155881097301 0.0018764971158394047 0.040993181689253907
decision_type=2 2 2 2 2 2 2 2 2 2 2 2 2 2 2 2 2 2 2 2 2 2
left_child=3 2 12 7 6 -3 18 10 20 -10 17 -12 16 -8 -6 -16 -2 -1 -5 -7 -9 -21
right_child=1 5 -4 4 14 19 13 8 9 -11 11 -13 -14 -15 15 -17 -18 -19 -20 21 -22 -23
leaf_value=0.033569523280299204 0.0048170128598920706 0.00014789001825424249 -0.037344550462674486 0.048957266837610779 -0.017751555269956757 -0.018325584013101064 0.019786070223341796 0.013548957730290958 0.022268794342185479 -0.014122041393911107 -0.0043300111734924157 -0.0260425530732168 -0.027408424102913279 -0.0063045218725417042 -0.010113998369475612 0.0095980823008561759 -0.0067252280255775338 -0.00021569403057454927 0.021877667842206856 -0.050276514109170688 0.044985236307073795 -0.036746591822348892
leaf_weight=9.6632107496261614 136.07880781590939 11.489947780966757 12.73988266289234 13.522409901022909 15.805152893066404 13.032846540212629 35.260881155729294 8.7079902887344378 18.373509302735329 28.072061032056808 123.48504835367203 26.87726891040802 12.000795006752012 19.510575234889984 22.538416355848312 126.75870603322983 95.396832853555679 17.983309149742126 22.473153561353683 10.510604262351992 9.6293175220489484 13.979461401700972
leaf_count=39 545 46 51 55 63 52 142 35 74 112 494 107 48 78 90 509 381 72 91 42 39 56
internal_value=0 -0.00690718 -0.00314105 0.00422319 0.00955544 -0.0264336 0.0191988 -0.00138018 0.00890742 0.000202661 -0.00515375 -0.00826311 -0.00131099 0.0104184 0.00421405 0.006585 3.94675e-05 0.0115487 0.0323361 -0.0346607 0.0305313 -0.0430067
internal_weight=803.89 305.229 256.216 498.661 255.869 49.0129 90.767 242.792 64.7829 46.4456 178.009 150.362 243.476 54.7715 165.102 149.297 231.476 27.6465 35.9956 37.5229 18.3373 24.4901
internal_count=3221 1221 1025 2000 1028 196 366 972 260 186 712 601 974 220 662 599 926 111 146 150 74 98
is_linear=0
shrinkage=0.03


Tree=7
num_leaves=22
num_cat=0
split_feature=42 13 2 38 31 4 2 7 6 30 7 7 33 2 6 46 17 41 16 42 31
split_gain=24.8568 23.1512 18.608 19.4444 14.918 13.3287 16.9821 16.9145 12.9939 11.6586 11.4951 17.3175 10.8261 21.4882 19.6482 9.98451 8.87708 7.66357 4.65231 3.85695 2.573
threshold=-0.071592281987797643 1.0000000180025095e-35 0.012736920112688302 0.035016512173162907 0.11816018663963228 1.0000000180025095e-35 0.010130731936800303 0.0019128792850026651 0.0041274605820583012 0.0010162954251731568 0.0017774342330902917 0.0019253315040516728 0.64348009593612587 0.0078487263142440009 -0.0025134747636569497 -0.56045494447522592 0.75000000000000011 0.075331248324003272 0.14166666666643057 -0.35561977938755507 0.73894857698341398
decision_type=2 2 2 2 2 2 2 2 2 2 2 2 2 2 2 2 2 2 2 2 2
left_child=2 9 8 16 17 6 -6 -7 10 -2 15 -12 13 -11 -14 -1 20 -3 -5 -18 -4
right_child=1 4 3 18 5 7 -8 -9 -10 12 11 -13 14 -15 -16 -17 19 -19 -20 -21 -22
leaf_value=-0.040774763517852551 0.023918830996463757 0.01581196790586583 -0.030175956526402391 -0.026841946665584777 -0.004768136833292593 0.0081167556336519259 0.020710648246098272 0.047365646902557179 -0.028728709716202172 0.01709338268181998 0.010952747696455949 -0.0051921742482546615 0.017366296996906526 -0.0081694789466253883 -0.017970093075731806 -0.0071798991233055281 -0.0035996308404216211 0.046343036193322487 -0.052586443151967428 0.024079972457250898 -0.0068946882953116219
leaf_weight=9.0539238005876523 15.368671804666517 14.890309169888498 9.8024779409170169 16.424188092350963 71.909040406346321 25.908368989825249 34.718005612492561 16.267420768737793 15.982509970664976 53.204974785447121 108.62334425747395 132.29824072122574 17.401328399777412 69.787403181195259 71.480049192905426 65.338664785027504 8.7375606298446673 16.365935951471329 12.470361858606337 8.6901528835296613 8.74908399581909
leaf_count=36 62 60 39 66 288 104 140 66 64 214 436 529 70 279 285 261 35 67 50 35 35
internal_value=0 0.00519903 -0.00535332 -0.0200365 0.0132313 0.0092122 0.00350311 0.0234758 -0.00245676 -0.00115019 -0.0010978 0.00207064 -0.00300548 0.00272989 -0.0109837 -0.0114027 -0.00512889 0.0320865 -0.0383219 0.0100342 -0.0195803
internal_weight=803.472 407.302 396.171 64.8738 180.059 148.803 106.627 42.1758 331.297 227.242 315.314 240.922 211.874 122.992 88.8814 74.3926 35.9793 31.2562 28.8945 17.4277 18.5516
internal_count=3221 1635 1586 260 725 598 428 170 1326 910 1262 965 848 493 355 297 144 127 116 70 74
is_linear=0
shrinkage=0.03


Tree=8
num_leaves=25
num_cat=0
split_feature=42 13 6 17 14 7 31 4 7 36 15 3 23 31 23 5 35 43 33 0 28 10 33 7
split_gain=23.4359 21.8227 17.2994 16.3682 14.3247 23.5822 14.1292 12.5737 15.9946 11.4936 10.6279 8.84467 14.7859 12.222 10.7712 14.942 8.28254 7.52633 11.0871 7.48733 5.98578 5.90461 4.31769 2.39939
threshold=-0.071592281987797643 1.0000000180025095e-35 0.0041274605820583012 0.90000000000000013 0.0027660346797218007 0.0019405985448461003 0.11816018663963228 1.0000000180025095e-35 0.0019128792850026651 -0.26776775419657178 0.0024682042710595007 1.0000000180025095e-35 0.35401677609853577 0.75405049091967635 -1.0598319699621437 -0.0014068276975691496 -0.34124247487639875 -0.027961834623596322 0.56258425662881473 55.121573272472688 0.59426104269247249 0.0085303794881325026 0.56393125382433251 0.001873652505929012
decision_type=2 2 2 2 2 2 2 2 2 2 2 2 2 2 2 2 2 2 2 2 2 2 2 2
left_child=2 11 3 4 9 -6 20 10 -9 -1 -8 14 13 -13 -2 -16 -14 18 -5 -19 23 22 -4 -3
right_child=1 6 21 17 5 -7 7 8 -10 -11 -12 12 16 -15 15 -17 -18 19 -20 -21 -22 -23 -24 -25
leaf_value=-0.0091733743069517502 -0.027743332607628308 0.028282789030331757 -0.018139860081654337 0.017062620304257189 0.0093137567009553383 -0.011223353664726619 -0.0051075810102595163 0.0078761190148689472 0.04608240233527227 -0.033229805953403489 0.013876932781323108 0.0086432079734820606 0.047486046518804635 -0.027947245137160195 0.017386271039522529 -0.0067258224316582909 0.010534560420303148 0.0066519738073836819 -0.021299436402540211 0.030800060483220371 0.009124496251685944 -0.0062314324086651341 -0.046594051933441405 0.050218763908731957
leaf_weight=54.57230418920517 16.333481714129448 11.563686385750776 9.1815902143716865 12.182606250047685 87.927630543708801 116.97018660604954 58.647149175405502 25.903597086668015 16.223609015345573 27.163165494799614 47.95778925716877 25.904763877391815 10.331031277775766 11.811174631118773 28.333665013313293 122.01391941308975 12.459743335843084 32.15926006436348 14.801539301872252 18.585616037249565 8.6442429274320585 9.665912985801695 12.736161947250364 10.949846118688582
leaf_count=218 65 47 37 49 353 468 235 104 66 108 193 104 42 47 114 488 50 129 59 75 35 39 51 45
internal_value=0 0.00504925 -0.0051999 -0.00333405 -0.00665397 -0.00238797 0.0128526 0.00894341 0.0228075 -0.0172692 0.00339823 -0.00111411 0.00867102 -0.00276198 -0.00469778 -0.00213909 0.0276818 0.00883994 -0.00381559 0.0156495 0.0312369 -0.0264659 -0.0350825 0.039412
internal_weight=803.024 407.078 395.946 364.362 286.633 204.898 179.89 148.732 42.1272 81.7355 106.605 227.188 60.5067 37.7159 166.681 150.348 22.7908 77.729 26.9841 50.7449 31.1578 31.5837 21.9178 22.5135
internal_count=3221 1635 1586 1459 1147 821 725 598 170 326 428 910 243 151 667 602 92 312 108 204 127 127 88 92
is_linear=0
shrinkage=0.03


Tree=9
num_leaves=21
num_cat=0
split_feature=45 16 30 7 31 17 31 35 45 46 7 7 22 47 1 0 0 19 0 45
split_gain=22.1222 16.6276 14.3702 21.9176 16.5732 14.4383 14.0594 13.9666 11.9129 10.6659 10.5937 21.4265 9.72042 8.30549 6.91407 6.78834 6.96961 4.07055 2.76066 0.790969
threshold=0.19615817904644667 0.14166666666643057 0.00089090486952273439 0.0017910261691706532 0.47801893421264413 0.90000000000000013 0.77199393146507989 0.29361262364005986 0.23078403278285101 0.72920990784757012 0.0019672328103904064 0.0017786043301908263 1.185106724372438 -0.11404897089802331 0.37308591231020066 68.398346949167362 31.568245653264544 -1.0393699651337172 53.963547668626163 0.3124493888349017
decision_type=2 2 2 2 2 2 2 2 2 2 2 2 2 2 2 2 2 2 2 2
left_child=2 8 -1 6 5 -5 13 -3 17 -6 11 -10 -12 -4 -8 16 -9 -2 -19 -17
right_child=1 7 3 4 9 -7 14 15 10 -11 12 -13 -14 -15 -16 19 -18 18 -20 -21
leaf_value=0.042009983896998122 -0.005157107469876349 0.012168943000896534 0.01474112757856651 0.00754326337157964 0.0017282412492210452 0.02509644738701804 0.034041437831986911 -0.033512134500488615 -0.011621048470934269 -0.023822592187988101 -0.0032470703033895317 0.012865639681325942 -0.02661029935102717 -0.014701033348421355 0.0011499087138086568 -0.032862741900208305 -6.5922963727498634e-06 -0.041762417152983289 -0.016686343751182466 -0.049229925032904284
leaf_weight=8.615159407258032 9.5013878047466296 8.70702415704727 9.1936752796173078 175.83202110230923 108.44760818779469 56.032795712351799 8.6662836372852343 11.54779899120331 49.537913724780083 16.82574275135994 64.09556183218956 90.558912083506584 21.515410810709 96.873997181653976 17.455494225025177 9.4635288417339343 11.214454606175421 9.3280117362737673 8.755175977945326 10.407667636871336
leaf_count=35 38 35 37 707 435 227 35 46 198 67 257 364 86 387 70 38 45 37 35 42
internal_value=0 -0.00636918 0.00389228 0.00319931 0.00706781 0.0118181 -0.00721442 -0.0219262 -0.00318701 -0.00169206 -0.000885648 0.00417195 -0.00920737 -0.0120895 0.0123655 -0.0290129 -0.0173092 -0.0217488 -0.0301055 -0.0419645
internal_weight=802.576 304.633 497.943 489.328 357.138 231.865 132.189 51.3405 253.292 125.273 225.708 140.097 85.611 106.068 26.1218 42.6335 22.7623 27.5846 18.0832 19.8712
internal_count=3221 1221 2000 1965 1436 934 529 206 1015 502 905 562 343 424 105 171 91 110 72 80
is_linear=0
shrinkage=0.03


Tree=10
num_leaves=17
num_cat=0
split_feature=42 23 2 38 31 36 41 6 7 32 7 2 30 2 2 16
split_gain=21.2751 17.0294 16.7456 17.9185 12.2462 12.656 12.0114 12.4531 11.2866 10.6292 10.0096 12.6271 11.8041 7.59153 7.21745 4.21027
threshold=-0.071592281987797643 -1.4452253177786369 0.012736920112688302 0.035016512173162907 0.24315481287948829 -0.15751746119710289 -0.24050435814925933 0.0041274605820583012 0.0018126160706186244 0.040871742507888602 0.0018965836355498325 0.0062969091732853009 0.001024664366429706 0.016343459617101104 0.014161945976611251 0.14166666666643057
decision_type=2 2 2 2 2 2 2 2 2 2 2 2 2 2 2 2
left_child=2 -2 6 13 5 -3 -1 9 -7 -8 12 -12 -6 14 -4 -5
right_child=1 4 3 15 10 8 7 -9 -10 -11 11 -13 -14 -15 -16 -17
leaf_value=-0.035810863211727342 -0.032938308957764388 0.043840937949419304 0.0037647713322720689 -0.025643473856935609 0.023363846641916167 -0.0019846483660292944 -0.010893601661278129 -0.027660957535658188 0.016826880823748072 0.002927952017332184 0.039612850731573217 0.005340500175227832 -0.0060091922414370318 0.014947141270313312 -0.028729077319510191 -0.050324279434919038
leaf_weight=9.1665521264076215 10.295696169137953 11.015189006924627 10.7119387537241 16.331980079412464 13.393179580569265 43.372027143836021 62.850329130887985 15.127482593059538 82.318006306886673 243.85140760242939 10.607016444206236 104.0238843858242 131.65171889960766 11.662015721201895 13.553613156080244 12.278554707765577
leaf_count=37 41 45 43 66 54 174 251 61 333 977 43 418 527 47 54 50
internal_value=0 0.00481308 -0.00495713 -0.0189271 0.00581708 0.0130853 -0.00221232 -0.00122513 0.0103052 7.69881e-05 0.00196807 0.00859861 -0.00324461 -0.00463567 -0.0142655 -0.0365992
internal_weight=802.211 406.677 395.534 64.5381 396.381 136.705 330.996 321.829 125.69 306.702 259.676 114.631 145.045 35.9276 24.2656 28.6105
internal_count=3221 1635 1586 260 1594 552 1326 1289 507 1228 1042 461 581 144 97 116
is_linear=0
shrinkage=0.03


Tree=11
num_leaves=24
num_cat=0
split_feature=42 13 2 38 31 4 2 7 6 30 30 2 23 7 7 39 17 44 28 22 10 27 2
split_gain=20.0479 20.1845 15.8275 17.0525 12.8168 11.9161 15.7363 15.1372 10.7515 10.3962 10.1457 18.7032 11.4734 9.75102 15.629 9.21495 8.24078 10.3557 6.5282 4.21544 4.20517 2.55463 0.168868
threshold=-0.071592281987797643 1.0000000180025095e-35 0.012736920112688302 0.035016512173162907 0.12876572734208619 1.0000000180025095e-35 0.010130731936800303 0.0019128792850026651 0.0041274605820583012 0.0010162954251731568 0.0012681154536811554 0.0077071921539564004 1.0947610089575168 0.0017774342330902917 0.0019253315040516728 0.61012299514489254 0.75000000000000011 -0.2381000905735868 0.48149800905902818 0.48665617649615428 0.00075859622502075002 0.07485390613341876 0.014161945976611251
decision_type=2 2 2 2 2 2 2 2 2 2 2 2 2 2 2 2 2 2 2 2 2 2 2
left_child=2 9 8 16 18 6 -6 -7 13 -2 11 -11 -12 15 -15 -1 20 -18 21 -5 -4 -3 -21
right_child=1 4 3 19 5 7 -8 -9 -10 10 12 -13 -14 14 -16 -17 17 -19 -20 22 -22 -23 -24
leaf_value=-0.0063633182780756508 0.022449947357078753 0.049208610504560865 -0.032970561662831063 -0.017734017068905174 -0.0053199809352652361 0.0071954090111778892 0.019398982005972478 0.044492492722777166 -0.026184509048769927 0.002622594693039429 0.0060494248839336471 -0.024269991655058786 -0.023565642580980515 0.010441857030378842 -0.0048998281931990359 -0.03870298665220006 -0.012452327888281619 0.033248514220427829 0.010312502806992214 -0.036029943060052173 -0.0038028914676616174 0.026293478966100757 -0.049130354386749141
leaf_weight=65.295262813568115 15.324982225894926 11.361381873488428 9.0421439707279223 9.1777279078960436 69.875467568635941 25.648351073265076 34.407746806740761 16.139673992991447 15.805192574858664 47.325673997402191 106.21651729941368 45.097925946116447 13.054817393422125 108.56020475924015 132.21281939744949 9.0089748054742795 8.7447467744350451 8.6594192385673505 11.795315161347387 8.5530680716037768 9.4689847677946073 10.252267584204672 10.71145263314247
leaf_count=261 62 47 36 37 280 103 139 66 64 190 426 180 52 436 529 36 35 35 48 35 38 42 44
internal_value=0 0.00467217 -0.00481487 -0.0184184 0.0121884 0.00829393 0.00280898 0.0218155 -0.00214821 -0.00125443 -0.00300636 -0.010469 0.0027447 -0.000916315 0.00200098 -0.0104148 -0.00449214 0.0101195 0.0289686 -0.0357305 -0.0184421 0.0388019 -0.0438691
internal_weight=801.74 406.5 395.24 64.3575 179.48 146.071 104.283 41.788 330.882 227.02 211.695 92.4236 119.271 315.077 240.773 74.3042 35.9153 17.4042 33.409 28.4422 18.5111 21.6136 19.2645
internal_count=3221 1635 1586 260 725 588 419 169 1326 910 848 370 478 1262 965 297 144 70 137 116 74 89 79
is_linear=0
shrinkage=0.03


Tree=12
num_leaves=19
num_cat=0
split_feature=42 13 6 41 31 4 7 15 30 33 15 27 31 10 43 41 10 33
split_gain=18.9132 19.0429 14.4208 14.3519 12.1611 11.2564 14.3698 12.0503 9.80026 10.129 21.0368 20.5681 9.32193 13.508 7.71481 6.88137 5.55117 4.13536
threshold=-0.071592281987797643 1.0000000180025095e-35 0.0041274605820583012 -0.24050435814925933 0.12876572734208619 1.0000000180025095e-35 0.0019128792850026651 0.0024682042710595007 0.0010162954251731568 0.64348009593612587 -0.0026790925343874498 -0.27740956604131156 0.39938667244485548 0.0022067065965001502 -0.1452368784929598 0.075331248324003272 0.0085303794881325026 0.56393125382433251
decision_type=2 2 2 2 2 2 2 2 2 2 2 2 2 2 2 2 2 2
left_child=2 8 3 -1 15 7 -7 -6 -2 11 -11 -10 13 -5 -14 -3 17 -4
right_child=1 4 16 12 5 6 -8 -9 9 10 -12 -13 14 -15 -16 -17 -18 -19
leaf_value=-0.038515393277760157 0.021814963518927019 0.01368445146124999 -0.016042281225569242 -0.0021048444708091311 -0.0064339324341178448 0.0069823136343680507 0.043383156755860929 0.014017028970222251 -0.01605667800372803 0.015117372207347796 -0.018879113492931924 0.010684772670234537 -0.033275607323628928 0.015858231136623754 -0.0059927911969720627 0.041653795235277298 -0.004572931572022665 -0.043992315169972367
leaf_weight=9.8137691020965558 15.302627235651014 16.28128881752491 9.0760615617036873 166.69850671291351 57.379249826073647 25.64284785091877 16.060814142227173 46.873585864901543 36.777576431632042 21.354810982942581 67.423649221658707 86.069172888994217 10.033463791012762 48.429015159606934 128.74402196705341 17.000152707099915 9.5824539810419065 12.527064487338064
leaf_count=40 62 66 37 668 230 103 66 189 147 86 269 346 40 195 516 71 39 51
internal_value=0 0.00453919 -0.00467929 -0.00298148 0.0118463 0.00805482 0.0212137 0.00272494 -0.00121649 -0.00291742 -0.0106393 0.00263257 -0.00196752 0.00192629 -0.0080315 0.0282286 -0.0242283 -0.0326482
internal_weight=801.07 406.166 394.904 363.719 179.238 145.956 41.7037 104.253 226.928 211.625 88.7785 122.847 353.905 215.128 138.777 33.2814 31.1856 21.6031
internal_count=3221 1635 1586 1459 725 588 169 419 910 848 355 493 1419 863 556 137 127 88
is_linear=0
shrinkage=0.03


Tree=13
num_leaves=24
num_cat=0
split_feature=42 13 2 44 22 17 31 2 2 30 44 33 6 7 7 36 16 22 7 1 43 28 23
split_gain=17.8345 17.9639 14.8083 16.2326 11.5966 10.672 10.5488 10.3684 9.5963 14.5324 15.4854 14.4444 9.58799 9.13711 14.6689 10.9359 8.92059 16.4378 8.91618 7.83985 7.3754 3.99202 0.793991
threshold=-0.071592281987797643 1.0000000180025095e-35 0.012736920112688302 -0.2381000905735868 1.8108926836821426 0.75000000000000011 0.11816018663963228 0.010492135770588553 0.0078082250081342513 0.0012681154536811554 0.30687269174972415 0.63850072387813739 0.0041274605820583012 0.0017774342330902917 0.0019253315040516728 -0.26539999984054902 0.14166666666643057 0.25953293494265089 0.0017993495065893746 0.82088735950291969 0.047170465060018062 0.48149800905902818 0.23823449145447254
decision_type=2 2 2 2 2 2 2 2 2 2 2 2 2 2 2 2 2 2 2 2 2 2 2
left_child=2 8 12 16 6 -5 21 -8 11 19 -11 18 13 15 -15 -1 17 -4 -2 -10 -13 -3 -18
right_child=1 4 3 5 -6 -7 7 -9 9 10 -12 20 -14 14 -16 -17 22 -19 -20 -21 -22 -23 -24
leaf_value=-0.00099150300336576787 0.001608985481976124 0.037462293254978282 0.016129057591122986 -0.01471458862574467 -0.019456306121653839 0.027920755716531704 0.0042828025914634698 0.022069247986113691 -0.025528744585484427 -0.011535904954917004 0.015540432036003009 -0.018722894822743162 -0.024764857136343087 0.010193843594070121 -0.0046707449236104469 -0.024860473392059261 -0.051598496118546618 -0.034953999837590038 0.025512544263205157 0.0054548438193842263 0.0054263378503071292 0.013138636129760404 -0.034777891065599129
leaf_weight=46.484175905585289 24.926546305418015 19.926105439662937 8.9132173210382479 12.00574903190136 10.021228373050688 9.1433693170547485 95.925728991627693 43.095768600702286 39.011525347828865 39.811664745211601 36.051722928881645 23.565790891647339 15.674029827117918 108.53003734350204 132.16862668097019 27.756882578134537 9.3979875892400759 14.709730148315428 33.384722173213959 8.7104617059230787 21.377483770251274 9.9971127063035947 9.8894114345312101
leaf_count=186 100 83 36 48 40 37 386 175 156 159 145 94 64 436 529 111 38 60 135 35 86 41 41
internal_value=0 0.00441002 -0.00454503 -0.0177377 0.0115143 0.00357344 0.0133936 0.00984666 -0.00117902 -0.00683164 0.00127736 0.00554319 -0.00196834 -0.000808263 0.00201513 -0.0100081 -0.0283216 -0.0155103 0.0154017 -0.0197801 -0.00715656 0.0295917 -0.0435404
internal_weight=800.479 405.806 394.673 64.0595 178.966 21.1491 168.945 139.021 226.84 123.585 75.8634 103.255 330.614 314.94 240.699 74.2411 42.9103 23.6229 58.3113 47.722 44.9433 29.9232 19.2874
internal_count=3221 1635 1586 260 725 85 685 561 910 495 304 415 1326 1262 965 297 175 96 235 191 180 124 79
is_linear=0
shrinkage=0.03


Tree=14
num_leaves=23
num_cat=0
split_feature=37 16 17 19 42 30 2 30 27 1 31 31 33 19 43 30 35 23 33 7 2 28
split_gain=17.3163 19.3121 16.6119 20.6565 19.5844 20.1456 17.3809 16.0905 15.8225 17.3215 10.1374 9.96448 8.80824 8.64799 8.59085 7.3022 7.15182 6.80418 6.72573 6.22021 1.65707 0.772013
threshold=-0.096558130926323704 0.14166666666643057 0.75000000000000011 2.406533866760793 0.035723836232468116 0.001006300462430074 0.0045766170473002009 0.0013799388683506731 0.43062362475997024 0.32666021616944318 0.35844979091045354 0.50467478197998417 0.51757826627723535 0.96482814654441917 0.05096437500277759 0.0014386315285494244 0.33823209977812957 -0.45581334258635547 0.55346986276835686 0.0017756418223948036 0.0063286794785210512 0.66037645486151242
decision_type=2 2 2 2 2 2 2 2 2 2 2 2 2 2 2 2 2 2 2 2 2 2
left_child=1 11 4 6 8 20 -4 -7 9 -2 -5 12 17 -3 -12 18 -8 -1 -13 -14 -6 -15
right_child=2 13 3 10 5 7 16 -9 -10 -11 14 15 19 21 -16 -17 -18 -19 -20 -21 -22 -23
leaf_value=-0.02879814377020282 -0.0047003435545294207 -0.0067651892825567085 -0.02690375586135111 0.017105443944876744 0.044394260497022033 -0.0041383015137144083 0.017984865709874013 0.012124106727804271 0.014724370201382387 -0.031353633424144177 -0.029864028601767116 0.0083276525176131325 -0.009192326435284056 -0.048419398707762164 0.0022911282571344031 -0.037086504621709503 -0.0027661511000585206 -0.0029706422199277166 -0.021245884235183091 0.0093991029309516277 0.023178656556873949 -0.031984359563185148
leaf_weight=13.28352941572666 47.670610636472702 10.172882139682772 8.7758392393589002 9.3584080040454847 8.5970086008310336 175.70018301904202 149.84600266814232 79.303378120064735 16.339337736368179 41.367610558867455 20.042840167880062 11.900234162807466 20.411083072423935 10.698600038886072 11.450549721717833 11.488915935158728 16.151122465729713 30.648778721690178 15.705087080597876 73.428506791591644 8.6245936155319196 8.7656065970659238
leaf_count=53 191 41 35 38 35 706 607 320 66 165 80 48 82 44 46 46 65 123 63 296 35 36
internal_value=-3.65865e-08 -0.0074846 0.002599 0.00924164 -0.00118444 0.0030538 0.0137399 0.000905651 -0.0121647 -0.017166 -0.00987312 -0.00368857 7.76882e-05 -0.0298545 -0.0180752 -0.0170255 0.0159381 -0.0109534 -0.00835894 0.00529918 0.0343204 -0.0415486
internal_weight=799.731 206.503 593.227 215.625 377.603 272.225 174.773 255.004 105.378 89.0382 40.8518 176.866 137.772 29.6371 31.4934 39.0942 165.997 43.9323 27.6053 93.8396 17.2216 19.4642
internal_count=3221 832 2389 871 1518 1096 707 1026 422 356 164 711 554 121 126 157 672 176 111 378 70 80
is_linear=0
shrinkage=0.03


Tree=15
num_leaves=19
num_cat=0
split_feature=17 35 13 30 19 30 2 19 2 14 2 39 30 6 30 0 45 1
split_gain=16.2107 15.626 16.0497 15.9285 14.7237 13.5327 11.7974 11.4757 10.5789 9.65296 17.9211 10.0526 9.47278 9.42938 13.3854 8.91387 7.99787 6.37618
threshold=0.90000000000000013 -0.12282500268575054 1.0000000180025095e-35 0.001006300462430074 3.4078288098080436 0.0012681154536811554 0.018239349271559752 1.4018215407586772 0.0043604128013012512 0.0027365423046027504 0.0069367835721277507 0.07255005582258485 0.0016490561870378922 0.0026383016933678506 0.001318237210259435 54.168104815813429 -0.23242686762886808 0.85686937323529144
decision_type=2 2 2 2 2 2 2 2 2 2 2 2 2 2 2 2 2 2
left_child=1 2 3 -1 9 -5 8 16 -3 10 11 -2 -10 15 -15 -11 -4 -9
right_child=4 6 7 5 -6 -7 -8 17 12 13 -12 -13 -14 14 -16 -17 -18 -19
leaf_value=0.0337698269277504 -0.0044331076836512965 -0.034968409535274601 0.037693478033116269 -0.01263598207917932 -0.024696541774564033 0.0041685331041447903 -0.037657824210442718 0.011588164737284169 -0.0029146592864104175 0.012334975003961626 -0.028384694437163505 0.035377449195028374 -0.022378716279376647 0.022678215708155421 -0.017700508746135709 0.032788779497896499 0.013086011506229917 -0.017392801312177526
leaf_weight=10.7579078823328 11.689537465572359 10.285946652293203 20.685494318604469 80.002157986164093 10.919076189398764 92.718942329287529 10.225836381316183 15.87438924610615 333.93933403491974 48.614989176392555 14.257233664393423 10.643150255084036 24.102943554520607 13.542322859168054 15.878164544701574 33.111818075180054 30.262776762247086 11.739348843693731
leaf_count=44 47 41 85 321 44 372 42 64 1343 197 57 43 97 55 64 135 123 47
internal_value=-1.57388e-06 -0.00213382 0.00348575 -0.00135227 0.00857318 -0.00359328 -0.00603549 0.014823 -0.00513038 0.0110851 -0.00216649 0.0144488 -0.00424634 0.015485 0.000754495 0.0207217 0.0232463 -0.000597752
internal_weight=799.251 640.595 262.041 183.479 158.656 172.721 378.554 78.562 368.328 147.737 36.5899 22.3327 358.042 111.147 29.4205 81.7268 50.9483 27.6137
internal_count=3221 2579 1056 737 642 693 1523 319 1481 598 147 90 1440 451 119 332 208 111
is_linear=0
shrinkage=0.03


Tree=16
num_leaves=24
num_cat=0
split_feature=37 16 17 24 42 13 32 15 45 0 31 31 1 43 36 10 24 43 30 42 30 21 28
split_gain=15.8407 18.1154 15.0641 18.712 18.1553 16.4488 16.2738 16.3578 10.8716 9.5701 9.535 9.31433 9.29867 8.617 8.62547 8.59253 8.25463 8.09198 8.04642 7.35408 6.87525 6.56862 0.723198
threshold=-0.096558130926323704 0.14166666666643057 0.75000000000000011 2.3228688807532256 -0.071592281987797643 1.0000000180025095e-35 0.040913558976136098 0.0024203901365916006 -0.34114486495256829 26.820840430933192 0.50467478197998417 0.35844979091045354 0.099283979058213054 -0.025947460952029312 -0.27786066996209469 -0.0033146322977950496 0.1496923699410139 0.05096437500277759 0.0013817961631097139 -0.36956737496551356 0.0014386315285494244 2.7614864596751985 0.66037645486151242
decision_type=2 2 2 2 2 2 2 2 2 2 2 2 2 2 2 2 2 2 2 2 2 2 2
left_child=1 10 4 9 6 8 19 -8 -6 -4 13 -5 -11 14 -1 -15 -3 -13 -7 -2 21 -12 -18
right_child=2 16 3 11 5 18 7 -9 -10 12 20 17 -14 15 -16 -17 22 -19 -20 -21 -22 -23 -24
leaf_value=0.011423762628258083 -0.0059483847640086334 -0.0063625003204626279 -0.0081309833809641643 0.016500811865560711 0.007879653872387031 0.0085406396414123356 -0.012807169378724776 0.026140165532105169 -0.0067878245359090745 0.040746808662682522 -0.024172976289359029 -0.028694606686960972 0.013238081558552182 -0.034955119486492506 -0.0060685668862415672 -0.0021287449091414983 -0.047144488361827913 0.0025109267392593383 0.03119184879235664 -0.038983087245172708 -0.036061747617529463 0.0049225197218884346 -0.031072162102843828
leaf_weight=63.146413341164589 8.7163514792919141 10.163224488496782 16.880682870745659 9.3399516642093641 66.238964974880219 66.556151241064072 38.000368803739548 12.83761742711067 143.39393450319767 12.08783510327339 12.479922264814379 20.025593057274822 145.4831534922123 10.775018915534018 41.857279226183891 21.939451664686203 10.576659828424456 11.449625268578528 18.220406606793404 23.34701757133007 11.452414631843565 15.098462566733359 8.7154368311166746
leaf_count=254 35 41 68 38 267 269 152 52 575 49 50 80 590 43 169 88 44 46 75 93 46 61 36
internal_value=-1.44138e-06 -0.00716575 0.00248517 0.00881717 -0.00111756 0.00236282 -0.0135136 -0.00283596 -0.00212948 0.0131046 -0.00349575 -0.00937902 0.0154137 0.00018678 0.00440935 -0.0131877 -0.0289066 -0.0172427 0.0135084 -0.0302119 -0.0165552 -0.00814119 -0.0404108
internal_weight=798.782 206.204 592.578 215.267 377.311 294.409 82.9014 50.838 209.633 174.452 176.749 40.8152 157.571 137.718 105.004 32.7145 29.4553 31.4752 84.7766 32.0634 39.0308 27.5784 19.2921
internal_count=3221 832 2389 871 1518 1186 332 204 842 707 711 164 639 554 423 131 121 126 344 128 157 111 80
is_linear=0
shrinkage=0.03


Tree=17
num_leaves=22
num_cat=0
split_feature=37 16 17 22 42 17 38 13 2 0 2 32 47 17 31 7 19 7 30 5 22
split_gain=14.9453 17.1902 14.1877 19.3371 17.1075 15.5395 16.2044 15.5054 11.7495 10.2806 10.1911 9.17851 9.14085 9.08345 8.77922 7.98017 7.88767 7.81548 7.29012 5.66133 0.782216
threshold=-0.096558130926323704 0.14166666666643057 0.75000000000000011 1.3881210460870259 -0.071592281987797643 0.50000000000000011 -0.028724725579840137 1.0000000180025095e-35 0.0047163847195695009 26.820840430933192 0.0077071921539564004 0.040844241909991141 -0.17108442060896056 0.90000000000000013 0.50467478197998417 0.0019275596322984488 0.96482814654441917 0.0017844777270189477 0.0014386315285494244 0.0014533642430771003 0.88783493676941327
decision_type=2 2 2 2 2 2 2 2 2 2 2 2 2 2 2 2 2 2 2 2 2
left_child=1 11 4 8 5 6 -2 10 -4 -10 -6 -1 -7 -5 15 -13 -3 -9 -16 -15 -18
right_child=2 16 3 13 7 12 -8 17 9 -11 -12 14 -14 19 18 -17 20 -19 -20 -21 -22
leaf_value=-0.029091820577986011 -0.026415711883214833 -0.006177190659354851 -0.020977468609643276 -0.035335916362853409 0.0054214901130216408 -0.0037979146020063821 0.0090778459042523529 0 -0.0081222701068815496 0.016627347905756384 -0.0078946700097955701 0.0099730341921547318 -0.040006174536275335 0.0095765130373735852 -0.0053094495543013209 -0.0049399113190448226 -0.046215683691696721 0.019460269716729803 -0.03465715143816004 -0.020122955941672946 -0.029824908655838263
leaf_weight=11.553548187017439 17.301694601774216 10.158638641238214 8.7414567321538907 10.30100081861019 91.426454454660416 9.1509822160005587 34.064808860421181 27.661013320088387 16.381710261106491 155.61241409182549 118.17894691228867 61.065271750092506 22.315176710486412 14.900482863187792 25.056021437048912 67.838115006685257 10.715864315629007 57.002641722559929 11.157425105571745 9.1801193505525571 8.4335472881793958
leaf_count=46 69 41 35 41 368 37 137 111 66 632 474 246 89 60 101 273 45 233 45 37 35
internal_value=-2.74986e-06 -0.00696604 0.00241269 0.00856009 -0.00108416 -0.0131229 -0.00283214 0.00229425 0.0124948 0.0142389 -0.0020652 -0.00339635 -0.0296864 -0.0119576 -0.00154639 0.00209329 -0.0282047 0.0131247 -0.0145809 -0.00161442 -0.0395181
internal_weight=798.197 205.978 592.219 215.117 377.102 82.8327 51.3665 294.269 180.736 171.994 209.605 176.67 31.4662 34.3816 165.117 128.903 29.3081 84.6637 36.2134 24.0806 19.1494
internal_count=3221 832 2389 871 1518 332 206 1186 733 698 842 711 126 138 665 519 121 344 146 97 80
is_linear=0
shrinkage=0.03


Tree=18
num_leaves=22
num_cat=0
split_feature=37 16 17 22 42 30 30 17 32 30 2 0 32 17 31 33 19 7 33 2 22
split_gain=14.0937 16.322 13.3549 18.2196 16.3033 18.3617 14.7551 14.3557 13.7046 12.2319 11.075 9.69234 8.65329 8.56238 8.28134 7.70264 7.54603 7.51022 6.58377 1.55754 0.760578
threshold=-0.096558130926323704 0.14166666666643057 0.75000000000000011 1.3881210460870259 0.035723836232468116 0.001006300462430074 0.0013799388683506731 0.50000000000000011 0.040954643637581063 0.0014654158738170043 0.0047163847195695009 26.820840430933192 0.040844241909991141 0.90000000000000013 0.50467478197998417 0.55671990347374667 0.96482814654441917 0.0019275596322984488 0.64466096349095547 0.0063286794785210512 0.88783493676941327
decision_type=2 2 2 2 2 2 2 2 2 2 2 2 2 2 2 2 2 2 2 2 2
left_child=1 12 4 10 7 19 -7 8 -2 -9 -4 -12 -1 -5 17 -16 -3 -14 -15 -6 -18
right_child=2 16 3 13 5 6 -8 9 -10 -11 11 -13 14 18 15 -17 20 -19 -20 -21 -22
leaf_value=-0.028265420875923025 -0.013336687851509111 -0.005997314010320956 -0.020370292478035873 -0.034320328230019938 0.042545382757976716 -0.0040640650804033528 0.011524974160196761 -0.014660481621875363 0.015157143059114966 -0.051753074735054992 -0.0078805948898953131 0.016146410671530168 0.0096739140738260551 -0.016171012630367316 0.0014651494859548744 -0.026176050898218232 -0.045309524463935602 -0.0047932860107075762 0.015065080484419414 0.021926361968008113 -0.029096651505051238
leaf_weight=11.539195299148558 37.971049070358276 10.15399616956711 8.7364950329065305 10.292205780744551 8.5419002771377581 175.49087338149548 79.113314017653465 31.088237553834915 25.048876792192459 11.018908709287642 16.382158353924751 155.44703222811222 61.069389820098877 12.961141452193262 15.59548759460449 20.56418651342392 10.606912344694139 67.82072688639164 11.111962854862211 8.5860382467508298 8.3897108733654004
leaf_count=46 152 41 35 41 35 706 320 125 101 44 66 632 246 52 63 83 45 273 45 35 35
internal_value=-5.52507e-06 -0.00677199 0.0023404 0.00830753 -0.0010528 0.00281571 0.000766196 -0.0110846 -0.00193075 -0.0246229 0.0121297 0.0138246 -0.00329932 -0.0116104 -0.00150253 -0.0141738 -0.0275306 0.00202982 -0.00156289 0.0327498 -0.0386683
internal_weight=797.53 205.74 591.79 214.931 376.859 271.732 254.604 105.127 63.0199 42.1071 180.566 171.829 176.589 34.3653 165.05 36.1597 29.1506 128.89 24.0731 17.1279 18.9966
internal_count=3221 832 2389 871 1518 1096 1026 422 253 169 733 698 711 138 665 146 121 519 97 70 80
is_linear=0
shrinkage=0.03


Tree=19
num_leaves=20
num_cat=0
split_feature=37 16 22 7 33 0 7 31 46 33 19 40 32 31 33 19 7 32 22
split_gain=13.2885 15.5077 9.68143 10.7852 11.8837 10.6387 13.3631 10.2522 9.11572 8.55924 8.48937 9.01544 8.16299 7.80194 7.28202 7.22685 7.06824 2.15209 0.742317
threshold=-0.096558130926323704 0.14166666666643057 1.4751458241994706 0.0020709199108455718 0.51458598480049955 24.155719351393326 0.0017910261691706532 0.95858895913698128 0.58501627022619085 0.66630625073413341 -2.3205312552684592 -0.036796903641448324 0.040844241909991141 0.50467478197998417 0.55671990347374667 0.96482814654441917 0.0019275596322984488 0.040920229817260428 0.88783493676941327
decision_type=2 2 2 2 2 2 2 2 2 2 2 2 2 2 2 2 2 2 2
left_child=1 12 5 4 17 10 8 -6 -7 -8 11 -2 -1 16 -15 -3 -14 -4 -17
right_child=2 15 3 -5 7 6 9 -9 -10 -11 -12 -13 13 14 -16 18 -18 -19 -20
leaf_value=-0.027472618204960025 0.016784455299883871 -0.0058227025296208627 -0.034795702083660437 -0.03725354641991236 0.012611824060164889 -0.00611279182414904 0.011467789706125369 -0.023468462280259679 0.017433298609377021 0.0016485384399430956 -0.029144283446108241 -0.022453964112486357 0.0093842301953554735 0.0014214938203159621 -0.025461346424500715 -0.044454139247286993 -0.0046510300903007014 -0.012388984983873152 -0.028393841107850926
leaf_weight=11.520630329847334 12.363952726125715 10.149309962987902 8.7786322832107562 9.7376054972410184 34.171613276004791 117.93136627972126 224.45689254999161 8.7310673296451551 16.704457253217697 125.89064306020737 14.938024654984472 8.9510284662246722 61.070522770285606 15.596800386905668 20.512179106473923 10.491311937570574 67.803082048892975 8.7418796420097333 8.3438634574413282
leaf_count=46 50 41 35 39 138 474 910 35 68 509 60 36 246 63 83 45 273 35 35
internal_value=-7.29299e-06 -0.00658227 0.00227074 -0.00816026 -0.00331675 0.00368538 0.00486474 0.00510847 -0.00314186 0.00795449 -0.0119233 5.52394e-05 -0.00320328 -0.0014579 -0.0137677 -0.026882 0.00196829 -0.0240706 -0.0378571
internal_weight=796.885 205.488 591.397 70.1608 60.4232 521.236 484.983 42.9027 134.636 350.348 36.253 21.315 176.503 164.983 36.109 28.9845 128.874 17.5205 18.8352
internal_count=3221 832 2389 282 243 2107 1961 173 542 1419 146 86 711 665 146 121 519 70 80
is_linear=0
shrinkage=0.03


Tree=20
num_leaves=13
num_cat=0
split_feature=30 7 44 17 6 6 7 6 30 44 2 16
split_gain=13.3774 14.1991 16.3182 14.0094 12.6946 12.4699 11.4772 11.4304 12.5185 9.66564 9.48586 2.41684
threshold=0.00089090486952273439 0.0017844777270189477 -0.12274453165577523 0.90000000000000013 0.0034543865150626005 0.0041274605820583012 0.0019275596322984488 -0.0036569267159054495 0.0015050988776367919 0.45475376299759346 0.0062969091732853009 0.14166666666643057
decision_type=2 2 2 2 2 2 2 2 2 2 2 2
left_child=-1 7 5 10 -5 6 -3 -2 9 -9 -4 -7
right_child=1 2 3 4 -6 11 -8 8 -10 -11 -12 -13
leaf_value=0.037229478439940504 0.024438114150722518 0.0061811507571429818 0.016465082159332324 0.025588995546099141 -0.0099919453059469105 -0.014875025125170669 -0.0067024769710091461 -0.014163590686200355 0.020575127341286577 0.0060163583235208744 0.00079683578861151352 -0.03581849927626149
leaf_weight=8.4357725679874402 9.3703838139772397 104.01787988841534 41.656823575496674 51.10352885723114 10.666126847267149 12.389545917510988 153.93658746778965 146.99832601845264 11.668986305594442 24.563188552856445 211.36692641675472 10.192261949181555
leaf_count=35 38 419 169 210 43 51 621 591 47 99 854 44
internal_value=-9.40299e-06 -0.000420812 0.00186403 0.00655625 0.019363 -0.00338583 -0.00148926 -0.00750257 -0.00917921 -0.0112454 0.00340239 -0.0246998
internal_weight=796.366 787.931 595.33 314.793 61.7697 280.536 257.954 192.601 183.231 171.562 253.024 22.5818
internal_count=3221 3186 2411 1276 253 1135 1040 775 737 690 1023 95
is_linear=0
shrinkage=0.03


Tree=21
num_leaves=13
num_cat=0
split_feature=30 7 44 17 6 6 7 6 30 44 2 27
split_gain=12.6699 13.3579 15.3721 13.2279 12.0011 11.8317 10.8028 10.7661 11.7915 9.10623 8.93646 3.08761
threshold=0.00089090486952273439 0.0017844777270189477 -0.12274453165577523 0.90000000000000013 0.0034543865150626005 0.0041274605820583012 0.0019275596322984488 -0.0036569267159054495 0.0015050988776367919 0.45475376299759346 0.0062969091732853009 0.4924259882447673
decision_type=2 2 2 2 2 2 2 2 2 2 2 2
left_child=-1 7 5 10 -5 6 -3 -2 9 -9 -4 -7
right_child=1 2 3 4 -6 11 -8 8 -10 -11 -12 -13
leaf_value=0.036332084783418317 0.023714799183876346 0.0059964092329708365 0.015987137967885059 0.024898616501825403 -0.0096923585134667534 -0.0095291560924958673 -0.0065037687676552181 -0.013748287536762714 0.019966353640568885 0.0058382243801942731 0.00077297138033112132 -0.033270991177799344
leaf_weight=8.3892170935869199 9.3710581213235837 104.01058606803417 41.620148614048958 50.951357185840607 10.670505255460737 8.9691113382577914 153.88593988120556 146.90162232518196 11.668603569269179 24.557928770780563 211.36059631407261 13.484994888305662
leaf_count=35 38 419 169 210 43 38 621 591 47 99 854 57
internal_value=-8.12046e-06 -0.000407834 0.0018089 0.00636453 0.018827 -0.00328795 -0.00144441 -0.00727848 -0.00890713 -0.0109141 0.00330176 -0.0241128
internal_weight=795.842 787.452 594.953 314.603 61.6219 280.351 257.897 192.499 183.128 171.46 252.981 22.4541
internal_count=3221 3186 2411 1276 253 1135 1040 775 737 690 1023 95
is_linear=0
shrinkage=0.03


Tree=22
num_leaves=12
num_cat=0
split_feature=30 7 35 30 32 0 2 30 6 30 0
split_gain=12.0059 12.5674 13.9306 17.1595 15.7429 13.8976 13.2818 13.4829 10.1423 11.1082 8.43803
threshold=0.00089090486952273439 0.0017844777270189477 -0.11518900363172481 0.0013550207388737287 0.040941210643130325 30.486429669042639 0.018239349271559752 0.0016490561870378922 -0.0036569267159054495 0.0015050988776367919 35.862075961920105
decision_type=2 2 2 2 2 2 2 2 2 2 2
left_child=-1 8 3 5 -5 -3 7 -4 -2 10 -10
right_child=1 2 6 4 -6 -7 -8 -9 9 -11 -12
leaf_value=0.035474367475152452 0.02301935462988787 -0.025560602097750275 0.00063644376615518247 0.033651142851521786 0.0083530976742908405 0.0040296592308841804 -0.037121457333814396 -0.02248485289511392 -0.02687657229052114 0.019379480946769147 -0.0078065442873035788
leaf_weight=8.3386845439672452 9.3691001534461957 16.218423798680305 331.87257888913155 33.369634196162224 67.739632293581963 111.93598128855228 9.2304872274398786 24.196497514843941 24.612676098942757 11.665885776281355 146.73378694057465
leaf_count=35 38 65 1342 137 276 454 39 98 99 47 591
internal_value=-6.83584e-06 -0.000395211 0.00175549 0.00755336 0.0167843 0.000224322 -0.00187257 -0.000930926 -0.00706161 -0.00864372 -0.0105932
internal_weight=795.283 786.945 594.563 229.264 101.109 128.154 365.3 356.069 192.381 183.012 171.346
internal_count=3221 3186 2411 932 413 519 1479 1440 775 737 690
is_linear=0
shrinkage=0.03


Tree=23
num_leaves=17
num_cat=0
split_feature=17 19 35 30 30 2 2 2 2 2 6 1 23 30 30 23
split_gain=11.659 12.4074 11.129 12.2004 18.1468 12.2484 11.7125 9.71414 9.89844 8.34231 10.5251 9.84836 9.09269 8.14529 7.23233 7.19538
threshold=0.90000000000000013 3.4078288098080436 -0.12282500268575054 0.001006300462430074 0.0012681154536811554 0.0077071921539564004 0.010304409247455801 0.018239349271559752 0.0043604128013012512 0.010434510327290302 0.0025055625918116004 0.49956177108113475 0.53871488350957308 0.0016490561870378922 0.0012739069452525362 0.56659958837937674
decision_type=2 2 2 2 2 2 2 2 2 2 2 2 2 2 2 2
left_child=2 9 3 -1 5 -5 -6 8 -4 10 11 -2 14 -10 -11 -12
right_child=1 -3 7 4 6 -7 -8 -9 13 12 15 -13 -14 -15 -16 -17
leaf_value=0.031918359565538651 0.00024184543013856233 -0.023347063375048872 -0.033228532971813968 0.0024303320241655575 0.0017855854064253477 -0.017699118366891583 0.019709798107223765 -0.034336899994136943 -0.0022168775993667775 0.010832431299656305 -0.029985394113892463 0.019720235200261765 -0.0013744728232691881 -0.020344309847181438 0.04675485576723705 0.005103314156628346
leaf_weight=12.309759601950644 47.132917568087578 10.841895163059233 10.238801792263983 53.108403220772743 87.774554163217545 54.839778140187263 52.893343210220337 9.8683250546455366 332.43092074990273 8.6021422892808967 10.980788990855219 47.121431201696396 9.2505815327167493 23.877531737089157 13.977253228425978 9.5491073280572873
leaf_count=51 191 44 41 214 355 221 215 42 1343 35 44 193 38 97 58 39
internal_value=-6.0839e-06 0.00729446 -0.00181804 0.00293145 0.00145975 -0.00776456 0.00857114 -0.00512213 -0.0043096 0.00961256 0.00577613 0.0100434 0.0232146 -0.00345234 0.0334292 -0.0135283
internal_weight=794.798 157.456 637.341 260.926 248.616 107.948 140.668 376.416 366.547 146.614 114.784 94.2543 31.83 356.308 22.5794 20.5299
internal_count=3221 642 2579 1056 1005 435 570 1523 1481 598 467 384 131 1440 93 83
is_linear=0
shrinkage=0.03


Tree=24
num_leaves=21
num_cat=0
split_feature=17 19 7 21 6 42 1 35 13 27 2 42 44 2 2 7 31 38 33 31
split_gain=10.9866 11.7023 10.5784 11.9775 11.6186 14.3515 11.5602 10.4881 13.6964 10.3951 9.43975 19.4848 10.1789 9.2384 9.34539 10.5414 8.95694 7.56649 7.10192 3.92811
threshold=0.90000000000000013 3.4078288098080436 0.0018805002959846244 1.4863587456758371 0.0026383016933678506 -0.23182268057296471 0.5062327278086417 -0.12282500268575054 1.0000000180025095e-35 0.097349850730775192 0.0058109393599981513 0.37632269316894607 0.30687269174972415 0.018239349271559752 0.0043604128013012512 0.0019672328103904064 0.46187867483239742 0.0044644549993461419 0.52356354656956394 0.28953391379817278
decision_type=2 2 2 2 2 2 2 2 2 2 2 2 2 2 2 2 2 2 2 2
left_child=7 2 3 6 5 -4 -2 8 10 18 11 -1 -12 14 -9 -16 -11 -6 -10 -5
right_child=1 -3 4 19 17 -7 -8 13 9 16 12 -13 -14 -15 15 -17 -18 -19 -20 -21
leaf_value=0.035240984310201472 -0.029066750559289357 -0.022695971972854855 0.0076375519224002909 0.025755946372471958 -0.016183327319953186 0.038791154834968519 0.0056255587662799537 -0.032313239886151729 0.044246872306659704 0.013346085519892022 -0.017122274918583431 -0.011261900421320385 9.2215963545253551e-05 -0.033572594301214002 0.00071961065748613095 -0.0098621330616731392 -0.016091677014844513 0.019885270439868857 0.015586638535260921 0.0050615124015309498
leaf_weight=16.843597024679184 17.175119653344154 10.822923704981802 25.322386875748634 13.424755439162253 12.789278000593187 29.149964705109596 16.822008103132248 10.217520862817763 11.570826843380926 25.191766425967216 42.900125563144684 15.205480486154554 107.84076803922653 9.7947274446487409 218.8832438737154 137.35238346457481 14.484969735145567 8.6119423508644086 26.683408915996552 23.170925453305244
leaf_count=69 69 44 102 55 52 122 69 41 48 103 172 61 435 42 884 556 58 35 110 94
internal_value=-5.66507e-06 0.00708514 0.00933744 0.000905561 0.017106 0.024452 -0.0118197 -0.00176495 0.00284756 0.0133716 -0.00162194 0.0130885 -0.00478927 -0.004973 -0.00418288 -0.00335016 0.00246599 -0.00142298 0.0245117 0.0128497
internal_weight=794.258 157.289 146.466 70.5928 75.8736 54.4724 33.9971 636.969 260.721 77.931 182.79 32.0491 150.741 376.248 366.453 356.236 39.6767 21.4012 38.2542 36.5957
internal_count=3221 642 598 287 311 224 138 2579 1056 319 737 130 607 1523 1481 1440 161 87 158 149
is_linear=0
shrinkage=0.03


Tree=25
num_leaves=12
num_cat=0
split_feature=30 7 31 30 39 0 6 30 38 44 35
split_gain=10.9109 11.7327 13.0653 16.1208 31.589 17.768 9.51336 10.3645 8.43766 8.38361 8.09509
threshold=0.00089090486952273439 0.0017844777270189477 0.45062206669382482 0.0014654158738170043 -0.33368997163438924 23.600668334523856 -0.0036569267159054495 0.0015050988776367919 -0.11859129888612924 0.45475376299759346 -0.39066984779839864
decision_type=2 2 2 2 2 2 2 2 2 2 2
left_child=-1 6 3 5 -5 -3 -2 9 -4 -8 -10
right_child=1 2 8 4 -6 -7 7 -9 10 -11 -12
leaf_value=0.034025664002204241 0.022328759080001304 -0.031400334308425322 0.020806807584826885 0.039074194192591651 -0.0097767903490803519 0.010828973087453489 -0.012965107245633075 0.018718457145353889 -0.022504014099235969 0.0058367429638729509 -0.0034036922634396506
leaf_weight=8.2371487468481046 9.3567880839109403 9.1094792485237104 11.376233488321303 13.297392949461935 103.17144827544689 248.80995666980743 146.53605318069458 11.658275946974753 22.41937780380249 24.532570272684097 185.07832354307175
leaf_count=35 38 37 46 55 417 1014 591 47 90 99 752
internal_value=-4.48848e-06 -0.000373574 0.00170705 0.0051157 -0.00411774 0.00930265 -0.00681945 -0.00835372 -0.00410246 -0.0102397 -0.00550385
internal_weight=793.583 785.346 593.262 374.388 116.469 257.919 192.084 182.727 218.874 171.069 207.498
internal_count=3221 3186 2411 1523 472 1051 775 737 888 690 842
is_linear=0
shrinkage=0.03


Tree=26
num_leaves=24
num_cat=0
split_feature=44 2 23 46 36 44 17 19 42 1 7 17 45 14 23 27 23 44 16 17 6 28 14
split_gain=10.297 17.6297 11.8713 21.1364 18.3409 11.3549 11.3482 15.2358 14.5337 13.2364 11.507 10.8621 10.1842 10.028 8.59429 12.0057 7.5739 7.44772 11.3781 7.4439 5.85889 5.54704 3.23487
threshold=-0.32576741118972524 0.012736920112688302 0.11802003496708992 -0.38194113732052021 -0.30223778084550279 -0.37758545395832527 0.75000000000000011 2.406533866760793 -0.071592281987797643 0.79811157624126439 0.0019910666664779788 0.50000000000000011 0.29733413675251946 0.0027527681023977505 -1.0779999718627347 -0.11397427855119913 -0.28849693689239347 0.42027319198835866 0.091666666666513866 0.25000000000000006 0.00098568530745070013 0.26050594410345351 0.0028755162551402503
decision_type=2 2 2 2 2 2 2 2 2 2 2 2 2 2 2 2 2 2 2 2 2 2 2
left_child=1 2 3 4 -1 20 8 10 9 11 16 -2 -7 -5 15 -10 -8 18 -9 -16 -4 -12 -3
right_child=6 22 5 13 -6 12 7 17 14 -11 21 -13 -14 -15 19 -17 -18 -19 -20 -21 -22 -23 -24
leaf_value=0.038233595612392396 -0.0080731882689169601 -0.045296491974015342 -0.037001690875800929 -0.032980342377850025 0.0011083127377058241 -0.016657819226353066 -0.0033152747331742427 -0.028285175946496651 -0.034860196715667702 0.012088071103010113 0.012921109156458457 -0.03214688889339793 0.020026746963909516 -0.0015235725175318749 -0.0056096617424383436 0.0096412520500857146 0.011588456665834471 0.013530706212532839 0.0080929244039932083 0.0061268904733139621 -0.013289215048603364 0.032035325594224513 -0.01931563447839324
leaf_weight=21.490440294146538 44.348286226391792 10.008662179112436 15.254647687077521 13.002788588404654 27.420183897018433 12.619236856698992 49.392203122377396 21.934192150831223 12.716412231326105 16.475324213504791 30.48899082839489 27.934610426425934 14.364966213703154 30.893231213092804 62.950694873929024 9.1629381179809553 79.030928388237953 10.031151264905928 11.576457813382147 208.10731774568558 27.220066919922829 27.033408522605896 9.6529100835323316
leaf_count=87 178 44 61 52 111 51 200 88 51 67 125 113 58 124 253 37 324 41 47 845 111 111 42
internal_value=-3.35907e-06 -0.0062714 -0.00297617 0.00400583 0.0175792 -0.0123583 0.00185613 0.0071289 -0.0013038 -0.0119349 0.0108791 -0.0174862 0.00270802 -0.0110244 0.00190646 -0.0160802 0.00582422 -0.00876585 -0.0156044 0.003383 -0.0220113 0.0220421 -0.0330111
internal_weight=793.11 181.927 162.266 92.8066 48.9106 69.4589 611.183 229.487 381.696 88.7582 185.946 72.2829 26.9842 43.896 292.937 21.8794 128.423 43.5418 33.5106 271.058 42.4747 57.5224 19.6616
internal_count=3221 741 655 374 198 281 2480 936 1544 358 760 291 109 176 1186 88 524 176 135 1098 172 236 86
is_linear=0
shrinkage=0.03


end of trees

feature_importances:
Column_2=51
Column_30=49
Column_7=42
Column_31=30
Column_6=27
Column_17=25
Column_42=23
Column_13=15
Column_22=15
Column_33=15
Column_44=15
Column_0=14
Column_23=14
Column_32=14
Column_45=14
Column_36=13
Column_16=12
Column_19=12
Column_38=11
Column_15=10
Column_37=9
Column_1=8
Column_35=8
Column_10=7
Column_27=7
Column_39=7
Column_41=7
Column_28=6
Column_43=6
Column_46=6
Column_4=5
Column_14=5
Column_21=5
Column_47=4
Column_8=3
Column_24=3
Column_3=2
Column_5=2
Column_26=2
Column_40=1

parameters:
[boosting: gbdt]
[objective: binary]
[metric: binary_logloss]
[tree_learner: serial]
[device_type: cpu]
[data_sample_strategy: bagging]
[data: ]
[valid: ]
[num_iterations: 500]
[learning_rate: 0.03]
[num_leaves: 31]
[num_threads: 1]
[seed: 137]
[deterministic: 0]
[force_col_wise: 0]
[force_row_wise: 0]
[histogram_pool_size: -1]
[max_depth: 5]
[min_data_in_leaf: 35]
[min_sum_hessian_in_leaf: 0.001]
[bagging_fraction: 0.8]
[pos_bagging_fraction: 1]
[neg_bagging_fraction: 1]
[bagging_freq: 0]
[bagging_seed: 5691]
[bagging_by_query: 0]
[feature_fraction: 0.8]
[feature_fraction_bynode: 1]
[feature_fraction_seed: 22311]
[extra_trees: 0]
[extra_seed: 25471]
[early_stopping_round: 0]
[early_stopping_min_delta: 0]
[first_metric_only: 0]
[max_delta_step: 0]
[lambda_l1: 0.15]
[lambda_l2: 0.15]
[linear_lambda: 0]
[min_gain_to_split: 0]
[drop_rate: 0.1]
[max_drop: 50]
[skip_drop: 0.5]
[xgboost_dart_mode: 0]
[uniform_drop: 0]
[drop_seed: 11029]
[top_rate: 0.2]
[other_rate: 0.1]
[min_data_per_group: 100]
[max_cat_threshold: 32]
[cat_l2: 10]
[cat_smooth: 10]
[max_cat_to_onehot: 4]
[top_k: 20]
[monotone_constraints: ]
[monotone_constraints_method: basic]
[monotone_penalty: 0]
[feature_contri: ]
[forcedsplits_filename: ]
[refit_decay_rate: 0.9]
[cegb_tradeoff: 1]
[cegb_penalty_split: 0]
[cegb_penalty_feature_lazy: ]
[cegb_penalty_feature_coupled: ]
[path_smooth: 0]
[interaction_constraints: ]
[verbosity: -1]
[saved_feature_importance_type: 0]
[use_quantized_grad: 0]
[num_grad_quant_bins: 4]
[quant_train_renew_leaf: 0]
[stochastic_rounding: 1]
[linear_tree: 0]
[max_bin: 255]
[max_bin_by_feature: ]
[min_data_in_bin: 3]
[bin_construct_sample_cnt: 200000]
[data_random_seed: 486]
[is_enable_sparse: 1]
[enable_bundle: 1]
[use_missing: 1]
[zero_as_missing: 0]
[feature_pre_filter: 1]
[pre_partition: 0]
[two_round: 0]
[header: 0]
[label_column: ]
[weight_column: ]
[group_column: ]
[ignore_column: ]
[categorical_feature: ]
[forcedbins_filename: ]
[precise_float_parser: 0]
[parser_config_file: ]
[objective_seed: 12927]
[num_class: 1]
[is_unbalance: 0]
[scale_pos_weight: 1]
[sigmoid: 1]
[boost_from_average: 1]
[reg_sqrt: 0]
[alpha: 0.9]
[fair_c: 1]
[poisson_max_delta_step: 0.7]
[tweedie_variance_power: 1.5]
[lambdarank_truncation_level: 30]
[lambdarank_norm: 1]
[label_gain: ]
[lambdarank_position_bias_regularization: 0]
[eval_at: ]
[multi_error_top_k: 1]
[auc_mu_weights: ]
[num_machines: 1]
[local_listen_port: 12400]
[time_out: 120]
[machine_list_filename: ]
[machines: ]
[gpu_platform_id: -1]
[gpu_device_id: -1]
[gpu_use_dp: 0]
[num_gpu: 1]

end of parameters

pandas_categorical:null
