tree
version=v4
num_class=1
num_tree_per_iteration=1
label_index=0
max_feature_idx=47
objective=binary sigmoid:1
feature_names=Column_0 Column_1 Column_2 Column_3 Column_4 Column_5 Column_6 Column_7 Column_8 Column_9 Column_10 Column_11 Column_12 Column_13 Column_14 Column_15 Column_16 Column_17 Column_18 Column_19 Column_20 Column_21 Column_22 Column_23 Column_24 Column_25 Column_26 Column_27 Column_28 Column_29 Column_30 Column_31 Column_32 Column_33 Column_34 Column_35 Column_36 Column_37 Column_38 Column_39 Column_40 Column_41 Column_42 Column_43 Column_44 Column_45 Column_46 Column_47
feature_infos=[2.190923317253791:99.441167317723838] [-0.28572876277813641:1.2464059122895474] [0.00031649778209039999:0.0027939717912223] [0:1] [0:1] [-0.00054456974253740001:0.00067748681445689996] [-0.00085637182313090001:0.0011360569389519] [0.00014419716916488752:0.00025944529914921833] [-0.00046648736625270001:0.0005237304016238] [-0.00046648736625270001:0.0005237304016238] [-0.0015419689352319001:0.0014609919988095999] [0:1] [0:1] [-1:1] [0.0025825259607493:0.0025910161415369998] [-0.0010134373686317001:0.0012537773160728001] [0.0166666666666388:0.49999999999916661] [0.20000000000000001:1] none [-4.8022979567942814:4.9633469452698975] none [0:12.317406449560011] [-2.5860452193976045:2.572380356042685] [-2.3738362366833128:2.4649349412597736] [-18.458485137745583:20.378520558357138] none [-0.8003829927990469:0.82722449087831629] [-0.93752096944050811:0.88670470175205018] [-0.20090607960119586:4.067034509159936] [-4.8022979567942787:4.9633469452698984] [8.0180236243049274e-05:0.00020941077203588316] [0.0002736869251026164:1] [0.018841640363077058:0.018846144975580816] [0.10000000000000001:0.90000000000000002] [-0.21120932077808929:0.20603778806177295] [-0.40880509791876207:0.40719768265145451] [-0.44269023077354663:0.44972038756331251] [-0.15286270921199094:0.19508415774822488] [-0.13755442247087651:0.12176452411376903] [-0.73625541930031113:0.53131175717502277] [-0.30463681624393973:0.15455053505372893] [-0.14606074232478447:0.25599572220556388] [-0.44695856071486145:0.44436495818207372] [-0.11067255104595176:0.24431348885718304] [-0.42177298154751136:0.52607611429079304] [-0.36888741298550931:0.33816225675530698] [-0.49356995546932603:0.71685042085226092] [-0.65352386170005239:0.82731903358811132]
tree_sizes=2376 1952 1428 2267 1867

Tree=0
num_leaves=21
num_cat=0
split_feature=38 33 28 28 31 2 1 2 21 36 30 14 27 22 23 2 31 36 28 28
split_gain=22.4713 25.4584 15.4765 14.5439 29.7551 20.4372 13.98 13.2052 13.1061 13.5538 12.6472 12.406 11.8529 11.6119 7.93561 6.5287 5.41738 4.57882 3.96714 1.39761
threshold=0.071507422517351635 0.75291149619989417 0.026375314546403277 1.6020750264673713 0.64630744578039001 0.0017504136799614003 0.57377767148249281 0.00093977736491755021 3.4597526552430562 0.25849287293268081 0.0001205585298692575 0.0025838231235236504 -0.50382862175988341 0.14323388305138354 -0.060014501091113982 0.00067774045156360012 0.82882674738947582 -0.36678980578368109 2.4924303613690961 1.5559012861741672
decision_type=2 2 2 2 2 2 2 2 2 2 2 2 2 2 2 2 2 2 2 2
left_child=1 3 -2 4 5 -1 7 15 9 13 -11 -6 18 -3 -10 -4 -14 -8 -5 -16
right_child=2 8 6 12 11 -7 17 -9 14 10 -12 -13 16 -15 19 -17 -18 -19 -20 -21
leaf_value=-0.0011275403280896267 0.016969175548856304 0.035736287152079098 -0.0063098824126534324 0.010085047821801299 -0.0033147212714243158 -0.043911381902494585 -0.052370375706349531 0.018039401597739427 0.01240924088210874 0.025081798936626414 -0.014121126004890256 0.023123745264795704 -0.014152906884361029 0.00052993942525323171 0.048811375073121936 -0.042206609636940312 -0.035214237909146233 -0.024248923193617846 -0.013104920819634209 0.03046501283747742
leaf_weight=440.883590310812 9.7901739180088025 19.917406767606735 9.734487205743795 22.052988916635517 20.483089864253998 10.144093185663221 13.58212384581566 10.043702781200407 16.298394292593002 9.5575275719165784 30.648065567016602 67.614553719758987 46.595479249954224 15.00290662050247 11.634484350681307 9.1578210890293104 15.124179542064665 10.439387083053587 9.2204686403274518 10.325075000524519
leaf_count=1764 39 79 39 88 82 41 55 40 65 38 123 269 187 60 46 37 61 42 37 41
internal_value=4.04124e-08 0.00145259 -0.0172199 -0.000889761 0.000993493 -0.00211405 -0.0236552 -0.00932865 0.0145348 0.00715028 -0.00463185 0.0169305 -0.0118402 0.0208058 0.0288339 -0.0241421 -0.0194595 -0.0405617 0.00307474 0.0406539
internal_weight=808.25 745.502 62.7477 632.118 539.125 451.028 52.9575 28.936 113.384 75.1259 40.2056 88.0976 92.9931 34.9203 38.258 18.8923 61.7197 24.0215 31.2735 21.9596
internal_count=3233 2981 252 2529 2156 1805 213 116 452 300 161 351 373 139 152 76 248 97 125 87
is_linear=0
shrinkage=1


Tree=1
num_leaves=17
num_cat=0
split_feature=38 33 43 30 14 21 36 30 21 36 5 22 23 23 43 23
split_gain=21.1697 23.9953 17.7217 14.5881 15.5724 12.3478 12.7615 11.9109 11.0428 12.4316 11.6804 10.9304 10.893 7.47645 2.28803 0.853219
threshold=0.071507422517351635 0.75291149619989417 -0.045738494819731863 0.00016632319797259208 0.0025852607012397002 3.4597526552430562 0.25849287293268081 0.0001205585298692575 1.93723186595784 -0.3810070680038023 -7.3157013206955241e-05 0.14323388305138354 0.030738474223422362 -0.060014501091113982 -0.04788667732401309 0.34783791007643677
decision_type=2 2 2 2 2 2 2 2 2 2 2 2 2 2 2 2
left_child=1 2 -1 4 -4 6 11 -8 9 -2 -10 -3 -5 -7 -12 -15
right_child=8 5 3 12 -6 13 7 -9 10 -11 14 -13 -14 15 -16 -17
leaf_value=-0.04037849689840909 -0.023156813982332193 0.034683272068976936 0.00071573211552377919 0.028512999217710517 -0.012484696499061108 0.012040782268840479 0.024344740253130472 -0.01370028455794303 -0.0030625242778695347 0.012924292270737346 -0.030745528571927565 0.00051415937012533016 -0.0025610642020726633 0.048031131493846066 -0.054589354137528849 0.03227306130214444
leaf_weight=9.9039201736450178 16.901816502213478 19.911049902439117 483.56613320112228 26.423582881689072 96.21464578807354 16.2977674305439 9.5560244321823102 30.646537706255913 9.7396339923143405 17.049499049782753 8.9290661513805407 15.002905279397963 15.988057538866995 9.3553948551416415 10.111142084002493 12.594841644167898
leaf_count=40 68 79 1934 105 386 65 38 123 39 68 36 60 64 37 41 50
internal_value=0 0.00140943 -0.000864335 -0.000218546 -0.00146978 0.0141115 0.00694124 -0.0044887 -0.0167165 -0.00492868 -0.0303692 0.0201938 0.0167254 0.027994 -0.0439698 0.0394733
internal_weight=808.192 745.461 632.096 622.192 579.781 113.365 75.1165 40.2026 62.7312 33.9513 28.7798 34.914 42.4116 38.248 19.0402 21.9502
internal_count=3233 2981 2529 2489 2320 452 300 161 252 136 116 139 169 152 77 87
is_linear=0
shrinkage=0.03


Tree=2
num_leaves=12
num_cat=0
split_feature=38 2 43 13 39 44 28 1 2 2 36
split_gain=19.9566 20.2946 16.9007 16.7845 44.0726 35.4567 14.2147 12.7805 12.3426 6.18241 4.08867
threshold=0.071507422517351635 0.00042541473944525003 -0.045738494819731863 1.0000000180025095e-35 0.021018180397349071 -0.24885140984791607 0.026375314546403277 0.57377767148249281 0.00093977736491755021 0.00067774045156360012 -0.36678980578368109
decision_type=2 2 2 2 2 2 2 2 2 2 2
left_child=1 -1 -3 4 -4 -5 -2 8 9 -8 -9
right_child=6 2 3 5 -6 -7 7 10 -10 -11 -12
leaf_value=-0.035710420997064965 0.016521512959097578 -0.0351865558101499 0.0020961414341237228 0.030376859967120765 -0.029271586993580491 0.0032315872433960478 -0.0056861188276561012 -0.049786545403388942 0.017745630173586317 -0.040622182860675038 -0.023120997477301026
leaf_weight=12.890208706259726 9.7888382375240308 10.651550158858297 379.38678266108036 52.616850033402443 44.939910531044006 244.90869469940662 9.7324943542480522 13.55312116444111 10.042585670948027 9.1501127481460554 10.433943450450895
leaf_count=52 39 43 1517 209 181 979 39 55 40 37 42
internal_value=0 0.00136852 0.00203433 0.00259699 -0.00122454 0.00806018 -0.0162344 -0.0224086 -0.00870536 -0.0230386 -0.0385897
internal_weight=808.095 745.394 732.504 721.852 424.327 297.526 62.7011 52.9123 28.9252 18.8826 23.9871
internal_count=3233 2981 2929 2886 1698 1188 252 213 116 76 97
is_linear=0
shrinkage=0.03


Tree=3
num_leaves=20
num_cat=0
split_feature=37 33 21 31 28 35 2 41 21 32 36 19 22 36 21 23 16 33 28
split_gain=17.9803 22.1433 18.4924 15.6506 32.0479 12.7615 20.2655 16.9472 12.4401 11.5818 11.0732 9.2214 8.89173 8.07703 7.98552 7.9624 7.34939 6.02472 1.82626
threshold=-0.11655527387481106 0.75291149619989417 1.9152810257200812 0.50738771927508985 1.6239372732407948 -0.37237894734785232 0.00084387922863625009 -0.10229004098213081 3.4597526552430562 0.018842324029194925 0.25849287293268081 -3.3522585979472415 0.53900429799269134 -0.3810070680038023 2.0733511850062207 -0.060014501091113982 0.091666666666513866 0.68003743737825351 1.5559012861741672
decision_type=2 2 2 2 2 2 2 2 2 2 2 2 2 2 2 2 2 2 2
left_child=2 3 13 5 9 6 -2 -7 10 -5 12 -6 -3 -1 -12 -10 -4 -15 -17
right_child=1 8 16 4 11 7 -8 -9 15 -11 14 -13 -14 17 -16 18 -18 -19 -20
leaf_value=-0.019065058533724002 -0.0070059294706451784 0.029061250255929708 -0.019676012691749831 -0.001593362409064901 0.0025001741107436642 0.012804677320949684 0.014715800985373631 -0.010404900624555635 0.011303974432932662 0.017877850296223283 0.0034010232772841618 -0.025441042243493826 -0.0024798160417087451 0.027468311403615803 -0.026845097181532187 0.048506915650701789 -0.051404270243759632 -0.0047354638508810441 0.028354625335204543
leaf_weight=12.424758046865461 84.607372045516968 23.641681984066963 16.871827214956287 35.983909070491791 16.008588939905167 31.584659859538078 70.741228878498077 253.09921726584435 16.792925000190735 110.69906722009182 29.764267668128014 29.810382887721062 11.740573510527609 10.312086924910547 10.429599836468695 11.363418579101564 11.816411375999449 9.9827380478382093 10.310793399810789
leaf_count=50 339 94 68 144 64 126 282 1015 67 441 119 120 47 41 42 45 48 40 41
internal_value=0 0.0012834 -0.0155852 -0.000904747 0.00621766 -0.00403188 0.00286123 -0.00780869 0.0134445 0.0130738 0.00627469 -0.0156045 0.0185023 -1.05219e-05 -0.0044064 0.0273354 -0.0331 0.0114891 0.0393871
internal_weight=807.986 746.578 61.4078 632.534 192.502 440.032 155.349 284.684 114.043 146.683 75.5761 45.819 35.3823 32.7196 40.1939 38.4671 28.6882 20.2948 21.6742
internal_count=3233 2986 247 2531 769 1762 621 1141 455 585 302 184 141 131 161 153 116 81 86
is_linear=0
shrinkage=0.03


Tree=4
num_leaves=16
num_cat=0
split_feature=30 30 14 2 39 30 13 42 30 5 16 28 2 9 36
split_gain=19.8135 18.9279 25.8924 19.1647 24.4055 25.3192 24.8707 18.1139 13.1896 16.4026 10.9572 6.48098 5.69549 7.48321 3.11259
threshold=9.9403122006313998e-05 0.00012030118021850886 0.0025838010066571004 0.00063051006370400012 -0.023073060013802205 0.00012910531685602746 1.0000000180025095e-35 0.12201647868563598 0.00014844206645351827 -0.00010066029574389998 0.10833333333315277 0.8455885596866769 0.00059870465302535008 -5.6914821691272828e-05 -0.35051106842021534
decision_type=2 2 2 2 2 2 2 2 2 2 2 2 2 2 2
left_child=-1 2 7 8 5 -5 -6 14 9 -3 -9 -10 -4 -14 -2
right_child=1 3 12 4 6 -7 -8 10 11 -11 -12 -13 13 -15 -16
leaf_value=-0.042431643823573485 0.035835757058563636 0.016036899994821763 0.045395448024762093 -0.012385704133903557 -0.026596930279922073 0.0086775274122346795 -0.0010975614777935907 -0.016369575560363378 -0.040806577211064732 -0.013451187725772536 0.014864852197914075 -0.0091152475313819037 0.037928617390750888 0.011962968088852086 0.01221337447091015
leaf_weight=9.6348769813775998 9.323682829737665 21.57465648651123 11.367821052670477 61.306194201111794 48.912394598126411 309.03616613149643 116.7894726395607 44.563695475459099 18.31783248484135 76.22889432311058 12.789746716618536 9.2204950749874097 15.630865275859831 30.065680474042892 13.033739909529684
leaf_count=39 37 86 45 246 197 1234 468 179 74 306 51 37 62 120 52
internal_value=0 0.000518985 0.0106758 -0.0015766 0.00088594 0.00517499 -0.00866892 -0.000320335 -0.0121324 -0.00688582 -0.00930547 -0.0304649 0.0260751 0.0210379 0.0224377
internal_weight=807.796 798.161 136.775 661.386 536.044 370.342 165.702 79.7109 125.342 97.8036 57.3534 27.5383 57.0644 45.6965 22.3574
internal_count=3233 3194 546 2648 2145 1480 665 319 503 392 230 111 227 182 89
is_linear=0
shrinkage=0.03


end of trees

feature_importances:
Column_2=9
Column_28=8
Column_36=8
Column_30=7
Column_21=6
Column_23=5
Column_33=4
Column_14=3
Column_22=3
Column_31=3
Column_38=3
Column_43=3
Column_1=2
Column_5=2
Column_13=2
Column_16=2
Column_39=2
Column_9=1
Column_19=1
Column_27=1
Column_32=1
Column_35=1
Column_37=1
Column_41=1
Column_42=1
Column_44=1

parameters:
[boosting: gbdt]
[objective: binary]
[metric: binary_logloss]
[tree_learner: serial]
[device_type: cpu]
[data_sample_strategy: bagging]
[data: ]
[valid: ]
[num_iterations: 500]
[learning_rate: 0.03]
[num_leaves: 31]
[num_threads: 1]
[seed: 137]
[deterministic: 0]
[force_col_wise: 0]
[force_row_wise: 0]
[histogram_pool_size: -1]
[max_depth: 5]
[min_data_in_leaf: 35]
[min_sum_hessian_in_leaf: 0.001]
[bagging_fraction: 0.8]
[pos_bagging_fraction: 1]
[neg_bagging_fraction: 1]
[bagging_freq: 0]
[bagging_seed: 5691]
[bagging_by_query: 0]
[feature_fraction: 0.8]
[feature_fraction_bynode: 1]
[feature_fraction_seed: 22311]
[extra_trees: 0]
[extra_seed: 25471]
[early_stopping_round: 0]
[early_stopping_min_delta: 0]
[first_metric_only: 0]
[max_delta_step: 0]
[lambda_l1: 0.15]
[lambda_l2: 0.15]
[linear_lambda: 0]
[min_gain_to_split: 0]
[drop_rate: 0.1]
[max_drop: 50]
[skip_drop: 0.5]
[xgboost_dart_mode: 0]
[uniform_drop: 0]
[drop_seed: 11029]
[top_rate: 0.2]
[other_rate: 0.1]
[min_data_per_group: 100]
[max_cat_threshold: 32]
[cat_l2: 10]
[cat_smooth: 10]
[max_cat_to_onehot: 4]
[top_k: 20]
[monotone_constraints: ]
[monotone_constraints_method: basic]
[monotone_penalty: 0]
[feature_contri: ]
[forcedsplits_filename: ]
[refit_decay_rate: 0.9]
[cegb_tradeoff: 1]
[cegb_penalty_split: 0]
[cegb_penalty_feature_lazy: ]
[cegb_penalty_feature_coupled: ]
[path_smooth: 0]
[interaction_constraints: ]
[verbosity: -1]
[saved_feature_importance_type: 0]
[use_quantized_grad: 0]
[num_grad_quant_bins: 4]
[quant_train_renew_leaf: 0]
[stochastic_rounding: 1]
[linear_tree: 0]
[max_bin: 255]
[max_bin_by_feature: ]
[min_data_in_bin: 3]
[bin_construct_sample_cnt: 200000]
[data_random_seed: 486]
[is_enable_sparse: 1]
[enable_bundle: 1]
[use_missing: 1]
[zero_as_missing: 0]
[feature_pre_filter: 1]
[pre_partition: 0]
[two_round: 0]
[header: 0]
[label_column: ]
[weight_column: ]
[group_column: ]
[ignore_column: ]
[categorical_feature: ]
[forcedbins_filename: ]
[precise_float_parser: 0]
[parser_config_file: ]
[objective_seed: 12927]
[num_class: 1]
[is_unbalance: 0]
[scale_pos_weight: 1]
[sigmoid: 1]
[boost_from_average: 1]
[reg_sqrt: 0]
[alpha: 0.9]
[fair_c: 1]
[poisson_max_delta_step: 0.7]
[tweedie_variance_power: 1.5]
[lambdarank_truncation_level: 30]
[lambdarank_norm: 1]
[label_gain: ]
[lambdarank_position_bias_regularization: 0]
[eval_at: ]
[multi_error_top_k: 1]
[auc_mu_weights: ]
[num_machines: 1]
[local_listen_port: 12400]
[time_out: 120]
[machine_list_filename: ]
[machines: ]
[gpu_platform_id: -1]
[gpu_device_id: -1]
[gpu_use_dp: 0]
[num_gpu: 1]

end of parameters

pandas_categorical:null
