tree
version=v4
num_class=1
num_tree_per_iteration=1
label_index=0
max_feature_idx=47
objective=binary sigmoid:1
feature_names=Column_0 Column_1 Column_2 Column_3 Column_4 Column_5 Column_6 Column_7 Column_8 Column_9 Column_10 Column_11 Column_12 Column_13 Column_14 Column_15 Column_16 Column_17 Column_18 Column_19 Column_20 Column_21 Column_22 Column_23 Column_24 Column_25 Column_26 Column_27 Column_28 Column_29 Column_30 Column_31 Column_32 Column_33 Column_34 Column_35 Column_36 Column_37 Column_38 Column_39 Column_40 Column_41 Column_42 Column_43 Column_44 Column_45 Column_46 Column_47
feature_infos=[2.190923317253791:99.441167317723838] [-2.3020505964523181:2.5696256596511371] [-0.28572876277813641:1.2464059122895474] [0.00031649778209039999:0.0027939717912223] [0:1] [0:1] [-0.00054456974253740001:0.00067748681445689996] [-0.0014348831548986001:0.001628010684778] [0.00014419716916488752:0.00025944529914921833] [-1:1] [-0.00046648736625270001:0.0005237304016238] [-0.00083905279279979995:0.00092022730480090004] [-0.0015419689352319001:0.0014609919988095999] [0:1] [0:1] [-5.0072562191639145:4.4522222583416431] [-0.0010134373686317001:0.0012537773160728001] [0.0166666666666388:0.49999999999916661] [0.20000000000000001:1] none [-4.8022979567942814:4.9633469452698975] [0:12.317406449560011] [-2.8125629083215244:2.6601141052561506] [-2.5860452193976045:2.572380356042685] [-2.3738362366833128:2.4649349412597736] [-18.458485137745583:20.378520558357138] none [-0.8003829927990469:0.82722449087831629] [-0.93752096944050811:0.88670470175205018] [-0.86201507313253478:0.857460118680895] [-0.20090607960119586:4.067034509159936] [-4.8022979567942787:4.9633469452698984] [-8.517774955218253e-05:8.0630616193329752e-05] [0.0002736869251026164:1] [0.018841640363077058:0.018846144975580816] [0.10000000000000001:0.90000000000000002] [-0.21120932077808929:0.20603778806177295] [-0.40880509791876207:0.40719768265145451] [-0.65174409896371632:0.46800807322214344] [-0.44269023077354663:0.44972038756331251] [-0.73625541930031113:0.53131175717502277] [-0.30463681624393973:0.15455053505372893] [-0.14606074232478447:0.25599572220556388] [-0.44695856071486145:0.44436495818207372] [-0.11067255104595176:0.24431348885718304] [-0.42177298154751136:0.52607611429079304] [-0.36888741298550931:0.33816225675530698] [-0.49356995546932603:0.71685042085226092]
tree_sizes=2484 2380 2478 1620 1534 1533 2268

Tree=0
num_leaves=22
num_cat=0
split_feature=35 41 34 3 30 33 30 41 34 43 45 41 35 2 32 38 24 3 33 38 45
split_gain=19.9461 14.5636 20.1752 24.8622 18.4867 17.2494 28.2166 23.1539 22.4182 14.7577 13.1935 16.1928 12.4561 11.6085 10.591 9.62021 9.7697 9.06299 9.0361 6.79567 3.63695
threshold=0.75291149619989417 -0.026479403375847244 0.018842273670238812 0.00072041286745820013 1.8551589062456655 0.46648485716588711 1.5559012861741672 0.062810842557359581 0.018842850484969028 0.39527690132063181 -0.33875346037522919 0.016673259139783462 0.8272896484260609 0.42924787626148392 -1.1600124353498367e-05 -0.56635231142130593 -0.15566288871658276 0.00063273899500725019 0.35681156103937445 -0.067341661577368442 0.43841397073888094
decision_type=2 2 2 2 2 2 2 2 2 2 2 2 2 2 2 2 2 2 2 2 2
left_child=1 2 9 13 -5 8 7 -7 14 18 12 15 -2 -4 -3 -12 -17 -10 -1 -8 -11
right_child=10 5 3 4 -6 6 19 -9 17 20 11 -13 -14 -15 -16 16 -18 -19 -20 -21 -22
leaf_value=0.025713994594526678 0.015429878396024442 0.0097081439337161901 0.0031010742546195248 0.015902381452848328 -0.01876433179790651 0.016710879612296749 0.0003297815158631138 -0.034348772226461058 -0.052398082295953344 -0.016523497076992494 0.039867998538550255 0.050282592322730045 -0.031135519222575646 -0.021147833567152 -0.0087420337617640596 -0.003896690758412133 0.015926250730327354 -0.02064119311153997 -0.013104920819634209 -0.029973956176691213 -0.03838150378410192
leaf_weight=12.325462549924852 8.7830193042755145 34.829822480678558 37.52814906835556 157.8338577747345 14.933298230171202 80.81491494178772 9.0017439723014849 8.6786067187786085 9.6300746202468854 39.347554802894592 9.338802903890608 10.373800873756407 11.911834388971327 33.085902452468872 137.22036710381508 36.965404629707336 55.205561101436615 59.712310403585434 9.2204686403274518 22.590828657150269 8.9182139039039594
leaf_count=49 35 139 150 629 60 322 36 35 39 158 37 41 48 133 550 148 220 240 37 91 36
internal_value=4.04124e-08 -0.00208811 0.00263951 0.00672919 0.0128662 -0.00618474 0.00302409 0.01166 -0.0108217 -0.0115377 0.0106324 0.0147183 -0.0111882 -0.0082178 -0.00497565 0.0109707 0.00793405 -0.0252198 0.00891848 -0.0212369 -0.0207616
internal_weight=808.25 675.672 313.193 243.381 172.767 362.479 121.086 89.4935 241.393 69.8117 132.578 111.884 20.6949 70.6141 172.05 101.51 92.171 69.3424 21.5459 31.5926 48.2658
internal_count=3233 2704 1252 972 689 1452 484 357 968 280 529 446 83 283 689 405 368 279 86 127 194
is_linear=0
shrinkage=1


Tree=1
num_leaves=21
num_cat=0
split_feature=35 44 3 17 3 3 38 24 36 38 21 39 20 22 36 35 21 24 30 8
split_gain=18.7873 17.2383 16.6083 16.4085 14.7529 14.8579 13.3398 16.8509 13.8288 12.429 13.8263 12.9226 10.9199 10.8943 15.7128 8.68151 8.00366 7.82378 2.13669 1.51098
threshold=0.75291149619989417 -0.032681188987631761 0.0011334289875053504 0.14166666666643057 0.0018165008387012501 0.00094282938659700003 -0.0020135491103002502 0.030738474223422362 0.071958795196482225 0.29577163790234257 3.4597526552430562 0.25849287293268081 -0.12262736864204488 1.1955374236896115 0.15272725774353837 0.83091389550145833 2.0733511850062207 -0.060014501091113982 1.5559012861741672 0.00020215795216901641
decision_type=2 2 2 2 2 2 2 2 2 2 2 2 2 2 2 2 2 2 2 2
left_child=1 2 13 6 5 -5 7 -3 -8 10 11 12 -2 14 -1 -11 -13 -12 -19 -4
right_child=9 3 19 4 -6 -7 8 -9 -10 15 17 16 -14 -15 -16 -17 -18 18 -20 -21
leaf_value=-0.017709488243966558 0.035971221489703477 0.0056058552525908691 -0.030452760089250117 -0.0083906415000139303 -0.021671817824066929 0.022969261509418019 -0.023224696847034976 -0.0065334656383379472 -0.0024451181783425972 0.0097344024479041422 0.012842505121130332 0.0029229807642393467 0.0019965298670088236 -0.032494283000641604 0.027441104317533067 -0.02972608540174692 -0.027346465383003657 0.050593422239261859 0.028955373742247062 -0.051427454889677073
leaf_weight=14.685067281126978 18.152297556400299 221.52434410154819 8.6843408495187777 17.213631153106689 10.445639982819555 60.320619985461235 50.966772735118866 191.94237051904202 67.450996100902557 9.0218543857336062 16.549734950065613 29.771680727601051 16.508186429738998 10.417653441429136 12.831439614295958 10.669447332620619 10.431886985898016 11.386737242341043 10.069286078214644 9.1355318427085859
leaf_count=59 72 885 35 69 42 240 205 769 270 36 66 119 66 42 51 43 42 45 40 37
internal_value=0 -0.0020275 -0.0179852 -0.000580909 0.0113996 0.0159463 -0.00257374 -1.89901e-05 -0.0114446 0.0103188 0.0141723 0.00658807 0.0199973 -0.00656138 0.00321702 -0.011483 -0.00489217 0.0289092 0.0409185 -0.0417956
internal_weight=808.18 675.618 55.754 619.864 87.9799 77.5343 531.884 413.467 118.418 132.561 112.87 74.8641 34.6605 37.9342 27.5165 19.6913 40.2036 38.0058 21.456 17.8199
internal_count=3233 2704 224 2480 351 309 2129 1654 475 529 450 299 138 152 110 79 161 151 85 72
is_linear=0
shrinkage=0.03


Tree=2
num_leaves=22
num_cat=0
split_feature=37 35 30 15 33 30 41 47 30 21 34 39 20 20 22 24 21 43 20 30 24
split_gain=17.7104 22.0409 20.0933 14.229 14.2232 31.0674 13.4707 20.0557 14.8297 12.9415 12.4542 11.8898 10.6561 9.53693 9.08826 8.26977 7.53882 5.85524 4.52301 1.82616 0.198078
threshold=0.38150874115047667 0.75291149619989417 0.026375314546403277 0.38949780878539469 0.50738771927508985 1.6239372732407948 -0.029594143380611625 -0.24222103647374674 0.036697010977303726 3.4597526552430562 0.018842324029194925 0.25849287293268081 -0.12262736864204488 -3.3522585979472415 -0.36239473279822948 -0.060014501091113982 2.0733511850062207 -0.41712998439874382 -2.2691975356640994 1.5559012861741672 0.17013949096851366
decision_type=2 2 2 2 2 2 2 2 2 2 2 2 2 2 2 2 2 2 2 2 2
left_child=1 4 -2 14 6 10 8 -8 -1 11 -6 12 -3 -7 18 -11 -13 20 -4 -17 -5
right_child=2 9 3 17 5 13 7 -9 -10 15 -12 16 -14 -15 -16 19 -18 -19 -20 -21 -22
leaf_value=0.017976393668490426 0.023090368062144574 0.03560267631749188 -0.0064028376505182718 -0.054076486590860874 -0.0023977736589093201 0.002941148845744224 0.017509901522910386 -0.011832599175880781 -0.0022365734536836804 0.01103217110642076 0.017836993999342368 0.0028357734171207509 0.0019583300524703947 -0.025481638770088536 0.010340201922464987 0.049149756987908202 -0.026539636874185823 -0.016364307471604101 -0.037284132869969039 0.02894675244777823 -0.03964216884035645
leaf_weight=40.416948944330215 10.555116117000578 17.386338010430336 9.2300539016723651 9.1240357011556679 35.974657073616982 16.007154181599617 23.091696605086327 205.88292308151722 166.64859960973263 16.041461020708084 109.20138223469257 29.77123074233532 17.007603093981743 29.81130775809288 13.780090749263765 11.374125048518183 10.431116908788679 8.708646357059477 8.6690439283847791 10.316778153181074 8.6563854068517667
leaf_count=161 42 69 37 37 144 64 92 826 667 64 435 119 68 120 55 45 42 35 35 41 35
internal_value=0 0.00135382 -0.0145517 -0.0215011 -0.000832795 0.00598206 -0.00382919 -0.00884429 0.00169722 0.0135847 0.0127945 0.00624073 0.0191768 -0.0154768 -0.00769198 0.0279025 -0.00474493 -0.0377107 -0.0217944 0.0400115 -0.0476905
internal_weight=808.087 739.363 68.7234 58.1683 627.035 190.995 436.04 228.975 207.066 112.329 145.176 74.5963 34.3939 45.8185 31.6792 37.7324 40.2023 26.4891 17.8991 21.6909 17.7804
internal_count=3233 2957 276 234 2509 763 1746 918 828 448 579 298 137 184 127 150 161 107 72 86 72
is_linear=0
shrinkage=0.03


Tree=3
num_leaves=14
num_cat=0
split_feature=3 35 44 3 33 41 21 45 41 35 22 21 8
split_gain=18.5208 18.6584 16.8507 15.1482 14.6109 16.5293 15.8252 12.71 13.5639 11.0934 10.0871 9.12367 1.37765
threshold=0.00042541473944525003 0.75291149619989417 -0.032681188987631761 0.0011334289875053504 0.46648485716588711 -0.029594143380611625 3.8198106529986089 -0.33875346037522919 0.016673259139783462 0.8272896484260609 1.1955374236896115 3.4597526552430562 0.00020215795216901641
decision_type=2 2 2 2 2 2 2 2 2 2 2 2 2
left_child=-1 2 3 10 5 -4 -6 9 11 -3 -2 -9 -5
right_child=1 7 4 12 6 -7 -8 8 -10 -11 -12 -13 -14
leaf_value=-0.035466468853159142 0.0031059656281328201 0.014737311531824003 0.0029527216835564026 -0.0290842518044684 0.012818220082528638 -0.0092466386632536739 -0.0040818665367517706 0.0049837009337301667 0.047704823998424392 -0.029214180417485778 -0.031265091917927028 0.024465801164022069 -0.049227248866830525
leaf_weight=12.888420194387434 27.507909566164017 8.7802334576845187 192.11588709056377 8.6731134057045001 130.87760907411575 207.22101882100105 79.888443440198898 65.299078702926636 10.34967167675495 11.895758435130118 10.408517479896544 32.900736749172211 9.1119793206453306
leaf_count=52 110 35 768 35 522 831 320 261 41 48 42 131 37
internal_value=0 0.000580586 -0.00143885 -0.0172111 0 -0.00336751 0.00639275 0.0110096 0.0151305 -0.010362 -0.00629711 0.0115841 -0.0399806
internal_weight=807.918 795.03 665.804 55.7015 610.103 399.337 210.766 129.225 108.549 20.676 37.9164 98.1998 17.7851
internal_count=3233 3181 2665 224 2441 1599 842 516 433 83 152 392 72
is_linear=0
shrinkage=0.03


Tree=4
num_leaves=13
num_cat=0
split_feature=3 37 30 33 30 6 47 36 21 34 3 32
split_gain=17.4455 17.2408 18.7667 15.762 22.1888 13.1933 12.0509 25.283 9.86346 8.77218 7.44271 7.00329
threshold=0.00042541473944525003 0.38150874115047667 0.026375314546403277 0.50738771927508985 1.6239372732407948 -0.00017535368355844997 -0.24222103647374674 0.0018555199680797966 2.3091826033823515 0.018842261354791629 0.0014854797889647003 -3.1155961484804112e-07
decision_type=2 2 2 2 2 2 2 2 2 2 2 2
left_child=-1 3 -3 6 9 -4 11 -8 -7 -5 -6 -2
right_child=1 2 5 4 10 8 7 -9 -10 -11 -12 -13
leaf_value=-0.034429176953400004 0.030436379677949824 0.022588391148559213 0.011812741171930645 1.8998890319748542e-05 -0.0026621769200763819 -0.012585369925183299 0.0008369098169876243 -0.0182818448209917 -0.040001889816048346 0.017476956348200429 -0.032137655231747095 -0.0019034837840103144
leaf_weight=12.883006602525709 16.612057536840442 10.552263572812079 9.2684260606765729 32.744142055511475 47.675316408276558 23.878811478614807 403.66670252382755 73.377716392278671 24.928714141249657 133.98826785385609 9.1665915548801404 8.990120977163313
leaf_count=52 66 42 37 131 191 96 1615 295 101 534 37 36
internal_value=0 0.000563059 -0.0137849 0.00192771 0.00855392 -0.0205123 -0.00101231 -0.00209928 -0.0267601 0.0140785 -0.00756656 0.0189607
internal_weight=807.732 794.849 68.6282 726.221 223.574 58.076 502.647 477.044 48.8075 166.732 56.8419 25.6022
internal_count=3233 3181 276 2905 893 234 2012 1910 197 665 228 102
is_linear=0
shrinkage=0.03


Tree=5
num_leaves=13
num_cat=0
split_feature=3 37 30 47 6 36 33 32 42 6 6 21
split_gain=16.4423 16.234 17.6884 14.9975 31.3643 26.9101 17.1418 16.4862 12.8897 12.4479 12.3916 9.3224
threshold=0.00042541473944525003 0.38150874115047667 0.026375314546403277 -0.15295390137029338 -1.6396006753796538e-05 0.0018555199680797966 0.42147198030331234 2.6541617326181214e-05 -0.11116632204157421 -0.00017535368355844997 -8.1890389173045519e-05 2.3091826033823515
decision_type=2 2 2 2 2 2 2 2 2 2 2 2
left_child=-1 3 -3 4 6 10 -2 -7 -6 -4 -5 -11
right_child=1 2 9 5 8 7 -8 -9 -10 11 -12 -13
leaf_value=-0.033441984570001131 -0.03135092674763075 0.02192503232845143 0.011463666495625748 0.0094118096234843251 0.011980040440032456 -0.02181464847733294 0.015590320049793474 0.012419401083637515 0.046937991649924744 -0.012214218719525445 -0.00012448875603054824 -0.038893900161847732
leaf_weight=12.870016768574713 14.628743186593058 10.549951851367949 9.2686960101127607 176.31434898078442 17.029135525226593 67.815495237708092 13.040502712130545 15.275638118386267 22.973322167992592 23.870955437421799 399.04266868531704 24.874759584665298
leaf_count=52 59 42 37 704 68 273 52 61 91 96 1597 101
internal_value=0 0.000545945 -0.0133835 0.00186993 0.0153046 0.000479181 -0.00910101 -0.0154559 0.0322687 -0.0199217 0.00279172 -0.0259983
internal_weight=807.554 794.684 68.5644 726.12 67.6717 658.448 27.6692 83.0911 40.0025 58.0144 575.357 48.7457
internal_count=3233 3181 276 2905 270 2635 111 334 159 234 2301 197
is_linear=0
shrinkage=0.03


Tree=6
num_leaves=20
num_cat=0
split_feature=35 44 17 1 6 44 43 39 36 45 41 35 21 24 34 35 40 10 45
split_gain=15.7491 14.1087 14.728 14.6434 11.3457 13.0267 12.1809 10.1897 10.052 9.88401 13.7038 10.2018 9.19203 9.4652 8.47896 8.45258 7.89743 7.8205 1.60814
threshold=0.75291149619989417 -0.032681188987631761 0.14166666666643057 0.82420272001672867 -0.00012239387574074996 0.0016004490314480287 0.41330170044531039 0.24948885822593642 0.15687443166415158 -0.33875346037522919 0.016673259139783462 0.8272896484260609 3.4597526552430562 -0.060014501091113982 0.018842249871695266 0.59779421087544915 0.025957164788043986 -6.1834759319933784e-05 -0.35852133997224295
decision_type=2 2 2 2 2 2 2 2 2 2 2 2 2 2 2 2 2 2 2
left_child=1 3 4 8 5 -3 -6 15 16 11 12 -2 17 -14 -9 -4 -1 -11 -5
right_child=9 2 7 18 6 -7 -8 14 -10 10 -12 -13 13 -15 -16 -17 -18 -19 -20
leaf_value=0.0019283659552135838 0.014607231365029859 -0.016786702220358669 0.0099790620888459951 -0.04948669418370176 -0.0079531396279039612 0.0093157338104286717 0.0041082231443415555 -0.023646619069615963 0.011619732434776502 0.017901776947611806 0.045838443626856365 -0.027582938497718319 0.0032316229345082151 0.035978969104245521 0.0077687641548225377 0.038615159737405917 -0.034153678705312579 -0.0037862272219477823 -0.027961168129529344
leaf_weight=8.9922070205211657 8.7722017914056796 20.148203387856483 22.780288532376289 8.5417975485324877 301.4387893229723 110.18352423608303 99.811343759298325 9.4451625347137433 16.510528072714806 21.826548859477043 10.300429239869116 11.851943552494047 14.00419335067272 19.346705943346024 39.304116487503052 16.388412997126579 12.859268143773077 46.183880731463432 8.645277336239813
leaf_count=36 35 81 91 35 1209 440 399 38 66 87 41 48 56 77 157 65 52 185 35
internal_value=0 -0.00185707 -0.00054909 -0.0163225 -0.00243791 0.00523137 -0.00494124 0.010805 -0.00581881 0.0094575 0.0129971 -0.0094454 0.00955264 0.0224386 0.00153615 0.0221766 -0.0191889 0.00313215 -0.0392543
internal_weight=807.335 675.049 619.5 55.5491 531.582 130.332 401.25 87.918 38.362 132.286 111.662 20.6241 101.361 33.3509 48.7493 39.1687 21.8515 68.0104 17.1871
internal_count=3233 2704 2480 224 2129 521 1608 351 154 529 446 83 405 133 195 156 88 272 70
is_linear=0
shrinkage=0.03


end of trees

feature_importances:
Column_3=10
Column_30=10
Column_35=10
Column_21=9
Column_41=7
Column_24=6
Column_33=6
Column_6=5
Column_34=5
Column_36=5
Column_45=5
Column_20=4
Column_38=4
Column_44=4
Column_22=3
Column_32=3
Column_37=3
Column_39=3
Column_43=3
Column_47=3
Column_8=2
Column_17=2
Column_1=1
Column_2=1
Column_10=1
Column_15=1
Column_40=1
Column_42=1

parameters:
[boosting: gbdt]
[objective: binary]
[metric: binary_logloss]
[tree_learner: serial]
[device_type: cpu]
[data_sample_strategy: bagging]
[data: ]
[valid: ]
[num_iterations: 500]
[learning_rate: 0.03]
[num_leaves: 31]
[num_threads: 1]
[seed: 42]
[deterministic: 0]
[force_col_wise: 0]
[force_row_wise: 0]
[histogram_pool_size: -1]
[max_depth: 5]
[min_data_in_leaf: 35]
[min_sum_hessian_in_leaf: 0.001]
[bagging_fraction: 0.8]
[pos_bagging_fraction: 1]
[neg_bagging_fraction: 1]
[bagging_freq: 0]
[bagging_seed: 400]
[bagging_by_query: 0]
[feature_fraction: 0.8]
[feature_fraction_bynode: 1]
[feature_fraction_seed: 30056]
[extra_trees: 0]
[extra_seed: 12879]
[early_stopping_round: 0]
[early_stopping_min_delta: 0]
[first_metric_only: 0]
[max_delta_step: 0]
[lambda_l1: 0.15]
[lambda_l2: 0.15]
[linear_lambda: 0]
[min_gain_to_split: 0]
[drop_rate: 0.1]
[max_drop: 50]
[skip_drop: 0.5]
[xgboost_dart_mode: 0]
[uniform_drop: 0]
[drop_seed: 17869]
[top_rate: 0.2]
[other_rate: 0.1]
[min_data_per_group: 100]
[max_cat_threshold: 32]
[cat_l2: 10]
[cat_smooth: 10]
[max_cat_to_onehot: 4]
[top_k: 20]
[monotone_constraints: ]
[monotone_constraints_method: basic]
[monotone_penalty: 0]
[feature_contri: ]
[forcedsplits_filename: ]
[refit_decay_rate: 0.9]
[cegb_tradeoff: 1]
[cegb_penalty_split: 0]
[cegb_penalty_feature_lazy: ]
[cegb_penalty_feature_coupled: ]
[path_smooth: 0]
[interaction_constraints: ]
[verbosity: -1]
[saved_feature_importance_type: 0]
[use_quantized_grad: 0]
[num_grad_quant_bins: 4]
[quant_train_renew_leaf: 0]
[stochastic_rounding: 1]
[linear_tree: 0]
[max_bin: 255]
[max_bin_by_feature: ]
[min_data_in_bin: 3]
[bin_construct_sample_cnt: 200000]
[data_random_seed: 175]
[is_enable_sparse: 1]
[enable_bundle: 1]
[use_missing: 1]
[zero_as_missing: 0]
[feature_pre_filter: 1]
[pre_partition: 0]
[two_round: 0]
[header: 0]
[label_column: ]
[weight_column: ]
[group_column: ]
[ignore_column: ]
[categorical_feature: ]
[forcedbins_filename: ]
[precise_float_parser: 0]
[parser_config_file: ]
[objective_seed: 16083]
[num_class: 1]
[is_unbalance: 0]
[scale_pos_weight: 1]
[sigmoid: 1]
[boost_from_average: 1]
[reg_sqrt: 0]
[alpha: 0.9]
[fair_c: 1]
[poisson_max_delta_step: 0.7]
[tweedie_variance_power: 1.5]
[lambdarank_truncation_level: 30]
[lambdarank_norm: 1]
[label_gain: ]
[lambdarank_position_bias_regularization: 0]
[eval_at: ]
[multi_error_top_k: 1]
[auc_mu_weights: ]
[num_machines: 1]
[local_listen_port: 12400]
[time_out: 120]
[machine_list_filename: ]
[machines: ]
[gpu_platform_id: -1]
[gpu_device_id: -1]
[gpu_use_dp: 0]
[num_gpu: 1]

end of parameters

pandas_categorical:null
