tree
version=v4
num_class=1
num_tree_per_iteration=1
label_index=0
max_feature_idx=21
objective=binary sigmoid:1
feature_names=Column_0 Column_1 Column_2 Column_3 Column_4 Column_5 Column_6 Column_7 Column_8 Column_9 Column_10 Column_11 Column_12 Column_13 Column_14 Column_15 Column_16 Column_17 Column_18 Column_19 Column_20 Column_21
feature_infos=[1.8433179721127857:94.654377867971434] [-3.0568034659498835:2.8183187558769305] [0.0032137967558590001:0.027542292501646699] [0.0014225378260466:0.0024292511895817001] [-0.0090100439834554999:0.0096762988570371009] [-0.013081230219911699:0.0135489655630435] [0.0005887007839293:0.0025466234836942999] [-0.4627131788381309:-0.15924343362210991] [-0.0120274393422133:0.010963924331296299] [0.43246250360361299:0.56613849524057791] [0.5:0.56858603472062741] [-0.65372974385773852:0.4262229119686341] [-0.99342249216299316:1.2379649022156611] [0.0038242659469623999:0.25434627774921847] [-0.00016580449104639999:0.00013828860648490001] [-0.0010728588425627:0.0010179835023860001] [0:0.10000000000000001] none [0.20000000000000001:0.80000000000000004] none [0.0033333333333333002:0.070000000000000007] [0.056353380485405426:0.92307473567481901]
tree_sizes=1156 1189 1190 1395 1404 1086 1295 1303 881 1295 1087 884 1298 881 1501 1403 1402 1089 889 1086 1087 1089 884 1093 891 1405 1090 1398 790 786 884 988 788 1094 886 888 1083 887 1403 780 990 790 986 1088 1310 1092 1091 1092 887 882

Tree=0
num_leaves=10
num_cat=0
split_feature=21 6 0 14 21 2 12 3 1
split_gain=18.5413 16.9702 15.959 15.7571 10.2417 6.16795 3.59651 3.47386 3.38539
threshold=0.23975559806268273 0.0013546847069528503 35.051504902621325 4.9025077098686219e-05 0.57354886015547268 0.016501138537976003 -0.21795152959653905 0.0019149726773235 -0.041173214350976595
decision_type=2 2 2 2 2 2 2 2 2
left_child=7 4 5 -4 6 -3 -2 -1 -6
right_child=1 2 3 -5 8 -7 -8 -9 -10
leaf_value=0.50659368734713528 0.40919273208097334 0.30675379637000999 0.38417315020691661 0.2985552367401792 0.48961095668534294 0.20553618925172576 0.33676638072921194 0.42604046488376895 0.40724471297565012
leaf_weight=5.556171938776969 8.2134715616703051 14.011216193437578 50.971838220953941 18.842670053243637 9.4213350266218168 5.314599245786666 9.4213350266218203 8.9381896406412107 4.8314538598060599
leaf_count=23 34 58 211 78 39 22 39 37 20
internal_value=0.371413 0.361173 0.343256 0.361065 0.411259 0.278919 0.370499 0.456919 0.46169
internal_weight=135.522 121.028 89.1403 69.8145 31.8876 19.3258 17.6348 14.4944 14.2528
internal_count=561 501 369 289 132 80 73 60 59
is_linear=0
shrinkage=1


Tree=1
num_leaves=10
num_cat=0
split_feature=21 6 0 21 2 21 1 5 11
split_gain=16.4294 14.3634 16.0793 15.9839 10.4266 8.33033 3.3327 3.05915 0.510661
threshold=0.1992973914036551 0.0013546847069528503 56.649851686652774 0.57118664872900538 0.016501138537976003 0.57354886015547268 1.0000000180025095e-35 0.00088386007529370008 0.039151872959346003
decision_type=2 2 2 2 2 2 2 2 2
left_child=8 5 4 -4 -3 6 -2 -7 -1
right_child=1 2 3 -5 -6 7 -8 -9 -10
leaf_value=0.079818335046501362 -0.041914570803300057 -0.037299696862268944 -0.014139112649770483 0.10962614635329308 -0.15111183179736726 0.11173369690566418 0.02903496649949993 0.032905862317778485 0.1160622168476524
leaf_weight=4.7404906898736936 6.7665422558784512 55.258366942405701 22.966004922986031 9.4164838194847089 5.6813095808029166 9.1925794482231122 11.335295349359511 4.7939703762531272 5.2359432131052017
leaf_count=20 28 228 95 39 23 39 47 20 22
internal_value=3.24074e-05 -0.00782778 -0.0237035 0.0218505 -0.0479102 0.0383433 0.00251373 0.084715 0.0988403
internal_weight=135.387 125.411 93.3222 32.3825 60.9397 32.0884 18.1018 13.9865 9.97643
internal_count=561 519 385 134 251 134 75 59 42
is_linear=0
shrinkage=0.08


Tree=2
num_leaves=10
num_cat=0
split_feature=21 21 1 13 21 4 1 6 3
split_gain=14.2837 13.5747 16.5535 11.6948 9.99655 7.59942 6.9393 5.04689 3.27645
threshold=0.23975559806268273 0.56429379948384695 -0.68721141852375911 0.096772416608256515 0.50491445753442432 -0.00034505269717659997 1.1306194535803231 0.0015986144621499502 0.0019149726773235
decision_type=2 2 2 2 2 2 2 2 2
left_child=8 3 7 5 -5 -2 -4 -3 -1
right_child=1 2 6 4 -6 -7 -8 -9 -10
leaf_value=0.12593593454140506 -0.11634516593680468 0.020737205957778639 0.038029862659871586 0.020248669389613238 -0.073449229197556143 -0.036695827028935292 0.12990367797006214 -0.079698095130795177 0.046250294033150292
leaf_weight=5.3223919868469229 11.932540684938429 4.8019768148660651 25.618953123688698 31.543905541300774 9.47669669985771 21.443805932998657 6.6214108020067206 9.6107237786054593 8.7009929418563825
leaf_count=23 49 20 108 130 39 88 28 39 37
internal_value=6.09477e-05 -0.00879365 0.025037 -0.0300083 -0.00139769 -0.0651717 0.0568986 -0.0462354 0.0764939
internal_weight=135.073 121.05 46.6531 74.3969 41.0206 33.3763 32.2404 14.4127 14.0234
internal_count=561 501 195 306 169 137 136 59 60
is_linear=0
shrinkage=0.08


Tree=3
num_leaves=12
num_cat=0
split_feature=14 0 9 21 7 21 16 13 0 8 0
split_gain=13.8008 13.0465 10.3539 10.8993 9.03146 7.73262 7.40557 7.32016 6.45959 5.5035 3.12845
threshold=5.0425432094369507e-05 31.112908565698088 0.51299516037790316 0.55036895660558571 -0.28527605196883482 0.31278534998134272 1.0000000180025095e-35 0.087654212835642772 51.468808462186821 0.0022827855139980007 20.958321222781532
decision_type=2 2 2 2 2 2 2 2 2 2 2
left_child=1 4 3 -3 10 -4 -2 9 -9 -8 -1
right_child=6 2 5 -5 -6 -7 7 8 -10 -11 -12
leaf_value=-0.13642233381882335 0.01509698049267599 -0.015450160942449479 0.12846041215763057 0.050321815115895986 0.041446485983792698 0.032120885499288925 -0.065585609472305045 -0.090534744983312876 0.038181826816763728 -0.1854155705646362 -0.054125080122277604
leaf_weight=4.9598194807767886 7.9370705634355572 41.726055935025215 9.3201875984668749 26.281276628375053 4.8629920929670325 12.461095705628393 4.9105799198150653 5.1492069065570814 4.8413195163011551 4.9012235999107361 7.3180903494358063
leaf_count=20 33 173 40 112 20 52 20 21 20 20 30
internal_value=8.82381e-05 0.0131322 0.0253416 0.00996727 -0.050824 0.0733445 -0.0501933 -0.0763626 -0.0281598 -0.125443 -0.0873701
internal_weight=134.669 106.93 89.7886 68.0073 17.1409 21.7813 27.7394 19.8023 9.99053 9.8118 12.2779
internal_count=561 447 377 285 70 92 114 81 41 40 50
is_linear=0
shrinkage=0.08


Tree=4
num_leaves=12
num_cat=0
split_feature=21 21 1 14 4 0 8 12 13 9 14
split_gain=12.0957 16.2306 12.5691 7.34614 7.32677 7.18868 6.45351 6.18696 4.27171 3.90224 2.42336
threshold=0.32530511980511734 0.56429379948384695 -0.68721141852375911 5.13190409836034e-05 0.0021362109744900502 36.061238836004229 -0.00033858192919289999 -0.22134087064214533 0.11493913620771457 0.49939593000614707 7.7340572461530302e-05
decision_type=2 2 2 2 2 2 2 2 2 2 2
left_child=5 3 8 4 -2 -1 -4 9 -3 -7 -5
right_child=1 2 6 10 -6 7 -8 -9 -10 -11 -12
leaf_value=-0.039118271603722519 -0.038611674180062623 -0.070645912290444077 0.11406153425851645 -0.11826365452254881 0.056329512767738066 0.051637734372877699 0.030005874136500701 -0.0017062104514691681 0.021163469885470489 0.1254171549007605 -0.048056572158147293
leaf_weight=5.4899389445781734 37.592890113592148 9.5322356224060041 7.7576503455638912 8.6728669106960279 6.0376546978950492 9.7838874459266751 23.71987010538578 7.0905128121375993 4.9162786453962317 8.639229014515875 4.9381570518016806
leaf_count=23 154 39 34 35 25 41 102 30 20 38 20
internal_value=0.000109303 -0.0130584 0.0223668 -0.0414807 -0.0254736 0.0439262 0.0507214 0.0617955 -0.0394067 0.0862354 -0.0927921
internal_weight=134.171 103.168 45.926 57.2416 43.6305 31.0036 31.4775 25.5136 14.4485 18.4231 13.611
internal_count=561 429 195 234 179 132 136 109 59 79 55
is_linear=0
shrinkage=0.08


Tree=5
num_leaves=9
num_cat=0
split_feature=21 6 0 21 5 2 21 11
split_gain=10.8045 10.0023 11.0409 11.1656 7.31634 6.95222 5.73955 0.483063
threshold=0.1992973914036551 0.0013546847069528503 56.649851686652774 0.65206100545686907 0.0023511973511459506 0.016501138537976003 0.62594211897959895 0.039151872959346003
decision_type=2 2 2 2 2 2 2 2
left_child=7 4 5 -4 6 -3 -2 -1
right_child=1 2 3 -5 -6 -7 -8 -9
leaf_value=0.064793718566393932 0.026942639700303066 -0.030373463174613948 -0.0028662818770532708 0.12146575894738333 -0.035120878294171008 -0.12309721652700875 0.11029623717492376 0.10159085602186299
leaf_weight=4.3686609864234907 15.657742217183118 55.675550937652588 26.166156575083736 5.6145984232425681 7.6052326112985602 5.7054655998945227 7.9823128879070273 4.7831629365682602
leaf_count=20 66 228 109 25 32 23 36 22
internal_value=0.000132979 -0.00603846 -0.0191753 0.019099 0.0331307 -0.0389923 0.0550879 0.0840256
internal_weight=133.559 124.407 93.1618 31.7808 31.2453 61.381 23.6401 9.15182
internal_count=561 519 385 134 134 251 102 42
is_linear=0
shrinkage=0.08


Tree=6
num_leaves=11
num_cat=0
split_feature=21 21 1 6 7 13 0 11 12 9
split_gain=9.8479 12.7058 10.6495 9.57318 6.43027 7.50829 6.01367 5.41712 5.37617 3.56953
threshold=0.32530511980511734 0.56429379948384695 1.1306194535803231 0.0014604946275091502 -0.27609204186260822 0.095390457284664956 36.061238836004229 0.008727200724478152 -0.22134087064214533 0.49939593000614707
decision_type=2 2 2 2 2 2 2 2 2 2
left_child=6 4 3 -3 5 -2 -1 -6 9 -8
right_child=1 2 -4 -5 7 -7 8 -9 -10 -11
leaf_value=-0.035454845516271226 -0.089190718514173262 0.054419144863183111 0.11829312758434302 -0.026983446282270777 0.072256864864709724 -0.023033796743034813 0.047357141756247022 -0.034219330035601299 -0.0021133931147959144 0.11925735698379454
leaf_weight=5.5104896426200893 18.822071641683578 15.138359189033507 6.1122364550828925 23.755216211080551 5.6483156085014325 26.348869875073433 9.6275989115238279 6.6683099269866943 7.0676504075527147 8.168323338031767
leaf_count=23 76 68 28 99 23 108 41 27 30 38
internal_value=0.000149686 -0.0117068 0.0201275 0.00470049 -0.0366292 -0.0506004 0.0401579 0.0146099 0.0569159 0.0803593
internal_weight=132.867 102.493 45.0058 38.8936 57.4876 45.1709 30.3741 12.3166 24.8636 17.7959
internal_count=561 429 195 167 234 184 132 50 109 79
is_linear=0
shrinkage=0.08


Tree=7
num_leaves=11
num_cat=0
split_feature=14 4 7 2 16 13 2 15 3 2
split_gain=9.2034 8.2241 8.87932 13.0039 5.4248 4.84565 5.31703 4.81673 4.26719 2.96279
threshold=5.0425432094369507e-05 0.0019261826810981501 -0.28152189678701794 0.012994440309610302 1.0000000180025095e-35 0.087654212835642772 0.0090394898322798001 0.00010104690974750001 0.0021683339811951001 0.0092623631619562028
decision_type=2 2 2 2 2 2 2 2 2 2
left_child=1 2 3 -1 -2 7 -7 -6 -4 -3
right_child=4 9 8 -5 5 6 -8 -9 -10 -11
leaf_value=0.0034031057486524959 0.01533912671293648 0.023950346742350651 0.073355977181183252 -0.090160935904789796 -0.046476092095021661 -0.083216883193427557 0.033906785256101205 -0.15833285400491401 0.0010984077212726501 0.097056467347299155
leaf_weight=56.184086069464684 7.8618773072958019 6.0675300061702719 13.758063539862635 11.44310340285301 4.8799536675214785 4.8865547180175763 5.0382324010133743 4.976240947842598 8.4390727728605253 8.5437856614589673
leaf_count=240 33 26 60 47 20 20 21 20 36 38
internal_value=0.000171197 0.0110358 0.00198148 -0.0124287 -0.0408758 -0.0632182 -0.0237601 -0.102951 0.0458846 0.0666982
internal_weight=132.079 104.436 89.8243 67.6272 27.6429 19.781 9.92479 9.85619 22.1971 14.6113
internal_count=561 447 383 287 114 81 41 40 96 64
is_linear=0
shrinkage=0.08


Tree=8
num_leaves=7
num_cat=0
split_feature=21 7 2 10 5 2
split_gain=8.24866 8.39261 6.98154 6.7313 2.86999 0.500071
threshold=0.1992973914036551 -0.38907365738381777 0.0054041810075144006 0.52039247037931913 0.00013220985115455002 0.0082014343337965031
decision_type=2 2 2 2 2 2
left_child=5 -2 4 -4 -3 -1
right_child=1 2 3 -5 -6 -7
leaf_value=0.094891128797660915 0.096144503879393245 0.1046876083904094 -0.019802081896691741 0.067933588104563902 0.014425985494910221 0.056123022911927299
leaf_weight=4.4273123443126661 5.0249004662036887 4.3759708702564222 102.93249653279781 5.9184215217828742 4.6504628509283066 4.1027373969554901
leaf_count=22 22 20 432 25 20 20
internal_value=0.000170936 -0.00510897 -0.00942523 -0.0150317 0.0581844 0.0762447
internal_weight=131.432 122.902 117.877 108.851 9.02643 8.53005
internal_count=561 519 497 457 40 42
is_linear=0
shrinkage=0.08


Tree=9
num_leaves=11
num_cat=0
split_feature=21 21 1 5 3 14 0 12 6 9
split_gain=7.66234 10.4106 9.1882 8.22388 5.76034 5.03593 4.92988 4.63404 5.33702 4.38226
threshold=0.32530511980511734 0.56429379948384695 1.1306194535803231 0.0014178618634613502 0.0018132282265659503 5.13190409836034e-05 36.061238836004229 -0.65663063627334373 0.0015855530044129502 0.49313408507538281
decision_type=2 2 2 2 2 2 2 2 2 2
left_child=6 4 3 -3 9 -6 -1 -8 -9 -2
right_child=1 2 -4 -5 5 -7 7 8 -10 -11
leaf_value=-0.03216256746391101 -0.14180971981838331 0.021366505923100645 0.113103486112018 -0.077858262319986576 -0.0057909689516727515 -0.065159274069121115 0.12192578905705655 -0.0014596582855262317 0.084242865622038532 -0.034865424591299231
leaf_weight=5.5077648162841824 4.9238219857215864 32.029017448425293 5.7657284289598456 6.4168585389852515 35.196724653244019 12.353907138109205 4.8153274655342129 11.197764456272127 7.9534843713045111 4.8852784037590027
leaf_count=23 20 140 28 27 144 50 22 51 36 20
internal_value=0.000176633 -0.010244 0.0189287 0.00480527 -0.0327297 -0.0212152 0.0360873 0.0517718 0.0341325 -0.0885477
internal_weight=131.046 101.571 44.2116 38.4459 57.3597 47.5506 29.4743 23.9666 19.1512 9.8091
internal_count=561 429 195 167 234 194 132 109 87 40
is_linear=0
shrinkage=0.08


Tree=10
num_leaves=9
num_cat=0
split_feature=7 21 6 13 0 6 8 6
split_gain=7.05823 7.3198 6.76821 6.3508 5.52288 4.05531 6.08506 3.44316
threshold=-0.38907365738381777 0.32530511980511734 0.0013546847069528503 0.063346484212651807 55.045132522853315 0.0015855530044129502 -0.0011676333250057497 0.0019912889018486005
decision_type=2 2 2 2 2 2 2 2
left_child=-1 5 4 -4 -3 6 -2 -7
right_child=1 2 3 -5 -6 7 -8 -9
leaf_value=0.091668867878528959 -0.07306050433193978 0.053701821193749701 0.018434004981787488 -0.039025668111286931 -0.02338891391391058 0.10049501346318934 0.036869355294070399 0.017473753726562544
leaf_weight=5.1833923012018195 4.5793122351169595 14.52420397102833 15.753813505172728 56.326785430312157 10.072044879198073 7.4494796991348249 10.877833604812622 5.6008672118186951
leaf_count=24 20 66 67 232 43 34 50 25
internal_value=0.000189991 -0.00359779 -0.0141025 -0.0264674 0.0221335 0.0320265 0.00430169 0.0648645
internal_weight=130.368 125.184 96.6768 72.0806 24.5962 28.5075 15.4571 13.0503
internal_count=561 537 408 299 109 129 70 59
is_linear=0
shrinkage=0.08


Tree=11
num_leaves=7
num_cat=0
split_feature=21 7 7 0 11 11
split_gain=6.43377 6.25235 5.82599 8.85593 6.53201 0.519467
threshold=0.1992973914036551 -0.38907365738381777 -0.28152189678701794 20.355425233352729 -0.050866196930377396 0.039151872959346003
decision_type=2 2 2 2 2 2
left_child=5 -2 3 -3 -4 -1
right_child=1 2 4 -5 -6 -7
leaf_value=0.048591971601267242 0.086163309508751257 -0.12110470356799174 0.063747107653220655 -0.011867514404991968 -0.013237155876468209 0.089410780086066247
leaf_weight=3.8526887446641913 4.6944328397512427 5.0351231992244712 13.539954796433451 83.812214910984039 14.724889099597929 4.1389322876930237
leaf_count=20 22 21 61 353 62 22
internal_value=0.000196923 -0.00436524 -0.00799407 -0.0180582 0.0236413 0.0697324
internal_weight=129.798 121.807 117.112 88.8473 28.2648 7.99162
internal_count=561 519 497 374 123 42
is_linear=0
shrinkage=0.08


Tree=12
num_leaves=11
num_cat=0
split_feature=14 4 7 2 16 13 0 8 3 2
split_gain=6.11605 6.69565 6.3403 9.54883 4.30149 4.1066 4.80558 4.39584 3.91507 2.50115
threshold=5.0425432094369507e-05 0.0019261826810981501 -0.28152189678701794 0.012994440309610302 1.0000000180025095e-35 0.087654212835642772 51.468808462186821 0.0022827855139980007 0.0021683339811951001 0.0092623631619562028
decision_type=2 2 2 2 2 2 2 2 2 2
left_child=1 2 3 -1 -2 7 -7 -6 -4 -3
right_child=4 9 8 -5 5 6 -8 -9 -10 -11
leaf_value=0.0025361376574214883 0.016809316233179012 0.021422213278509031 0.06617385157192994 -0.078300216727877334 -0.036201618192658984 -0.070507383548262817 0.041385453873132659 -0.14411770513940186 -0.0042697357172188288 0.089874201090492642
leaf_weight=55.34972371160984 7.7934577316045788 5.9593227356672278 13.09400722384453 11.253769949078558 4.7967996597290057 5.150596544146536 4.6964542865753174 4.8666439801454544 8.2186893373727781 8.005375921726225
leaf_count=240 33 26 60 47 20 21 20 20 36 38
internal_value=0.000192908 0.00920418 0.00103043 -0.0111225 -0.0334314 -0.0535 -0.0171412 -0.0905497 0.0390091 0.0606629
internal_weight=129.185 101.881 87.9162 66.6035 27.304 19.5105 9.84705 9.66344 21.3127 13.9647
internal_count=561 447 383 287 114 81 41 40 96 64
is_linear=0
shrinkage=0.08


Tree=13
num_leaves=7
num_cat=0
split_feature=7 21 2 2 3 8
split_gain=5.43545 5.64572 5.63117 5.04941 3.46298 2.51613
threshold=-0.38907365738381777 0.23975559806268273 0.0054041810075144006 0.0067714509580955014 0.0019149726773235 0.00016517179281315004
decision_type=2 2 2 2 2 2
left_child=-1 4 5 -4 -2 -3
right_child=1 2 3 -5 -6 -7
leaf_value=0.083133136838038205 0.11092751561948525 0.098865758957188576 -0.053324296261028178 -0.0058153411469517545 0.018154686106147386 0.012529793787064526
leaf_weight=4.8643762022256842 3.9776333197951299 4.1066166758537275 17.161761596798897 86.392617002129555 7.3028187900781631 4.558460533618927
leaf_count=24 21 20 72 367 37 20
internal_value=0.000185247 -0.00308188 -0.00850495 -0.0136889 0.0508676 0.0534468
internal_weight=128.364 123.5 112.219 103.554 11.2805 8.66508
internal_count=561 537 479 439 58 40
is_linear=0
shrinkage=0.08


Tree=14
num_leaves=13
num_cat=0
split_feature=11 12 12 21 21 2 13 13 15 12 5 9
split_gain=5.40207 11.2014 9.17625 8.6537 8.33196 7.77462 6.41709 5.87137 6.59276 5.0698 4.29229 3.81367
threshold=0.093359082745212416 -0.22513604941882787 -0.11607481456917253 0.27183406969371843 0.53905960528056052 0.0077120313487733004 0.11638202119820466 0.084732983265932857 0.00019069816603925003 0.62297646357239078 0.0011542381192226501 0.49939593000614707
decision_type=2 2 2 2 2 2 2 2 2 2 2 2
left_child=2 7 3 11 9 -3 -6 -2 -9 -4 -5 -1
right_child=1 5 4 10 6 -7 -8 8 -10 -11 -12 -13
leaf_value=-0.014389830107921799 0.13255380802802524 0.04308641381132592 -0.049686576907931122 -0.027234586352757457 0.094946848675367207 -0.078748760642311955 0.0023335093951502147 0.013984689808589232 0.1232918956493448 0.04870120986312515 -0.079253665268346526 0.094411776546628093
leaf_weight=3.9711016714572889 5.0564094632864025 5.3755103647708884 11.88568399846554 26.27115772664547 11.155077502131464 8.9052025973796827 8.3891165256500226 16.97921805083752 4.4587804228067389 4.6684227436780921 16.545361191034317 4.28840371966362
leaf_count=18 24 24 50 110 53 38 39 73 21 20 68 23
internal_value=0.000189503 0.0242247 -0.0110528 -0.0328732 0.0198213 -0.0328879 0.0551937 0.0550089 0.0367189 -0.0219402 -0.047336 0.0421009
internal_weight=127.949 40.7751 87.1743 51.076 36.0983 14.2807 19.5442 26.4944 21.438 16.5541 42.8165 8.25951
internal_count=561 180 381 219 162 62 92 118 94 70 178 41
is_linear=0
shrinkage=0.08


Tree=15
num_leaves=12
num_cat=0
split_feature=14 4 7 3 6 21 0 6 16 21 7
split_gain=4.74317 5.69449 5.24665 8.0387 4.12043 8.5748 7.19028 3.45464 2.27405 2.23381 2.1689
threshold=5.0425432094369507e-05 0.0019261826810981501 -0.28152189678701794 0.0018590760837575002 0.0015239607672139501 0.35846496674827755 53.656430249577362 0.0015810875515040502 0.049999999999999954 0.4061972331528772 -0.30940409657933915
decision_type=2 2 2 2 2 2 2 2 2 2 2
left_child=1 2 3 -1 6 -6 -2 -4 9 -3 -7
right_child=4 8 7 -5 5 10 -8 -9 -10 -11 -12
leaf_value=0.024082428647612737 0.081088809623066624 0.12073447575651319 -0.0014434475645905688 -0.033019491226410812 0.029339694428887668 -0.055132903819140086 -0.057517544767909483 0.064311086874259862 0.0086033543824699885 0.041597699059300858 -0.12387706535238709
leaf_weight=26.168289989233017 4.8382668346166628 4.3484094813466054 9.0455884039402026 39.740231156349182 5.5227685421705273 5.5584594458341625 4.7438573986291885 11.764210820198057 4.2899878323078147 4.805651843547821 6.2288717180490449
leaf_count=116 21 21 42 171 24 23 20 54 21 22 26
internal_value=0.000210647 0.00821987 0.000709263 -0.0103478 -0.0296204 -0.0529189 0.0124685 0.035729 0.0566656 0.0791897 -0.0914599
internal_weight=127.055 100.162 86.7183 65.9085 26.8922 17.3101 9.58212 20.8098 13.444 9.15406 11.7873
internal_count=561 447 383 287 114 73 41 96 64 43 49
is_linear=0
shrinkage=0.08


Tree=16
num_leaves=12
num_cat=0
split_feature=6 0 21 6 9 3 13 9 2 14 3
split_gain=4.77571 5.60944 7.49657 5.44458 7.47553 4.81375 4.35889 4.7415 4.43004 3.73501 3.01809
threshold=0.0013546847069528503 56.649851686652774 0.65206100545686907 0.0017728228865033001 0.48179544471218322 0.0019820368108175003 0.054725879581730905 0.49412948299399823 0.0077120313487733004 4.0655443505966154e-05 0.0018287659933566502
decision_type=2 2 2 2 2 2 2 2 2 2 2
left_child=6 3 9 4 -2 -5 -1 10 -9 -3 -8
right_child=1 2 -4 5 -6 -7 7 8 -10 -11 -12
leaf_value=-0.029719610090979821 0.0058278639487311526 0.023944909149398824 0.11154352218908382 -0.02822855093684053 -0.071957462435575631 0.036084728398705565 0.026002724578942094 0.044501907956898935 -0.05010926019928074 -0.041101182427874729 0.11178807190119526
leaf_weight=6.8394449502229682 12.353306010365484 16.984859742224224 4.7752715796232215 15.456838712096216 21.970361396670341 14.375872284173964 4.1223145574331301 8.901407375931738 4.917035996913909 8.4657608121633512 7.2250297516584396
leaf_count=32 52 77 25 66 92 62 20 41 23 37 34
internal_value=0.000207493 -0.00884821 0.019566 -0.0222349 -0.043962 0.00276292 0.0269124 0.0423036 0.0108363 0.00230832 0.0806236
internal_weight=126.388 94.3823 30.2259 64.1564 34.3237 29.8327 32.0052 25.1658 13.8184 25.4506 11.3473
internal_count=561 411 139 272 144 128 150 118 64 114 54
is_linear=0
shrinkage=0.08


Tree=17
num_leaves=9
num_cat=0
split_feature=0 11 12 12 2 21 13 7
split_gain=4.65774 6.52096 7.36543 6.68668 6.04909 5.19412 4.16882 4.05829
threshold=13.293996502973828 0.099052316117199016 -0.22513604941882787 0.041177946355736204 0.0077120313487733004 0.31278534998134272 0.084732983265932857 -0.28262821043131542
decision_type=2 2 2 2 2 2 2 2
left_child=-1 3 6 5 -4 -2 -3 -5
right_child=1 2 4 7 -6 -7 -8 -9
leaf_value=-0.12137881254705037 0.017568906759400701 0.12482090972289202 0.048505355097744167 0.0092051706924498478 -0.065154872596067767 -0.037632241629492733 0.040139157642508465 0.091307417129845247
leaf_weight=1.9843255281448353 14.304239951074122 4.5927119106054333 5.0102841705083829 22.096090912818912 7.4569319784641266 45.964593634009361 19.593615651130676 4.6669515371322623
leaf_count=9 69 23 23 100 32 194 87 24
internal_value=0.000215943 0.00216673 0.030472 -0.00975407 -0.0194775 -0.0245308 0.0562193 0.0235222
internal_weight=125.67 123.685 36.6535 87.0319 12.4672 60.2688 24.1863 26.763
internal_count=561 552 165 387 55 263 110 124
is_linear=0
shrinkage=0.08


Tree=18
num_leaves=7
num_cat=0
split_feature=7 2 21 2 6 8
split_gain=4.20635 4.25417 4.73434 5.40688 4.08139 2.00679
threshold=-0.38907365738381777 0.0054041810075144006 0.31857347755346727 0.0067714509580955014 0.0015855530044129502 0.00019255909761895003
decision_type=2 2 2 2 2 2
left_child=-1 5 4 -4 -3 -2
right_child=1 2 3 -5 -6 -7
leaf_value=0.076030676341257583 0.092368737193648215 -0.0063112466276196997 -0.061695352090077524 -0.006911573334977281 0.059600992616020011 0.015122125958320002
leaf_weight=4.5141117125749579 4.0641012340784055 12.837154284119608 13.657190129160879 74.01844023168087 11.309519588947294 4.5758267045021057
leaf_count=24 22 62 57 320 55 21
internal_value=0.000213434 -0.00262768 -0.00680659 -0.0154452 0.0245599 0.0514579
internal_weight=124.976 120.462 111.822 87.6756 24.1467 8.63993
internal_count=561 537 494 377 117 43
is_linear=0
shrinkage=0.08


Tree=19
num_leaves=9
num_cat=0
split_feature=0 11 12 12 21 21 8 15
split_gain=4.13868 5.53736 6.96696 5.91362 7.46748 6.01469 5.14162 4.49306
threshold=13.293996502973828 0.093359082745212416 -0.22513604941882787 -0.11607481456917253 0.53905960528056052 0.27183406969371843 0.0004868088491069 0.00018291662336725003
decision_type=2 2 2 2 2 2 2 2
left_child=-1 3 7 5 -5 -2 -4 -3
right_child=1 2 6 4 -6 -7 -8 -9
leaf_value=-0.11696079223947566 0.037366312785131466 0.034515374805543619 0.019858706714356501 -0.023395165590811697 0.050780718504339822 -0.038566221650599378 -0.085149277996753425 0.1173089433902658
leaf_weight=1.8998173028230656 7.9160019159317008 19.219549506902698 7.7520473301410657 16.296221539378166 18.600656881928444 42.631999999284744 4.8521409332752228 5.3662422373890868
leaf_count=9 41 87 35 70 92 178 21 28
internal_value=0.000212005 0.00202721 0.0277942 -0.00918793 0.0161419 -0.0266749 -0.0205654 0.0525864
internal_weight=124.535 122.635 37.19 85.4449 34.8969 50.548 12.6042 24.5858
internal_count=561 552 171 381 162 219 56 115
is_linear=0
shrinkage=0.08


Tree=20
num_leaves=9
num_cat=0
split_feature=6 10 21 6 14 16 3 9
split_gain=3.74877 4.85196 5.10204 4.78533 4.26016 4.4932 4.48347 4.02003
threshold=0.0013546847069528503 0.52039247037931913 0.1992973914036551 0.0017234120453404002 -4.9917695318711824e-05 0.049999999999999954 0.0019018776476969002 0.4720591654975223
decision_type=2 2 2 2 2 2 2 2
left_child=4 2 -2 -4 -1 7 -7 -6
right_child=1 -3 3 -5 5 6 -8 -9
leaf_value=0.09818697987971238 0.080338120679287958 0.062043159668390468 -0.034411691160848135 0.0041360328581122761 -0.030245384695103669 0.027409269374982403 -0.085136629401395256 0.057928513169881624
leaf_weight=4.2978385835886028 3.6178247332572928 5.946461781859397 44.891654267907143 38.106266736984253 4.4098953902721432 4.20446575433016 4.9118065536022186 13.258959129452704
leaf_count=22 22 28 195 166 20 21 22 65
internal_value=0.000211483 -0.00786069 -0.0126598 -0.0167135 0.0242497 0.012386 -0.03323 0.0359216
internal_weight=123.645 92.5622 86.6157 82.9979 31.083 26.7851 9.11627 17.6689
internal_count=561 411 383 361 150 128 43 85
is_linear=0
shrinkage=0.08


Tree=21
num_leaves=9
num_cat=0
split_feature=0 11 12 2 11 4 13 0
split_gain=3.69894 4.66246 5.18643 5.38916 4.91941 5.17202 3.97963 2.65297
threshold=13.293996502973828 0.099052316117199016 -0.22513604941882787 0.0077120313487733004 -0.38648269419063602 -0.0041148806949856493 0.084732983265932857 48.451466563550248
decision_type=2 2 2 2 2 2 2 2
left_child=-1 4 6 -4 7 -6 -3 -2
right_child=1 2 3 -5 5 -7 -8 -9
leaf_value=-0.11310601950541353 0.091011640630291601 0.11896607840034504 0.049090305047464124 -0.059022003873349063 -0.082428610681292383 -0.0083421858515973137 0.032988933434381841 0.0039097377999320268
leaf_weight=1.8162529915571202 4.5278374999761564 4.2130394056439426 4.9263140410184842 7.358832910656929 6.5966216623783103 70.287281513214111 18.913443714380264 4.4252629578113556
leaf_count=9 21 23 23 32 29 316 87 21
internal_value=0.000215356 0.00191286 0.0263372 -0.0156692 -0.00816329 -0.0146988 0.0486517 0.0479596
internal_weight=123.065 121.249 35.4116 12.2851 85.837 76.8839 23.1265 8.9531
internal_count=561 552 165 55 387 345 110 42
is_linear=0
shrinkage=0.08


Tree=22
num_leaves=7
num_cat=0
split_feature=7 7 0 5 21 11
split_gain=3.57772 3.52665 6.52155 5.86576 4.1701 4.3927
threshold=-0.38907365738381777 -0.28039873788690456 20.355425233352729 -9.8454473282221278e-05 0.27183406969371843 -0.050866196930377396
decision_type=2 2 2 2 2 2
left_child=-1 2 -2 -4 -3 -6
right_child=1 4 3 -5 5 -7
leaf_value=0.07207841514432306 -0.10303296588402232 0.10676274113529712 0.018692333948735651 -0.023369153752743101 0.047596881196806794 -0.020938176344094894
leaf_weight=4.278387911617755 4.5766420215368262 3.3249080628156689 37.614398129284382 48.683238908648491 11.262185573577886 12.774091891944403
leaf_count=24 22 20 167 216 55 57
internal_value=0.000210623 -0.00238994 -0.00997125 -0.00503589 0.0227898 0.0111739
internal_weight=122.514 118.235 90.8743 86.2976 27.3612 24.0363
internal_count=561 537 405 383 132 112
is_linear=0
shrinkage=0.08


Tree=23
num_leaves=9
num_cat=0
split_feature=9 11 16 11 13 12 8 21
split_gain=3.3162 4.2088 5.70907 9.89679 5.94253 4.01426 4.28794 3.91238
threshold=0.44849617946709525 0.099052316117199016 1.0000000180025095e-35 -0.25425928101471068 0.16605005072681175 -0.22323837921478021 0.00064984309254220013 0.47029840314816629
decision_type=2 2 2 2 2 2 2 2
left_child=-1 2 3 -2 -4 7 -7 -3
right_child=1 5 4 -5 -6 6 -8 -9
leaf_value=-0.056022367583023709 -0.059863242289085045 0.020871730613309391 -0.027463106309149127 0.071737307048599458 0.040948959859105238 0.028807964747486037 -0.071669518821623396 0.090869319075148086
leaf_weight=6.3630263656377783 5.1411501020193127 13.342464841902258 55.193218111991882 12.671398505568503 9.5291614681482297 6.8515260517597181 4.5059457421302795 8.282895162701605
leaf_count=29 23 67 247 59 45 32 20 39
internal_value=0.000203373 0.00330044 -0.00635273 0.0337541 -0.0173907 0.0274561 -0.0110553 0.047682
internal_weight=121.881 115.518 82.5349 17.8125 64.7224 32.9828 11.3575 21.6254
internal_count=561 532 374 82 292 158 52 106
is_linear=0
shrinkage=0.08


Tree=24
num_leaves=7
num_cat=0
split_feature=7 2 2 21 14 8
split_gain=3.22731 3.22887 3.44669 3.52812 3.34079 1.48294
threshold=-0.38907365738381777 0.0054041810075144006 0.0066476299887628506 0.43654025684885428 3.9865927485447146e-05 0.00019255909761895003
decision_type=2 2 2 2 2 2
left_child=-1 5 3 -3 -4 -2
right_child=1 2 4 -5 -6 -7
leaf_value=0.069553195361201942 0.084915719979183846 0.0028102310917285669 0.0092301363577597679 -0.07521340719729229 -0.024353500685623215 0.016020330878850679
leaf_weight=4.1477663591504088 3.5818613171577436 6.5534634888172141 67.705163270235062 8.545927479863165 26.32922787964344 4.5261218398809433
leaf_count=24 22 30 311 36 117 21
internal_value=0.000202029 -0.00225147 -0.00587016 -0.0413495 -0.000173139 0.0464562
internal_weight=121.39 117.242 109.134 15.0994 94.0344 8.10798
internal_count=561 537 494 66 428 43
is_linear=0
shrinkage=0.08


Tree=25
num_leaves=12
num_cat=0
split_feature=21 21 3 7 6 0 4 7 0 12 15
split_gain=3.10017 5.8049 5.72669 5.61032 7.06684 10.2946 3.8431 3.38286 3.26856 4.3623 2.53508
threshold=0.57354886015547268 0.32530511980511734 0.0018132282265659503 -0.34914458821825956 0.0014604946275091502 56.960573580406589 -0.00097204640395014987 -0.36986081726127057 36.061238836004229 -0.65663063627334373 -0.00012924959285264998
decision_type=2 2 2 2 2 2 2 2 2 2 2
left_child=1 8 7 -2 10 -6 -4 -3 -1 -10 -5
right_child=3 2 6 4 5 -7 -8 -9 9 -11 -12
leaf_value=-0.033905836070390299 0.081292084414289145 -0.030259504144227831 -0.042596039848100217 0.099571598507723791 -0.058428050543378129 0.069825064135254522 0.0052378296264614993 -0.12406145005104437 0.11100408635314248 0.019012717719509967 0.017787387854196694
leaf_weight=5.1658324748277691 7.4860918596386901 4.8289189338684082 16.305807419121265 4.9974557012319565 14.593565016984941 5.5207032263278952 31.546489164233208 5.0170657336711866 4.1116703972220447 16.694807045161724 4.7135397270321864
leaf_count=23 39 21 69 25 63 30 135 21 22 87 26
internal_value=0.000195213 -0.00835657 -0.0224941 0.0193726 0.00383085 -0.0232268 -0.0110617 -0.0780567 0.0230505 0.0371916 0.059875
internal_weight=120.982 83.6706 57.6983 37.3114 29.8253 20.1143 47.8523 9.84598 25.9723 20.8065 9.711
internal_count=561 378 246 183 144 93 204 42 132 109 51
is_linear=0
shrinkage=0.08


Tree=26
num_leaves=9
num_cat=0
split_feature=0 11 12 21 12 2 15 13
split_gain=2.82922 3.47951 4.45758 6.30362 3.90447 4.28842 3.84949 3.78201
threshold=13.293996502973828 0.099052316117199016 -0.55832174679832403 0.40258474071047562 -0.22513604941882787 0.0077120313487733004 0.00018291662336725003 0.16605005072681175
decision_type=2 2 2 2 2 2 2 2
left_child=-1 2 3 -2 6 -6 -3 -4
right_child=1 4 7 -5 5 -7 -8 -9
leaf_value=-0.10574553319562048 0.015649039824621656 0.026374064769930455 -0.0023685237913241963 -0.071306383831640313 0.045511116308117251 -0.052887424927165749 0.10977412283829058 0.065530911215685925
leaf_weight=1.591667667031287 8.7120568528771418 17.847793072462085 55.964894540607929 13.766563206911085 4.693638823926447 7.1570510864257812 4.418990656733512 5.7936444282531729
leaf_count=9 41 85 257 59 23 32 25 30
internal_value=0.000203364 0.0016282 -0.00710138 -0.037605 0.0231818 -0.0139152 0.0429254 0.00400121
internal_weight=119.946 118.355 84.2372 22.4786 34.1175 11.8507 22.2668 61.7585
internal_count=561 552 387 100 165 55 110 287
is_linear=0
shrinkage=0.08


Tree=27
num_leaves=12
num_cat=0
split_feature=21 1 15 9 21 3 9 9 21 7 12
split_gain=2.81725 5.0464 7.32822 8.81751 4.60424 4.90238 3.34121 5.59152 3.3182 2.95579 2.41697
threshold=0.57354886015547268 1.1306194535803231 0.00016614395727675003 0.47863908492187135 0.32530511980511734 0.0018132282265659503 0.50966827951604965 0.47064168343126828 0.36360759083953825 -0.36986081726127057 -0.21900247045197122
decision_type=2 2 2 2 2 2 2 2 2 2 2
left_child=4 2 3 -2 6 9 7 -1 -7 -6 -8
right_child=1 -3 -4 -5 5 8 10 -9 -10 -11 -12
leaf_value=0.078233162888227389 0.07219714372233553 0.10148847282177326 -0.088814566336837639 -0.01806737257865482 -0.027721397782847827 -0.054330673033401597 0.094957000164411248 -0.030394338349391117 0.00011692949743891413 -0.11577497901614338 0.014540236808128847
leaf_weight=4.0934360623359707 12.717319995164873 4.1756135597825041 4.3300688713788977 15.209715858101843 4.8334382474422455 8.7844820469617826 5.1446265131235123 11.703465729951857 38.820565454661846 4.9267584830522519 4.4705422520637494
leaf_count=21 63 27 20 73 21 37 34 56 167 21 21
internal_value=0.000197046 0.0187348 0.00802246 0.023037 -0.00796194 -0.0205196 0.0203858 -0.0022458 -0.0099302 -0.0721691 0.0575675
internal_weight=119.21 36.4327 32.2571 27.927 82.7773 57.3652 25.4121 15.7969 47.605 9.7602 9.61517
internal_count=561 183 156 136 378 246 132 77 204 42 55
is_linear=0
shrinkage=0.08


Tree=28
num_leaves=6
num_cat=0
split_feature=9 5 4 14 4
split_gain=2.88017 3.42163 3.82158 3.87736 3.21297
threshold=0.44849617946709525 -0.010140722124080298 -0.0041148806949856493 5.0425432094369507e-05 -0.0053831607577809488
decision_type=2 2 2 2 2
left_child=-1 -2 4 -4 -3
right_child=1 2 3 -5 -6
leaf_value=-0.053020239970900905 0.15499326949824152 -0.00084223186262890215 0.015559303057735998 -0.021187163560380133 -0.087940980889556625
leaf_weight=6.1674492955207816 0.94157026708125968 5.5656013861298561 76.344373315572739 24.203684866428375 5.2840455397963506
leaf_count=29 4 28 366 110 24
internal_value=0.000207782 0.00313001 0.00184641 0.00671378 -0.0432615
internal_weight=118.507 112.339 111.398 100.548 10.8496
internal_count=561 532 528 476 52
is_linear=0
shrinkage=0.08


Tree=29
num_leaves=6
num_cat=0
split_feature=0 5 4 5 13
split_gain=2.61722 3.16996 4.40667 4.23799 2.75569
threshold=13.293996502973828 -0.0093015352769940472 -0.0041148806949856493 -9.8454473282221278e-05 0.11638202119820466
decision_type=2 2 2 2 2
left_child=-1 -2 4 -4 -3
right_child=1 2 3 -5 -6
leaf_value=-0.10408084947224594 0.090591413109158345 -0.086434069570574437 0.024333954738549421 -0.0086474383571019282 -0.0033557833180184356
leaf_weight=1.5206648558378209 2.5041564404964438 5.8410174027085286 41.610747680068009 62.21739702671767 4.5424279421567917
leaf_count=9 12 28 196 295 21
internal_value=0.000194607 0.00155319 -0.000399026 0.00457037 -0.05009
internal_weight=118.236 116.716 114.212 103.828 10.3834
internal_count=561 552 540 491 49
is_linear=0
shrinkage=0.08


Tree=30
num_leaves=7
num_cat=0
split_feature=14 4 1 9 21 12
split_gain=2.72394 4.13255 6.64048 3.3283 3.38373 2.4899
threshold=-0.00012826421328784998 -0.0041148806949856493 -1.4231658546535753 0.52843459588311792 0.57354886015547268 -0.32777383899844675
decision_type=2 2 2 2 2 2
left_child=-1 2 -2 4 -3 -5
right_child=1 3 -4 5 -6 -7
leaf_value=0.10182000198911119 0.024483345859224025 -0.011288343392978604 -0.10188643806288017 0.089668982717654444 0.021081833995049166 0.0097642575658869329
leaf_weight=1.6636826992034901 4.627537339925766 65.235642708837986 6.2633427530527097 4.7227898985147476 30.251331999897957 5.2930642217397672
leaf_count=11 21 295 28 26 155 25
internal_value=0.000178438 -0.00127438 -0.0481919 0.00356883 -0.00103311 0.0474418
internal_weight=118.057 116.394 10.8909 105.503 95.487 10.0159
internal_count=561 550 49 501 450 51
is_linear=0
shrinkage=0.08


Tree=31
num_leaves=8
num_cat=0
split_feature=11 11 6 7 11 8 0
split_gain=2.44656 5.88199 4.6543 4.06249 4.76828 3.06825 2.44699
threshold=-0.38648269419063602 -0.25791465701281624 0.0013546847069528503 -0.36576903300113539 -0.23685970946793727 -0.0010345266624257499 47.407884802226043
decision_type=2 2 2 2 2 2 2
left_child=5 2 -2 -3 -5 -1 -4
right_child=1 3 6 4 -6 -7 -8
leaf_value=0.097992594264551924 0.014141619367249558 0.061992586531269121 -0.11523511748023628 0.092306948637021921 -0.0036919226968877205 0.00018162882992108447 -0.042972427975469463
leaf_weight=3.5719556510448456 5.9216936230659512 7.4349500089883795 5.0101502239704114 3.4543092697858802 80.030721198767424 4.8253852725028974 7.4714092016220093
leaf_count=18 28 37 21 16 385 24 32
internal_value=0.000174442 -0.00302192 -0.0442676 0.00532668 0.000280164 0.0417872 -0.071979
internal_weight=117.721 109.323 18.4033 90.92 83.485 8.39734 12.4816
internal_count=561 519 81 438 401 42 53
is_linear=0
shrinkage=0.08


Tree=32
num_leaves=6
num_cat=0
split_feature=14 4 1 10 15
split_gain=2.47048 3.49528 5.76885 2.97266 3.49037
threshold=-0.00012826421328784998 -0.0041148806949856493 -1.4231658546535753 0.52039247037931913 -0.00040342357559234996
decision_type=2 2 2 2 2
left_child=-1 2 -2 4 -3
right_child=1 3 -4 -5 -6
leaf_value=0.099881044630340657 0.023439570541970912 -0.043378477510214494 -0.094406854593941492 0.060310955274745066 0.0052810665408626681
leaf_weight=1.5689494162797917 4.621969610452652 10.555699303746222 6.2580567151308042 5.5427076071500769 88.815109625458717
leaf_count=11 21 48 28 28 425
internal_value=0.000167653 -0.00118342 -0.0443442 0.00329256 0.000112189
internal_weight=117.362 115.794 10.88 104.914 99.3708
internal_count=561 550 49 501 473
is_linear=0
shrinkage=0.08


Tree=33
num_leaves=9
num_cat=0
split_feature=9 11 16 11 13 12 13 8
split_gain=2.40077 3.10741 4.5319 8.31369 4.67149 3.17962 3.77581 3.40125
threshold=0.44849617946709525 0.099052316117199016 1.0000000180025095e-35 -0.14674145273182856 0.16605005072681175 -0.22323837921478021 0.084732983265932857 0.00064984309254220013
decision_type=2 2 2 2 2 2 2 2
left_child=-1 2 3 -2 -4 6 -3 -7
right_child=1 5 4 -5 -6 7 -8 -9
leaf_value=-0.048747395824775344 -0.0091642225205105735 0.11514950175838536 -0.024479274104851425 0.10850694331012922 0.037860191532982611 0.025861695191086529 0.026438113634035691 -0.065742060535654817
leaf_weight=6.0896601825952521 11.273320935666563 3.7616778984665933 53.562333293259144 5.8298677355051032 8.983572028577326 6.4605465903878194 16.715664155781269 4.334630623459816
leaf_count=29 54 23 247 28 45 32 83 20
internal_value=0.000158674 0.00284365 -0.00554655 0.0309457 -0.0155254 0.0242129 0.0427344 -0.0109203
internal_weight=117.011 110.922 79.6491 17.1032 62.5459 31.2725 20.4773 10.7952
internal_count=561 532 374 82 292 158 106 52
is_linear=0
shrinkage=0.08


Tree=34
num_leaves=7
num_cat=0
split_feature=4 5 12 11 20 2
split_gain=2.35656 3.18888 4.74541 4.02988 3.51914 3.42721
threshold=0.004984661089264401 0.0051821074429846507 0.16520664262096682 0.10281907685884197 0.028333333333333304 0.006574117091272951
decision_type=2 2 2 2 2 2
left_child=1 2 3 -1 -3 -4
right_child=-2 4 5 -5 -6 -7
leaf_value=-0.021611989845950221 -0.046838010638883036 0.10904227287336941 -0.013215800207378897 0.015200785542903781 0.0021671693321776609 0.060931673590171168
leaf_weight=54.95266842097044 6.4494094401597968 3.6810880787670603 5.9642252251505878 29.114812061190605 4.2464281544089317 12.050212673842905
leaf_count=249 30 21 30 146 24 61
internal_value=0.000162019 0.00291744 -0.000878225 -0.00886274 0.0517939 0.0363829
internal_weight=116.459 110.009 102.082 84.0675 7.92752 18.0144
internal_count=561 531 486 395 45 91
is_linear=0
shrinkage=0.08


Tree=35
num_leaves=7
num_cat=0
split_feature=7 2 2 9 14 21
split_gain=2.21736 2.72211 2.92972 4.9976 2.63905 1.49506
threshold=-0.38907365738381777 0.0054041810075144006 0.0067714509580955014 0.50138871281948083 3.9865927485447146e-05 0.4930115050274701
decision_type=2 2 2 2 2 2
left_child=-1 5 3 -3 -4 -2
right_child=1 2 4 -5 -6 -7
leaf_value=0.061409087836220538 0.0061505067308508937 -0.060006167101682044 0.0098163812827191648 0.035047900477520544 -0.020956001790045264 0.076655931352806753
leaf_weight=3.6635091230273238 3.5906539112329474 13.213925041258337 61.482387069612741 4.8353560492396346 25.125219821929932 4.1489324793219566
leaf_count=24 17 57 297 24 116 26
internal_value=0.000160778 -0.00183558 -0.00522123 -0.0345414 0.000889188 0.0439461
internal_weight=116.06 112.396 104.657 18.0493 86.6076 7.73959
internal_count=561 537 494 81 413 43
is_linear=0
shrinkage=0.08


Tree=36
num_leaves=9
num_cat=0
split_feature=21 21 1 15 7 2 11 7
split_gain=2.12363 2.7732 4.38856 6.34833 3.37392 4.40181 4.24287 1.00873
threshold=0.1992973914036551 0.57354886015547268 1.1306194535803231 0.00014002470562175001 -0.28152189678701794 0.013101763737398502 0.008727200724478152 -0.29536532682705191
decision_type=2 2 2 2 2 2 2 2
left_child=7 4 3 -3 5 -2 -6 -1
right_child=1 2 -4 -5 6 -7 -8 -9
leaf_value=0.078299711127580787 -0.010879835746457961 0.023664493112146068 0.098358577125254337 -0.069175776152099439 0.064993722093753648 -0.072899096630781965 -0.016775699799173434 0.010755385832335601
leaf_weight=3.1254558898508549 50.014189526438713 25.495614051818851 3.7249894589185706 5.7829320207238188 7.5755544453859356 8.580745190382002 8.7544984370470029 2.5858196392655364
leaf_count=22 221 128 27 28 34 39 42 20
internal_value=0.000156056 -0.00231503 0.0162751 0.00649973 -0.011 -0.019962 0.0211573 0.0477185
internal_weight=115.64 109.929 35.0035 31.2785 74.925 58.5949 16.3301 5.71128
internal_count=561 519 183 156 336 260 76 42
is_linear=0
shrinkage=0.08


Tree=37
num_leaves=7
num_cat=0
split_feature=7 2 2 9 14 21
split_gain=1.97363 2.27737 2.4548 4.05374 2.1978 1.86386
threshold=-0.38907365738381777 0.0054041810075144006 0.0067714509580955014 0.50138871281948083 3.9865927485447146e-05 0.48889231984788933
decision_type=2 2 2 2 2 2
left_child=-1 5 3 -3 -4 -2
right_child=1 2 4 -5 -6 -7
leaf_value=0.059031511894175666 -0.003991941406849539 -0.054500568594915685 0.0090039008582094102 0.031758860212501454 -0.019151870079316527 0.076121871328513363
leaf_weight=3.5325328111648551 3.3273777961730948 13.195291467010977 61.097396068274975 4.7390129193663588 25.004891373217106 4.21031504124403
leaf_count=24 16 57 297 24 116 27
internal_value=0.000159194 -0.00170475 -0.00478121 -0.0317071 0.000827208 0.0407571
internal_weight=115.107 111.574 104.037 17.9343 86.1023 7.53769
internal_count=561 537 494 81 413 43
is_linear=0
shrinkage=0.08


Tree=38
num_leaves=12
num_cat=0
split_feature=21 21 7 3 6 4 9 0 12 6 2
split_gain=1.99091 3.57327 4.741 4.53635 4.0419 3.87605 3.45622 3.17641 4.39417 3.14706 2.848
threshold=0.32530511980511734 0.56429379948384695 -0.34688352234908149 0.0018433160568740502 0.0014604946275091502 -0.00034505269717659997 0.49313408507538281 31.84501162237969 -0.65663063627334373 0.0015855530044129502 0.0069423178423931005
decision_type=2 2 2 2 2 2 2 2 2 2 2
left_child=7 2 6 10 -5 -4 -2 -1 -9 -10 -3
right_child=1 3 5 4 -6 -7 -8 8 9 -11 -12
leaf_value=-0.055128638020821165 -0.10789486683982695 0.0074956266128092842 -0.035443291709927487 0.040286027860705113 -0.024986100826946769 0.013852006288335996 -0.018220779665811478 0.1089186889917521 -0.015077623689160585 0.053757763259508873 0.09506473427751487
leaf_weight=3.1023851633071926 5.7915252745151502 3.9584157615900022 17.324138343334198 9.1284155324101466 18.132155053317547 24.853723511099815 5.2390537261962891 3.8451919257640865 9.9259390681982058 7.4344745129346839 5.9494456425309181
leaf_count=15 25 21 75 52 89 111 23 23 52 42 33
internal_value=0.000153875 -0.00531261 -0.0186077 0.0137199 -0.00312922 -0.00639555 -0.0653035 0.0204782 0.0315395 0.0144006 0.0600789
internal_weight=114.685 90.3769 53.2084 37.1684 27.2606 42.1779 11.0306 24.308 21.2056 17.3604 9.90786
internal_count=561 429 234 195 141 186 48 132 117 94 54
is_linear=0
shrinkage=0.08


Tree=39
num_leaves=6
num_cat=0
split_feature=2 2 11 0 12
split_gain=1.8439 3.93058 3.37729 8.94359 3.87854
threshold=0.016595782829781951 0.015067021488239003 0.093359082745212416 31.112908565698088 -0.25305290553883192
decision_type=2 2 2 2 2
left_child=1 2 3 -1 -4
right_child=-2 -3 4 -5 -6
leaf_value=-0.10993708716075046 -0.040195394880941822 0.056438600067960129 0.042553029876404608 -0.003090618419454288 -0.015163414698798894
leaf_weight=5.4532212167978278 6.8128292337059966 8.0632321983575803 19.127286642789844 62.229104235768318 12.207322247326372
leaf_count=24 36 39 101 300 61
internal_value=0.000159929 0.00272748 -0.00164637 -0.0116993 0.0200679
internal_weight=113.893 107.08 99.0169 67.6823 31.3346
internal_count=561 525 486 324 162
is_linear=0
shrinkage=0.08


Tree=40
num_leaves=8
num_cat=0
split_feature=12 15 5 4 2 1 14
split_gain=1.86102 5.58669 7.67133 7.98269 3.0619 6.24669 3.24912
threshold=-0.53221572884447943 0.00015613137192070002 0.0011961943351938501 -0.00093309209528359986 0.016595782829781951 -1.9428149951471594 8.7189836829865421e-05
decision_type=2 2 2 2 2 2 2
left_child=1 2 3 -1 5 -2 -7
right_child=4 -3 -4 -5 -6 6 -8
leaf_value=-0.047218153325656473 0.175741455255919 0.061500011822000017 -0.11092996610863418 0.059696086321145946 -0.053519801462982526 0.011382764989729826 -0.05650086481010537
leaf_weight=11.982915848493581 1.4324669390916813 4.8675824031233779 6.015398994088172 7.1282397210598019 5.1405800506472579 72.065126042813063 4.8139079213142386
leaf_count=57 6 26 27 34 28 361 22
internal_value=0.000147353 -0.0169438 -0.0321401 -0.00734038 0.00629021 0.0102163 0.00713212
internal_weight=113.446 29.9941 25.1266 19.1112 83.4521 78.3115 76.879
internal_count=561 144 118 91 417 389 383
is_linear=0
shrinkage=0.08


Tree=41
num_leaves=6
num_cat=0
split_feature=9 15 15 5 5
split_gain=1.83914 2.3227 3.00752 3.59907 3.25257
threshold=0.44849617946709525 -0.0007206714167566499 -0.00040342357559234996 -0.0028175875271240999 -0.0061106231691062992
decision_type=2 2 2 2 2
left_child=-1 -2 4 -4 -3
right_child=1 2 3 -5 -6
leaf_value=-0.043333734003007898 0.071169565165720233 -0.078048933740062373 0.042227157352006869 -0.0012501880204711332 0.0016927643581772947
leaf_weight=5.9037659913301459 3.0650308802723876 6.0956015512347221 14.499094367027281 76.365807872265577 7.0714357793331128
leaf_count=29 15 28 76 381 32
internal_value=0.00013543 0.00253169 0.000509449 0.00568739 -0.0352232
internal_weight=113.001 107.097 104.032 90.8649 13.167
internal_count=561 532 517 457 60
is_linear=0
shrinkage=0.08


Tree=42
num_leaves=8
num_cat=0
split_feature=21 3 21 7 6 13 7
split_gain=1.78829 3.50583 2.26497 3.69299 4.63394 3.36732 3.54665
threshold=0.23975559806268273 0.0019149726773235 0.57354886015547268 -0.34914458821825956 0.0014604946275091502 0.048570057697544106 -0.34914458821825956
decision_type=2 2 2 2 2 2 2
left_child=1 -1 5 -4 -5 -2 -7
right_child=2 -3 3 4 -6 6 -8
leaf_value=0.10096096086244223 -0.061604826494827243 -0.0036807843096675614 0.068941156658200622 0.050040606508913683 -0.020724897475475471 -0.04547889266163218 0.0040143529144731791
leaf_weight=3.236248064786194 7.5205125063657752 5.5859282836318016 6.3911053016781798 8.6229435652494448 18.909058079123497 11.314339429140089 51.191768534481525
leaf_count=23 34 37 39 51 93 50 234
internal_value=0.000124425 0.0347051 -0.00281042 0.0141561 0.00143865 -0.0110295 -0.00494451
internal_weight=112.772 8.82218 103.95 33.9231 27.532 70.0266 62.5061
internal_count=561 60 501 183 144 318 284
is_linear=0
shrinkage=0.08


Tree=43
num_leaves=9
num_cat=0
split_feature=7 0 1 11 7 11 13 21
split_gain=1.76868 4.27361 4.2573 3.61502 3.28111 4.60678 1.93496 0.761633
threshold=-0.28039873788690456 20.355425233352729 -1.9428149951471594 0.093359082745212416 -0.24175132660434048 -0.050866196930377396 0.089682051125646214 0.54321233373694511
decision_type=2 2 2 2 2 2 2 2
left_child=1 -1 -3 -4 5 7 -7 -2
right_child=4 2 3 -5 -6 6 -8 -9
leaf_value=-0.088565817486411444 0.10691817200877526 0.12671149573118273 -0.014647711873062574 0.022412439699819514 -0.033111658526138538 -0.036605615330590965 0.03148991571728444 0.05708399435168654
leaf_weight=3.7655582278966895 3.9486254900693956 1.6267168968915928 58.53670709580183 23.651367947459221 5.8647915869951239 4.7478413283824903 6.1042271926999092 3.9027531668543816
leaf_count=22 20 7 280 120 30 25 32 25
internal_value=0.000129075 -0.00519203 -0.00144629 -0.00398286 0.0190976 0.0354688 0.00169774 0.0821467
internal_weight=112.149 87.5804 83.8148 82.1881 24.5682 18.7034 10.8521 7.85138
internal_count=561 429 407 400 132 102 57 45
is_linear=0
shrinkage=0.08


Tree=44
num_leaves=11
num_cat=0
split_feature=12 15 5 4 4 0 11 4 7 2
split_gain=1.73185 4.8135 6.34051 6.99636 2.79722 5.38029 5.03433 3.09932 5.80584 3.28022
threshold=-0.53221572884447943 0.00015613137192070002 0.0011961943351938501 -0.00093309209528359986 -0.0019671760004278493 35.051504902621325 -0.25791465701281624 -0.0036630668924994996 -0.32323397716731322 0.009321307234860552
decision_type=2 2 2 2 2 2 2 2 2 2
left_child=1 2 3 -1 7 -6 -7 8 -2 -9
right_child=4 -3 -4 -5 5 6 -8 9 -10 -11
leaf_value=-0.045552420314785146 -0.058167055900417222 0.05728947676521022 -0.10292655304672776 0.055481147332957018 -0.086041601350803881 -0.035229779287059428 0.018671914022085189 0.099518750922237539 0.063459481687600613 0.013247782720219259
leaf_weight=11.786425583064561 5.3746594488620758 4.7422538436949244 5.9163683354854575 6.9867868870496777 4.5814077481627455 15.192822299897669 41.061251901090145 6.0985412672162038 4.7156622409820574 5.2479440867900848
leaf_count=57 25 26 27 34 22 73 211 33 27 26
internal_value=0.000123483 -0.0165309 -0.03071 -0.00795097 0.00608138 -0.00267507 0.00411441 0.0309313 -0.00132549 0.0596169
internal_weight=111.704 29.4318 24.6896 18.7732 82.2723 60.8355 56.2541 21.4368 10.0903 11.3465
internal_count=561 144 118 91 417 306 284 111 52 59
is_linear=0
shrinkage=0.08


Tree=45
num_leaves=9
num_cat=0
split_feature=11 11 5 11 6 7 7 0
split_gain=1.79246 3.8601 3.72197 3.1289 2.89676 2.77391 1.98084 1.78575
threshold=-0.38648269419063602 -0.25791465701281624 -0.0021510174513350495 -0.20114095716055397 0.0013546847069528503 -0.36576903300113539 -0.3265698723406027 47.407884802226043
decision_type=2 2 2 2 2 2 2 2
left_child=2 4 -1 6 -2 -5 -3 -6
right_child=1 3 -4 5 7 -7 -8 -9
leaf_value=0.11205866166362449 0.010560965613250244 -0.0026515062268402472 -0.0032303056345720344 0.053912464464793537 -0.098084134478585355 -0.0053269422316881941 0.074194600859997295 -0.034570817881502153
leaf_weight=2.7468975633382797 5.6093941703438785 3.2809426113963127 5.1562797203660002 5.4491082876920691 4.619455546140669 70.632087416946888 6.2101911380887014 7.3266651183366776
leaf_count=16 28 17 26 29 21 358 34 32
internal_value=0.000122478 -0.0026914 0.0368405 0.00431898 -0.0368627 -0.00108408 0.0476301 -0.0591308
internal_weight=111.031 103.128 7.90318 85.5723 17.5555 76.0812 9.49113 11.9461
internal_count=561 519 42 438 81 387 51 53
is_linear=0
shrinkage=0.08


Tree=46
num_leaves=9
num_cat=0
split_feature=9 6 16 6 6 6 2 0
split_gain=1.69554 2.18132 4.18048 5.69051 3.47594 3.2532 2.64588 1.70682
threshold=0.44849617946709525 0.0017234120453404002 1.0000000180025095e-35 0.0014510909724952503 0.0013984880995403001 0.0018139702560278001 0.010652684695125252 50.806661416696478
decision_type=2 2 2 2 2 2 2 2
left_child=-1 2 4 -4 -2 7 -7 -3
right_child=1 5 3 -5 -6 6 -8 -9
leaf_value=-0.042104124487853528 -0.026598223711702701 0.025271247316684155 0.0074308141440890063 -0.044833950785648363 0.061609579920387764 -0.019712271075910198 0.029018582221888158 0.094345117720273208
leaf_weight=5.7690079584717742 4.1632070094346991 4.6436774954199773 29.590966682881117 24.265752367675304 9.1279199570417386 14.33544557541609 14.188793323934076 4.516100212931633
leaf_count=29 23 22 158 119 47 67 73 23
internal_value=0.000119961 0.0024436 -0.00620141 -0.0161177 0.0339801 0.0178478 0.00452789 0.0593272
internal_weight=110.601 104.832 67.1478 53.8567 13.2911 37.684 28.5242 9.15978
internal_count=561 532 347 277 70 185 140 45
is_linear=0
shrinkage=0.08


Tree=47
num_leaves=9
num_cat=0
split_feature=11 5 11 4 9 14 20 0
split_gain=1.56706 3.3342 3.19275 2.97824 5.82351 2.8979 2.71975 1.54147
threshold=-0.38648269419063602 -0.0021510174513350495 -0.25791465701281624 5.7817539745572847e-05 0.47640620176904069 -9.2017169366431927e-05 0.008333333333333302 49.407550122538986
decision_type=2 2 2 2 2 2 2 2
left_child=1 -1 6 5 -5 -4 -2 -8
right_child=2 -3 3 4 -6 -7 7 -9
leaf_value=0.10868067432560655 0.0041818780991741064 -0.0024403875785512044 0.038097981944800553 -0.025846146181213423 0.040186927451246135 -0.018771777091641767 -0.095340313013879352 -0.032870856001873276
leaf_weight=2.5987376347184181 7.1598455160856274 5.1585054025053969 6.7471431940793982 12.373839788138865 27.641948003321886 38.211146116256714 4.4724537655711156 5.8147701844573021
leaf_count=16 33 26 41 59 147 191 21 27
internal_value=0.0001183 0.034786 -0.00250739 0.00389284 0.0197679 -0.010237 -0.033679 -0.06003
internal_weight=110.178 7.75724 102.421 84.9741 40.0158 44.9583 17.4471 10.2872
internal_count=561 42 519 438 206 232 81 48
is_linear=0
shrinkage=0.08


Tree=48
num_leaves=7
num_cat=0
split_feature=4 5 12 1 20 2
split_gain=1.54079 2.45348 3.29219 3.21792 3.05553 2.80934
threshold=0.004984661089264401 0.0051821074429846507 0.16520664262096682 0.62548767413579764 0.028333333333333304 0.006574117091272951
decision_type=2 2 2 2 2 2
left_child=1 2 3 -1 -3 -4
right_child=-2 4 5 -5 -6 -7
leaf_value=-0.00091871476591194753 -0.038677791061203837 0.10369428467557486 -0.014850335089970206 -0.045676520822499039 -0.00014427071144225526 0.054594564535263283
leaf_weight=67.42640370503068 6.1828356385231009 3.3277900852262965 5.6097135916352299 12.130073189735411 3.9859805405139923 11.115895621478556
leaf_count=338 30 21 30 57 24 61
internal_value=0.00011765 0.00243305 -0.000960135 -0.00774299 0.0471026 0.031303
internal_weight=109.779 103.596 96.2821 79.5565 7.31377 16.7256
internal_count=561 531 486 395 45 91
is_linear=0
shrinkage=0.08


Tree=49
num_leaves=7
num_cat=0
split_feature=7 7 0 1 7 11
split_gain=1.50034 1.77604 3.29191 3.64373 2.74601 3.37757
threshold=-0.38907365738381777 -0.27932083494347359 20.355425233352729 -1.9428149951471594 -0.24175132660434048 0.008727200724478152
decision_type=2 2 2 2 2 2
left_child=-1 2 -2 -4 5 -3
right_child=1 4 3 -5 -6 -7
leaf_value=0.054164685829802224 -0.083075138671421592 0.071041182888575374 0.11535373195913458 -0.0061038514549259281 -0.029724626721737778 0.00056251176152737113
leaf_weight=3.1915070861577979 3.4852262735366812 8.2513982281088882 1.6135153621435154 77.961070260033011 5.7853130474686614 9.2082657255232316
leaf_count=24 22 48 7 379 30 51
internal_value=0.00011869 -0.00150389 -0.00697417 -0.00364108 0.0180427 0.0338706
internal_weight=109.496 106.305 83.0598 79.5746 23.245 17.4597
internal_count=561 537 408 386 129 99
is_linear=0
shrinkage=0.08


end of trees

feature_importances:
Column_21=52
Column_7=35
Column_2=34
Column_0=32
Column_11=31
Column_6=26
Column_12=25
Column_9=21
Column_4=20
Column_13=19
Column_14=18
Column_5=17
Column_1=15
Column_3=14
Column_15=12
Column_8=11
Column_16=8
Column_10=3
Column_20=3

parameters:
[boosting: gbdt]
[objective: binary]
[metric: binary_logloss]
[tree_learner: serial]
[device_type: cpu]
[data_sample_strategy: bagging]
[data: ]
[valid: ]
[num_iterations: 50]
[learning_rate: 0.08]
[num_leaves: 15]
[num_threads: 1]
[seed: 42]
[deterministic: 0]
[force_col_wise: 0]
[force_row_wise: 0]
[histogram_pool_size: -1]
[max_depth: 4]
[min_data_in_leaf: 20]
[min_sum_hessian_in_leaf: 0.001]
[bagging_fraction: 0.8]
[pos_bagging_fraction: 1]
[neg_bagging_fraction: 1]
[bagging_freq: 0]
[bagging_seed: 400]
[bagging_by_query: 0]
[feature_fraction: 1]
[feature_fraction_bynode: 1]
[feature_fraction_seed: 30056]
[extra_trees: 0]
[extra_seed: 12879]
[early_stopping_round: 0]
[early_stopping_min_delta: 0]
[first_metric_only: 0]
[max_delta_step: 0]
[lambda_l1: 0]
[lambda_l2: 0]
[linear_lambda: 0]
[min_gain_to_split: 0]
[drop_rate: 0.1]
[max_drop: 50]
[skip_drop: 0.5]
[xgboost_dart_mode: 0]
[uniform_drop: 0]
[drop_seed: 17869]
[top_rate: 0.2]
[other_rate: 0.1]
[min_data_per_group: 100]
[max_cat_threshold: 32]
[cat_l2: 10]
[cat_smooth: 10]
[max_cat_to_onehot: 4]
[top_k: 20]
[monotone_constraints: ]
[monotone_constraints_method: basic]
[monotone_penalty: 0]
[feature_contri: ]
[forcedsplits_filename: ]
[refit_decay_rate: 0.9]
[cegb_tradeoff: 1]
[cegb_penalty_split: 0]
[cegb_penalty_feature_lazy: ]
[cegb_penalty_feature_coupled: ]
[path_smooth: 0]
[interaction_constraints: ]
[verbosity: -1]
[saved_feature_importance_type: 0]
[use_quantized_grad: 0]
[num_grad_quant_bins: 4]
[quant_train_renew_leaf: 0]
[stochastic_rounding: 1]
[linear_tree: 0]
[max_bin: 255]
[max_bin_by_feature: ]
[min_data_in_bin: 3]
[bin_construct_sample_cnt: 200000]
[data_random_seed: 175]
[is_enable_sparse: 1]
[enable_bundle: 1]
[use_missing: 1]
[zero_as_missing: 0]
[feature_pre_filter: 1]
[pre_partition: 0]
[two_round: 0]
[header: 0]
[label_column: ]
[weight_column: ]
[group_column: ]
[ignore_column: ]
[categorical_feature: ]
[forcedbins_filename: ]
[precise_float_parser: 0]
[parser_config_file: ]
[objective_seed: 16083]
[num_class: 1]
[is_unbalance: 0]
[scale_pos_weight: 1]
[sigmoid: 1]
[boost_from_average: 1]
[reg_sqrt: 0]
[alpha: 0.9]
[fair_c: 1]
[poisson_max_delta_step: 0.7]
[tweedie_variance_power: 1.5]
[lambdarank_truncation_level: 30]
[lambdarank_norm: 1]
[label_gain: ]
[lambdarank_position_bias_regularization: 0]
[eval_at: ]
[multi_error_top_k: 1]
[auc_mu_weights: ]
[num_machines: 1]
[local_listen_port: 12400]
[time_out: 120]
[machine_list_filename: ]
[machines: ]
[gpu_platform_id: -1]
[gpu_device_id: -1]
[gpu_use_dp: 0]
[num_gpu: 1]

end of parameters

pandas_categorical:null
