tree
version=v4
num_class=1
num_tree_per_iteration=1
label_index=0
max_feature_idx=47
objective=binary sigmoid:1
feature_names=Column_0 Column_1 Column_2 Column_3 Column_4 Column_5 Column_6 Column_7 Column_8 Column_9 Column_10 Column_11 Column_12 Column_13 Column_14 Column_15 Column_16 Column_17 Column_18 Column_19 Column_20 Column_21 Column_22 Column_23 Column_24 Column_25 Column_26 Column_27 Column_28 Column_29 Column_30 Column_31 Column_32 Column_33 Column_34 Column_35 Column_36 Column_37 Column_38 Column_39 Column_40 Column_41 Column_42 Column_43 Column_44 Column_45 Column_46 Column_47
feature_infos=[5.6737588646224708:99.999999989002362] [-3.0400660780380804:3.7004281012191313] [-0.2818476243149981:1.2883397364448514] [0.0026161797883520999:0.026827072228932401] [0:1] [0:1] [-0.0055680203298926999:0.0056672056265582001] [-0.011878548225646299:0.016078114724646] [0.0014121143841487702:0.0025260739339626132] [-1:1] [-0.0047379755922462999:0.0058886224353840999] [-0.0081897331232066006:0.0083695018462124002] [-0.0142971866401592:0.014843800115464] [0:1] [0:1] [-4.8197245048698303:4.9720061366528467] [-0.0113681605679029:0.0116743965641736] [0:0.41666666666597219] [0.20000000000000001:1] none [-4.7872379020174485:4.5506801086751452] [0:11.45882336525621] [-2.7103989611695405:2.6627989916713131] [-2.6916189930414216:2.6866099120119884] [-2.3772280120103289:2.4981193375633812] [-18.28537117555922:15.706436860605628] none [-0.79787298366957471:0.75844668477919086] [-0.90346632038984687:0.88759966389043765] [-0.8972063310138072:0.89553663733732947] [-0.21219041213233958:3.8766646128443969] [-4.7872379020174467:4.5506801086751434] [-0.00068599208766425928:0.00080113286935056633] [0:1] [0.040770360169408715:83.970283689999363] [0.10000000000000001:0.90000000000000002] [-0.57953532176458422:0.31532530410647525] [-0.41793663724502983:0.42247716281581899] [-0.86494076305640011:0.76071548271051803] [-0.96602710270100423:0.60164795655208425] [-0.97068132648680239:0.85570110228464413] [-0.77085792465131431:0.44194722622357963] [-0.38008823636247363:0.55492627392332394] [-0.61866683620538698:0.48922471897213254] [-0.40242531493329647:0.84627717658847057] [-0.58267866236296273:0.63922706976073551] [-0.40045119806705115:0.39240488212721991] [-0.85562187897822617:0.98785692364250821]
tree_sizes=2489 2475 2378 2808 2500 2614 2293 2296 2507 2277 2477 2614 2184 2391 2294 2193 2713 2186 2387 2711 2610 2069 1869

Tree=0
num_leaves=22
num_cat=0
split_feature=46 3 39 1 45 33 4 23 35 20 2 1 23 38 17 35 43 34 11 30 3
split_gain=37.0918 32.3415 23.3662 15.1867 14.201 14.0268 24.9851 12.682 12.516 16.001 14.0917 11.2053 9.20176 9.05456 8.91023 8.77092 8.10041 7.78099 7.95481 5.15061 1.42807
threshold=0.19615817904644667 0.012736920112688302 -0.13785222908149128 1.2526265298947694 -0.24269509750344662 0.3135287399490258 1.0000000180025095e-35 0.21116155881097301 0.64348009593612587 -0.71303646096036555 0.22286167910143403 -1.8983151624738637 -1.2816627154991462 0.13764927628697418 0.14166666666643057 0.53065111979530333 0.24005013560696745 0.040949788512682751 -0.00027175059573149996 0.32139072658104667 0.014161945976611251
decision_type=2 2 2 2 2 2 2 2 2 2 2 2 2 2 2 2 2 2 2 2 2
left_child=5 2 3 15 7 6 8 -3 10 -10 -1 12 -7 16 -5 -2 -13 18 -8 -19 -9
right_child=1 4 -4 14 -6 11 17 20 9 -11 -12 13 -14 -15 -16 -17 -18 19 -20 -21 -22
leaf_value=-0.0089565509981050367 -0.0070158597667103455 -0.014807615821603524 -0.043071582759597861 -0.0095025322084169774 0.00373096378535762 0.038663750641570863 0.034468418584149618 -0.038982471405336894 0.0066770088546610502 -0.023332014668474524 0.017846320184833744 0.0082541140064211743 -0.00035897033276530773 -0.026755330645122304 -0.042650927547311999 0.0057976697792723525 -0.0036797725976541284 0.052230234017463045 0.0073778808502354019 0.023629087050171731 -0.057283744385990348
leaf_weight=23.299952507019043 74.37278887629509 14.551737844943998 12.881744056940077 23.553494691848755 8.7412278950214368 11.890554189682009 15.87037470936775 10.346322208642961 37.190897107124329 27.65209025144577 69.459691196680069 73.607194125652313 9.5018544495105726 11.825654715299605 10.860393345355986 134.8167496919632 167.14438754320145 13.334952861070635 26.702820986509323 11.93247479200363 15.712628692388533
leaf_count=93 297 58 51 94 35 48 64 41 149 110 279 295 38 47 43 540 668 54 107 48 62
internal_value=1.91712e-08 -0.00822538 -0.00391799 -0.00180385 -0.0304406 0.00503816 0.0105789 -0.0378929 0.00398341 -0.00607532 0.0110618 0.000459108 0.0212403 -0.00129475 -0.0202335 0.00121884 -9.56829e-06 0.0257923 0.0176675 0.0391196 -0.0504539
internal_weight=805.25 305.837 256.485 243.603 49.3519 499.413 225.443 40.6107 157.603 64.843 92.7596 273.97 21.3924 252.577 34.4139 209.19 240.752 67.8406 42.5732 25.2674 26.059
internal_count=3221 1221 1025 974 196 2000 904 161 631 259 372 1096 86 1010 137 837 963 273 171 102 103
is_linear=0
shrinkage=1


Tree=1
num_leaves=22
num_cat=0
split_feature=46 3 39 18 7 3 43 43 29 7 24 22 18 0 44 7 43 40 35 44 3
split_gain=34.938 30.4663 22.0104 18.5424 33.7036 20.8183 17.3793 13.4028 11.3334 11.0473 10.9992 12.9174 11.095 10.1172 10.0282 9.86142 9.70527 9.13501 9.05825 6.91318 0.626448
threshold=0.19615817904644667 0.012736920112688302 -0.13785222908149128 0.75000000000000011 0.0050934538134370507 0.0049004770801555015 -0.071592281987797643 -0.34157175635805315 -0.28087315865461743 0.0050267482860443012 -1.0779999718627347 -0.34192283565359732 0.25000000000000006 58.793912563977067 0.063960683822903777 0.005769406047205901 0.38895921031468045 -0.013927188082684783 0.51757826627723535 -0.064757190179262111 0.014161945976611251
decision_type=2 2 2 2 2 2 2 2 2 2 2 2 2 2 2 2 2 2 2 2 2
left_child=3 2 9 6 5 -5 13 8 -3 18 11 -8 -12 17 15 -6 -7 -1 -2 -11 -10
right_child=1 7 -4 4 14 16 10 -9 20 19 12 -13 -14 -15 -16 -17 -18 -19 -20 -21 -22
leaf_value=-0.00048863537078283907 -0.0078706714161891813 -0.011900390202142841 -0.041813687382248596 -0.022049960980069949 -0.0020032593602981709 0.019496152858566602 -0.036104662041794154 0 -0.039785772346626065 -0.0056989576536401031 -0.0058146575101896769 0.0098673007337793783 0.008459792668754653 0.0094862234635410426 0.011837827731470959 -0.042598243116732923 0.042571517297076492 -0.035283115493885901 0.0052624465584976653 -0.033654242548389279 -0.054000642833690535
leaf_weight=10.001626044511793 71.384384155273438 11.283120840787886 12.875772029161451 9.5503525435924512 9.7546921670436912 99.280184492468834 12.860149979591371 10.99962757527828 11.356601417064669 19.276762083172798 63.332406774163246 9.2269038707017881 210.81467518210411 9.7264407873153669 8.9736641049385053 12.627585917711256 20.291755855083466 22.9380744099617 138.8224833458662 14.112280696630476 15.694927111268042
leaf_count=40 285 45 51 38 39 399 51 44 45 77 253 37 845 39 36 50 82 91 556 56 62
internal_value=0 -0.00798426 -0.00380343 0.00488902 0.0132866 0.0200727 0.000895139 -0.0295506 -0.0378981 -0.00175136 0.00348833 -0.0167604 0.00514438 -0.0169536 -0.0144779 -0.0252369 0.0234981 -0.0249044 0.000778732 -0.0177464 -0.0484508
internal_weight=805.184 305.806 256.472 499.379 160.478 129.122 338.9 49.3343 38.3346 243.596 296.234 22.0871 274.147 42.6661 31.3559 22.3823 119.572 32.9397 210.207 33.389 27.0515
internal_count=3221 1221 1025 2000 644 519 1356 196 152 974 1186 88 1098 170 125 89 481 131 841 133 107
is_linear=0
shrinkage=0.03


Tree=2
num_leaves=21
num_cat=0
split_feature=46 7 33 44 2 39 16 35 34 30 35 42 23 35 39 0 7 15 2 36
split_gain=32.9041 19.551 13.1346 17.8302 13.178 12.6489 14.8828 12.557 10.7777 8.80895 7.90377 10.0178 7.85419 16.2657 7.91861 14.0453 6.37561 5.89694 5.1477 2.78193
threshold=0.19615817904644667 0.0052655457239564009 0.24315481287948829 0.34664322833222566 0.26056427245238217 -0.13785222908149128 -0.0044189336519403488 0.71871131409105571 0.040885991250612506 0.086451764326647459 0.76631448249801992 -0.13567177972707187 1.4751458241994706 0.7114043727124878 0.38129852006418463 44.038329125670693 -0.0077110460836954994 -1.8612794396211296 0.68467139326151638 0.17850944307494523
decision_type=2 2 2 2 2 2 2 2 2 2 2 2 2 2 2 2 2 2 2 2
left_child=2 5 3 4 9 6 17 -6 -8 -1 11 19 14 18 16 -16 -4 -2 -14 -3
right_child=1 10 12 -5 7 -7 8 -9 -10 -11 -12 -13 13 -15 15 -17 -18 -19 -20 -21
leaf_value=-0.025709422971811783 -0.010010314088000103 -0.043452263434067932 0.019650907921106475 0.04587656271827803 0.019068761516623657 -0.033654427355152366 -0.010995290305226635 -0.0029631108837396198 0.0038800490335366925 0.0033481512135734221 -0.05029902838568355 -0.00038675154571707885 -0.038449119276492756 0.014882039123662285 0.044465906556218973 0.003232431734410774 -0.00019224458427866928 -0.038128417927848948 -0.012917140558139495 -0.020666480419729735
leaf_weight=13.329925790429114 15.034225940704347 10.602542012929915 15.422564491629599 12.357495978474615 93.286803022027016 12.587679445743559 60.649540677666664 30.513866558670998 156.83459714055061 30.21937108039856 9.3517225384712201 15.747852683067324 11.352552235126494 15.691502705216406 10.880585640668867 23.727905407547951 220.97377891838551 13.115775570273398 21.562544390559196 11.804226800799368
leaf_count=53 60 42 62 50 375 50 242 122 628 121 37 63 45 63 44 95 884 52 86 47
internal_value=0 -0.00775221 0.00474201 0.0112299 0.00860588 -0.00446984 -0.00293633 0.0136051 -0.000252261 -0.00550077 -0.0254289 -0.0190427 0.00107643 -0.00998784 0.00308191 0.0164613 0.00109494 -0.0234029 -0.0219938 -0.0318651
internal_weight=805.047 305.728 499.319 179.707 167.35 258.222 245.634 123.801 217.484 43.5493 47.5063 38.1546 319.611 48.6066 271.005 34.6085 236.396 28.15 32.9151 22.4068
internal_count=3221 1221 2000 721 671 1032 982 497 870 174 189 152 1279 194 1085 139 946 112 131 89
is_linear=0
shrinkage=0.03


Tree=3
num_leaves=25
num_cat=0
split_feature=43 7 18 8 3 18 7 3 34 39 3 45 41 41 44 15 0 2 20 35 8 44 36 32
split_gain=30.3877 24.2538 19.7407 16.6304 15.4183 16.5191 20.3831 15.2061 16.4265 12.5619 14.665 11.9905 11.6946 10.3936 10.3281 9.93399 8.7336 10.5716 8.50124 6.98108 8.2322 6.99311 6.93027 5.13994
threshold=-0.071592281987797643 0.005494414929054601 0.90000000000000013 0.0017910261691706532 0.0063286794785210512 0.90000000000000013 0.0052655457239564009 0.012736920112688302 0.040896369673468345 0.248578319886782 0.010390354170000102 -0.2381000905735868 0.012340033226605597 -0.28814486642132536 -0.046588665266449648 -0.13086283654408168 51.368996166188104 0.20676777189019144 2.4490832859746869 0.78314001271537226 0.0020811293040552724 -0.035117508934864296 -0.16189326894184392 -0.00013688021511610115
decision_type=2 2 2 2 2 2 2 2 2 2 2 2 2 2 2 2 2 2 2 2 2 2 2 2
left_child=1 2 7 9 12 13 -7 8 -1 16 22 -9 23 -6 -4 -16 17 -2 -18 20 21 -3 -11 -5
right_child=3 19 14 4 5 6 -8 11 -10 10 -12 -13 -14 -15 15 -17 18 -19 -20 -21 -22 -23 -24 -25
leaf_value=-0.01532261902604916 0.015235242151935923 -0.019933206239671788 -0.012885029393132861 0.010525574749822603 -0.014858773481068331 0.034313665238419715 -0.01259961374133892 -0.0352683398488913 0.0017241718025967692 -0.03826299986543294 0.016528206468355077 -0.00026271414736357918 -0.0058832185243126557 0.005420237905698881 0.0024756411563793984 0.027820103213110549 0.033463202892178079 -0.022749427434614573 -0.0021898011077497023 -0.048986972706736902 -0.040309100480102854 0.011265644099755424 -0.01270222001760425 0.037555209845373076
leaf_weight=74.256357565522194 12.45085893571377 22.585892915725708 12.786009997129439 8.7262014746665937 26.080830663442612 33.946178272366524 10.781075447797773 26.688643530011177 159.64986476302147 12.611749380826948 12.942236036062239 13.498643085360525 8.7600294202566129 167.97579610347748 25.475584179162979 31.77663566172123 15.861532270908357 13.570070356130598 9.2532953172922117 9.0780485570430738 12.353813841938971 8.7228676676750201 43.617898553609848 31.447236180305481
leaf_count=296 50 90 51 35 104 137 43 106 639 50 52 54 35 673 102 128 64 54 37 36 49 35 174 127
internal_value=0 -0.0059142 -0.00299103 0.0057429 0.00966212 0.00648406 0.0229011 -0.00663359 -0.00367466 -0.00359298 -0.0119423 -0.0236664 0.0250114 0.00266224 0.0111837 0.0166569 0.00761535 -0.0044189 0.0202141 -0.0248402 -0.0195665 -0.0110856 -0.0186016 0.0318566
internal_weight=804.897 396.872 344.132 408.025 287.717 238.784 44.7273 274.094 233.906 120.308 69.1719 40.1873 48.9335 194.057 70.0382 57.2522 51.1358 26.0209 25.1148 52.7406 43.6626 31.3088 56.2296 40.1734
internal_count=3221 1586 1376 1635 1154 957 180 1095 935 481 276 160 197 777 281 230 205 104 101 210 174 125 224 162
is_linear=0
shrinkage=0.03


Tree=4
num_leaves=22
num_cat=0
split_feature=46 3 39 18 7 3 30 43 37 7 1 38 45 32 7 29 40 15 17 3 3
split_gain=29.1347 26.1346 19.7477 16.7791 30.3557 18.7319 16.0989 15.9731 15.5057 13.9855 12.7395 12.6392 12.4539 11.7336 22.6125 11.5199 9.31275 8.90765 8.4146 6.63399 1.33168
threshold=0.19615817904644667 0.012736920112688302 -0.13785222908149128 0.75000000000000011 0.0036583100824411001 0.0049004770801555015 0.57603407706172705 -0.071592281987797643 0.17329704660677064 0.0012730376058355003 1.2526265298947694 -0.45625915004580236 -0.24269509750344662 0.00040034334525974977 0.0061261946946386007 0.070387186270324351 -0.013927188082684783 1.1686598970674174 0.14166666666643057 0.010130731936800303 0.014161945976611251
decision_type=2 2 2 2 2 2 2 2 2 2 2 2 2 2 2 2 2 2 2 2 2
left_child=3 2 10 7 5 -5 19 8 16 -7 17 -8 15 14 -9 -3 -1 -2 -12 -6 -17
right_child=1 12 -4 4 6 9 11 13 -10 -11 18 -13 -14 -15 -16 20 -18 -19 -20 -21 -22
leaf_value=-0.0019657141635780204 -0.0017296280727230032 -0.012334216387595728 -0.039499610790093287 -0.019420232980471214 -0.0015362703606624419 0.014608182541615791 0.011107284348429159 0.0026325788258343011 0.01436607576692805 0.037368302754568442 -0.0079644837883017378 -0.03004062790022979 0.0046513985651464636 -0.021020095510623463 0.041458196606988733 -0.035353531550309208 -0.037634603563234961 0.013922678067053806 -0.040178960544953769 0.034354282405332968 -0.052890055265949275
leaf_weight=9.7542471587657946 168.80401718616486 14.52297207713127 12.829825326800345 9.0414860695600492 8.9913797974586505 53.998247683048248 8.9688889831304532 265.21383905410767 10.710077837109564 46.007614642381668 23.528995886445045 24.407001569867134 8.7373951524496061 16.831666201353073 14.107315704226492 10.302517518401148 22.192179411649704 40.361526250839233 10.835951551795004 8.9176935702562314 15.607286274433134
leaf_count=39 675 58 51 36 36 217 36 1062 43 186 94 97 35 67 57 41 88 162 43 36 62
internal_value=-1.94132e-07 -0.00730001 -0.00343024 0.00445995 0.0124524 0.0214047 -0.00650241 0.000660629 -0.0164529 0.0251642 -0.0014884 -0.0188488 -0.0273129 0.00314785 0.0046308 -0.0343229 -0.0269441 0.00127703 -0.0183832 0.0162229 -0.0463333
internal_weight=804.672 305.53 256.36 499.142 160.332 109.047 51.285 338.809 42.6565 100.006 243.53 33.3759 49.1702 296.153 279.321 40.4328 31.9464 209.166 34.3649 17.9091 25.9098
internal_count=3221 1221 1025 2000 644 439 205 1356 170 403 974 133 196 1186 1119 161 127 837 137 72 103
is_linear=0
shrinkage=0.03


Tree=5
num_leaves=23
num_cat=0
split_feature=46 3 8 33 42 44 43 40 45 0 3 47 3 37 23 8 23 32 42 43 44 34
split_gain=27.4505 24.6874 16.9258 17.6966 13.7805 12.3676 12.1041 11.7596 11.5261 13.058 10.6765 10.4396 10.4201 10.8583 10.2173 9.13439 8.55384 8.55025 7.47553 7.39284 2.39297 1.61343
threshold=0.19615817904644667 0.012736920112688302 0.0017910261691706532 0.47801893421264413 -0.24050435814925933 0.23754036782544341 -0.34157175635805315 -0.33368997163438924 -0.24883792688287068 69.249516543656952 0.0057814356203366004 0.58501627022619085 0.0097954865998482517 -0.36964227215647433 -0.84261947596385234 0.0021338337446228334 1.4939337802540968 -1.3163478489393772e-05 0.33139482918088936 0.40259043867743544 0.34664322833222566 0.041011576528033077
decision_type=2 2 2 2 2 2 2 2 2 2 2 2 2 2 2 2 2 2 2 2 2 2
left_child=2 4 11 7 -2 16 14 10 9 -6 -4 12 13 -1 -3 -9 -5 -10 -13 -14 -7 -16
right_child=1 6 3 5 8 20 -8 15 17 -11 -12 18 19 -15 21 -17 -18 -19 -20 -21 -22 -23
leaf_value=-0.030425986494865342 -0.038934809456026405 -0.0098733667566371659 0.048955898741197636 0.0068014064420714258 0.0026356125088918556 -0.035734259103064561 0.00079185013632119801 0.011118045621393889 -0.00012430334784664659 -0.022945754132459407 0.017421015354809707 0.034920957836379087 -0.0034935388904520632 -0.0066695763879598838 -0.052227294242139052 -0.0083737298041943672 -0.014144243318023678 -0.034433425923934009 -0.00038828168418170964 0.028083693868510617 -0.012284225428409047 -0.034332111915321636
leaf_weight=23.663724333047867 9.2875609248876554 11.262850299477575 11.581983014941214 86.055740550160408 200.0726001560688 8.8226427286863345 10.977413192391394 131.2452789247036 11.497020348906519 19.572639793157578 64.891290977597237 9.1663084030151385 18.25055700540543 66.813396990299225 14.818454697728159 25.520872220396996 21.803962931036949 15.863508895039557 12.231803148984907 10.169465631246565 8.7746501863002759 12.00104960799217
leaf_count=94 37 45 47 345 801 35 44 527 46 78 261 37 73 267 59 102 87 63 49 41 35 48
internal_value=-1.48844e-06 -0.00708976 0.00432792 0.00778709 -0.00333071 -0.00126557 -0.026566 0.0126734 -0.00195095 0.000321474 0.0223422 -0.00448304 -0.00798127 -0.0129726 -0.0345419 0.00791122 0.00251179 -0.0202594 0.0146661 0.00773628 -0.0244974 -0.044622
internal_weight=804.345 305.353 498.992 358.696 256.293 125.457 49.0598 233.239 247.006 219.645 76.4733 140.295 118.897 90.4771 38.0824 156.766 107.86 27.3605 21.3981 28.42 17.5973 26.8195
internal_count=3221 1221 2000 1439 1025 502 196 937 988 879 308 561 475 361 152 629 432 109 86 114 70 107
is_linear=0
shrinkage=0.03


Tree=6
num_leaves=20
num_cat=0
split_feature=46 1 8 16 39 32 1 39 24 16 1 15 15 15 38 35 14 36 12
split_gain=25.8612 23.3283 15.9314 11.1495 14.7155 10.7508 10.5974 10.8781 14.7488 10.4159 9.82062 9.55105 9.19568 9.08891 9.04383 7.39338 6.76224 5.32755 2.62537
threshold=0.19615817904644667 1.3628340161490657 0.0017910261691706532 -0.0044189336519403488 -0.13785222908149128 0.00038262914196702803 -1.4959240444765667 0.248578319886782 -0.79371387680996486 -0.0041082232979115993 -1.949762506521324 -1.4829358100371635 -1.1861112493808397 -1.2596896513866007 -0.14197431014835135 0.73224983694675849 1.0000000180025095e-35 0.13728621900628865 0.0046871259447010009
decision_type=2 2 2 2 2 2 2 2 2 2 2 2 2 2 2 2 2 2 2
left_child=2 3 6 17 12 9 -1 8 -8 10 -4 -11 -5 -9 -7 16 -3 -2 -18
right_child=1 15 5 4 -6 14 7 13 -10 11 -12 -13 -14 -15 -16 -17 18 -19 -20
leaf_value=0.026913918976311898 -0.0088365203701965944 0.0014474092296823233 0.014833478570763885 0.01460190042442357 -0.031689173923644065 0.007432033941907377 -0.027526884683862343 -0.042236412072977916 0.0085868201988465731 0.030387726938908857 -0.014469714047503244 0.0094564734123405957 -0.0018393005206929877 -0.010454018780751227 -0.029571294113336484 -0.046202521062234783 -0.014940478899893972 -0.035366500606247908 -0.034566784554796115
leaf_weight=8.9272628128528577 16.260775074362758 10.46428446471691 15.424071684479712 36.870520159602165 13.003078833222387 10.976661309599878 12.321378231048582 9.5901249349117261 54.824656322598457 21.326685324311256 29.836860075592995 268.70824372768402 175.74883542954922 54.60809925198555 12.32472965121269 11.999329522252081 12.237565994262697 12.567858651280401 16.017368838191032
leaf_count=36 65 42 62 148 52 44 49 38 220 86 119 1079 703 218 49 48 49 50 64
internal_value=-3.40639e-06 -0.00688612 0.0041987 -0.0031562 -0.000884834 0.00755544 -0.00434952 -0.00653695 0.00184646 0.00893347 -0.00436863 0.011026 0.000998918 -0.0153591 -0.0120121 -0.0254459 -0.0187441 -0.0206808 -0.0263486
internal_weight=804.038 305.17 498.869 254.451 225.622 358.597 140.272 131.344 67.146 335.296 45.2609 290.035 212.619 64.1982 23.3014 50.7185 38.7192 28.8286 28.2549
internal_count=3221 1221 2000 1018 903 1439 561 525 269 1346 181 1165 851 256 93 203 155 115 113
is_linear=0
shrinkage=0.03


Tree=7
num_leaves=20
num_cat=0
split_feature=43 7 18 24 18 33 24 43 40 34 8 39 32 44 15 8 0 22 43
split_gain=24.4321 20.0522 17.6169 17.3271 14.3431 18.1473 15.3732 15.2183 14.0665 13.6036 20.7493 12.7886 10.3162 9.48924 9.19101 6.20319 6.6345 5.74819 4.56141
threshold=-0.071592281987797643 0.005494414929054601 0.90000000000000013 -1.0945506324949557 0.25000000000000006 0.3135287399490258 0.91819899136154903 0.24005013560696745 -0.31360502057843215 0.040896369673468345 0.0019253315040516728 -0.26776775419657178 2.6849962468444848e-05 -0.046588665266449648 -0.13086283654408168 0.0020811293040552724 66.233847256117187 -0.6954103881985112 -0.3586216172617655
decision_type=2 2 2 2 2 2 2 2 2 2 2 2 2 2 2 2 2 2 2
left_child=1 2 9 17 6 12 8 -7 -5 11 -11 -1 -6 -4 -15 16 -3 -2 -18
right_child=3 15 13 4 5 7 -8 -9 -10 10 -12 -13 -14 14 -16 -17 18 -19 -20
leaf_value=-0.0078769136929154274 -0.033342448246752893 0.002469587183344584 -0.01233752130706779 0.022030038014122306 0.025080401039690808 0.019251157935808408 -0.04248508928903267 -0.0012883949691012656 -0.010519783486896139 0.010414592076231693 -0.0096379205208337905 -0.033635236180857085 0.0078674846385634427 0.0023349158548381303 0.026732395591019427 -0.039636447358750763 -0.034821960881273366 -0.0054788303786126001 -0.0087752916057899869
leaf_weight=52.294813454151154 11.828934118151667 11.709025129675863 12.77371773123741 17.392014339566231 76.837972521781921 41.755526408553123 8.8342457264661771 142.65312622487545 37.318437978625298 75.731155335903168 119.29083201289177 26.417478963732719 54.743133336305618 25.456133231520653 31.736036047339439 14.25015753507614 15.448787003755568 16.252495810389519 10.992765143513681
leaf_count=209 47 47 51 70 310 168 35 571 149 304 477 105 220 102 128 57 62 65 44
internal_value=-4.95848e-06 -0.0053156 -0.00266065 0.00514468 0.00683751 0.00945785 -0.00611362 0.00334985 -5.84868e-05 -0.00610512 -0.00182603 -0.0166265 0.0179704 0.0107355 0.0159861 -0.0225867 -0.0159704 -0.0174902 -0.0242732
internal_weight=803.717 396.101 343.7 407.616 379.534 315.99 63.5447 184.409 54.7105 273.734 195.022 78.7123 131.581 69.9659 57.1922 52.4007 38.1506 28.0814 26.4416
internal_count=3221 1586 1376 1635 1523 1269 254 739 219 1095 781 314 530 281 230 210 153 112 106
is_linear=0
shrinkage=0.03


Tree=8
num_leaves=22
num_cat=0
split_feature=46 3 39 18 7 3 30 43 37 7 38 43 1 32 7 23 8 17 3 38 34
split_gain=23.0989 21.7582 17.0567 15.1461 27.6969 17.3241 14.7169 14.3913 14.5106 12.9073 11.9091 11.5765 10.6728 10.38 21.1905 9.50623 9.35394 7.59704 6.21498 5.56539 1.54662
threshold=0.19615817904644667 0.012736920112688302 -0.13785222908149128 0.75000000000000011 0.0036583100824411001 0.0049004770801555015 0.57603407706172705 -0.071592281987797643 0.17329704660677064 0.0012730376058355003 -0.45625915004580236 -0.34157175635805315 1.2526265298947694 0.00040034334525974977 0.0061261946946386007 -0.84261947596385234 0.0019275596322984488 0.12499999999979165 0.010130731936800303 -0.036787227095884056 0.041011576528033077
decision_type=2 2 2 2 2 2 2 2 2 2 2 2 2 2 2 2 2 2 2 2 2
left_child=3 2 12 7 5 -5 18 8 19 -7 -8 15 16 14 -9 -3 -2 -14 -6 -1 -17
right_child=1 11 -4 4 6 9 10 13 -10 -11 -12 -13 17 -15 -16 20 -18 -19 -20 -21 -22
leaf_value=-0.0049607071589919142 0.0066287640575914157 -0.0089313018401767311 -0.036685829576445929 -0.019131153748345203 -0.0019857898714682361 0.013612538782978221 0.010719440592082418 0.0021804080230761768 0.013913313483595893 0.03550828630394072 -0.029227103355459683 0.0018893366815728114 -0.0045988191036305482 -0.020015392136937038 0.039790114689794036 -0.049980003040343758 -0.0062555024091820038 -0.033604135098594556 0.032769741673216009 -0.033752964929702756 -0.032447017870539122
leaf_weight=8.7583107054233569 123.52017495036125 11.243513613939284 12.703029379248617 9.0341124236583692 8.9808657765388507 53.916431680321693 8.9641060978174192 265.01653563976288 10.705806925892828 45.840990155935287 24.377046212553978 10.953394442796705 20.226565361022949 16.826697766780853 14.086207792162893 14.65053202211857 85.6091098934412 14.007683575153349 8.902671203017233 23.158854737877846 11.895101413130758
leaf_count=35 495 45 51 36 36 217 36 1062 43 186 97 44 81 67 57 59 342 56 36 92 48
internal_value=-6.05646e-06 -0.00651567 -0.00299229 0.00396546 0.0115674 0.0201332 -0.00654281 0.000355599 -0.0158954 0.0237574 -0.0183528 -0.0248676 -0.00119357 0.00271831 0.00411502 -0.0327186 0.00133226 -0.0166927 0.0151951 -0.0260526 -0.0425185
internal_weight=803.378 304.809 256.067 498.569 160.016 108.792 51.2247 338.552 42.623 99.7574 33.3412 48.7425 243.364 295.929 279.103 37.7891 209.129 34.2342 17.8835 31.9172 26.5456
internal_count=3221 1221 1025 2000 644 439 205 1356 170 403 133 196 974 1186 1119 152 837 137 72 127 107
is_linear=0
shrinkage=0.03


Tree=9
num_leaves=20
num_cat=0
split_feature=37 3 18 7 3 45 2 18 32 7 47 34 12 3 8 45 35 17 11
split_gain=21.8626 29.42 20.5911 30.1931 22.4977 20.5987 21.7037 20.692 11.0346 16.9381 10.4138 10.6045 14.5026 8.47941 7.9701 6.74492 6.59025 6.2356 5.43131
threshold=0.33823209977812957 0.012836698443298203 0.75000000000000011 0.0050934538134370507 0.0045766170473002009 0.005198816347684463 0.79811157624126439 0.50000000000000011 0.00040034334525974977 0.0061261946946386007 -0.69192309534198548 0.040873526169138037 0.0037172889303675504 0.0119165474963748 0.0019751476012347014 -0.32576741118972524 0.59806962744343317 0.14166666666643057 0.0024505801875925001
decision_type=2 2 2 2 2 2 2 2 2 2 2 2 2 2 2 2 2 2 2
left_child=2 10 5 4 -4 6 7 -1 9 -7 -2 15 -13 18 -6 -12 -8 -3 -5
right_child=1 17 3 13 14 8 16 -9 -10 -11 11 12 -14 -15 -16 -17 -18 -19 -20
leaf_value=-0.0071492533359049336 -0.035108500330804024 -0.022737877829527537 -0.028937434384863524 -0.039065738546433984 0.013626230680803536 0.0027595926208317432 -0.0050114023574778259 -0.038978177906970481 -0.020611463691329851 0.038623276313719583 -0.022871576298946154 0.0066680833565807059 -0.017064393222496154 0.0052150974969159452 0.027835113930207933 0.0051900834566765809 0.028906938124084972 -0.051506787483755666 -0.0099969577243233486
leaf_weight=44.783680468797684 8.914547994732855 16.58128118515015 9.3021032363176328 11.574086576700212 106.43747068941593 248.49390290677547 8.7460279762744921 31.660618707537651 16.573571726679802 12.332584321498869 29.880853071808815 112.01612082123756 29.015602990984917 13.421802610158919 55.614037677645683 9.9821603894233686 11.641110315918921 13.112164214253424 12.753344014286993
leaf_count=179 36 67 37 46 429 996 35 126 66 50 119 449 116 54 225 40 47 53 51
internal_value=-7.19599e-06 -0.00808 0.0030241 0.010563 0.0159242 -0.0011788 -0.0130891 -0.020441 0.00296731 0.00449379 -0.00369695 -0.00209631 0.00174059 -0.013621 0.0185515 -0.015739 0.0142066 -0.0357876 -0.0241653
internal_weight=802.837 219.503 583.334 209.103 171.354 374.231 96.8314 76.4443 277.4 260.826 189.809 180.895 141.032 37.7492 162.052 39.863 20.3871 29.6934 24.3274
internal_count=3221 880 2341 842 691 1499 387 305 1112 1046 760 724 565 151 654 159 82 120 97
is_linear=0
shrinkage=0.03


Tree=10
num_leaves=22
num_cat=0
split_feature=46 3 39 8 33 35 18 40 41 43 1 0 1 39 8 29 43 17 47 17 34
split_gain=20.7538 19.5856 15.6036 14.4979 15.0848 13.7538 13.3519 13.5286 10.8534 10.6366 10.017 11.3325 9.79996 9.10713 9.05117 8.87366 7.62633 7.13694 5.82195 1.72631 1.44022
threshold=0.19615817904644667 0.012736920112688302 -0.13785222908149128 0.0017910261691706532 0.47801893421264413 0.70466493082717241 0.90000000000000013 -0.33368997163438924 -0.28814486642132536 -0.34157175635805315 -1.4959240444765667 35.862075961920105 1.2526265298947694 0.248578319886782 0.0019275596322984488 -0.28087315865461743 -0.23791088012459891 0.14166666666643057 0.11096684239965274 0.074999999999874958 0.041011576528033077
decision_type=2 2 2 2 2 2 2 2 2 2 2 2 2 2 2 2 2 2 2 2 2
left_child=3 2 12 10 6 8 7 -5 -6 15 -1 19 14 -13 -2 -3 -8 -14 -7 -12 -17
right_child=1 9 -4 4 5 18 16 -9 -10 -11 11 13 17 -15 -16 20 -18 -19 -20 -21 -22
leaf_value=0.026012997601991043 0.0064950926444395773 -0.008270213255558689 -0.035210650698277002 0.019867530239432708 -0.030379986173113549 0 0.0012020247964165654 0.0017830619668317881 -0.0027410622580614362 0.0019545647848059969 -0.017720335752806175 0.0055311205403117914 -0.0064206470603316475 -0.011543974143123791 -0.0061797616032846781 -0.048074089092716009 0.02952993602326031 -0.036229701941224428 0.025097933684333554 -0.03748422017051925 -0.031026929445197957
leaf_weight=8.9129468500614148 123.50041998922825 11.223140984773634 12.600878253579138 53.843739196658134 15.354477867484091 13.703870579600332 10.939436703920363 122.13900914788246 76.132439717650414 10.942998662590979 10.026174142956735 57.020028576254845 23.461450725793839 54.839778274297714 85.600262835621834 14.446521028876306 45.757361933588982 10.696822464466093 20.088505610823631 9.299353361129759 11.793523654341696
leaf_count=36 495 45 51 217 61 55 44 490 305 44 40 229 94 219 342 59 186 43 81 37 48
internal_value=-8.60113e-06 -0.00618562 -0.00284887 0.00375667 0.00696285 -0.00139747 0.0114815 0.00735395 -0.00747101 -0.0236666 -0.0044019 -0.00652995 -0.00113337 -0.0028041 0.00128413 -0.0312482 0.0241609 -0.0160042 0.0148733 -0.0276771 -0.0408027
internal_weight=802.323 304.266 255.86 498.057 357.959 125.279 232.68 175.983 91.4869 48.4062 140.098 131.185 243.259 111.86 209.101 37.4632 56.6968 34.1583 33.7924 19.3255 26.24
internal_count=3221 1221 1025 2000 1439 502 937 707 366 196 561 525 974 448 837 152 230 137 136 77 107
is_linear=0
shrinkage=0.03


Tree=11
num_leaves=23
num_cat=0
split_feature=43 1 24 18 38 33 43 0 3 32 8 7 8 0 7 40 43 8 20 30 12 8
split_gain=19.6247 17.4971 16.7219 13.5053 17.461 16.4848 13.5603 12.4891 10.7336 12.8804 10.0623 9.04672 8.76478 19.4293 8.51868 10.5779 8.39372 7.95945 7.86921 5.73785 3.32758 2.47815
threshold=-0.079060117590752627 1.2526265298947694 -1.0945506324949557 0.25000000000000006 -0.19963140461215551 0.3135287399490258 0.24005013560696745 31.113345356274717 0.0057195097566959509 -1.9087015547810298e-05 0.0021011860096398359 -0.0037433818862646997 0.0019739736966371507 66.095977003913049 -0.0028777999401460494 0.14910449418441651 -0.3586216172617655 0.0017636701738456561 -1.3575017245944496 0.10647860926040147 0.0051433652319248504 0.0018510793425627523
decision_type=2 2 2 2 2 2 2 2 2 2 2 2 2 2 2 2 2 2 2 2 2 2
left_child=1 7 19 4 18 10 -7 14 9 -9 -5 -6 13 -3 15 -1 -15 -10 -4 -2 -14 -21
right_child=2 12 3 5 11 6 -8 8 17 -11 -12 -13 20 16 -16 -17 -18 -19 -20 21 -22 -23
leaf_value=0.013445239908949963 -0.035034953010917295 0.02317775766756567 -0.0031160011817939364 0.019457123953286401 0.0015386466781912088 0.017674433162367914 -0.0014704248857808995 -0.02740247310274355 -0.010815686418405034 0.0009725992704047898 -0.0093115031300589016 -0.031593238754188513 -0.040573006964162744 -0.033925477433115685 -0.034315470088973607 -0.022055860338057266 -9.2654646731570164e-05 0.0059366450530234189 0.02747929866159016 -0.018027941053501431 -0.018837103696358628 0.0039344258805684394
leaf_weight=12.946099013090135 10.557898700237276 11.631150871515272 16.98501613736153 120.47473028302193 10.489905998110769 43.168409913778305 142.49166785180569 24.361166223883629 29.235920146107674 34.168538197875023 11.724367171525953 23.154868900775909 15.876128599047663 19.216031074523926 15.551720604300497 17.458137542009354 10.419237807393076 187.94079890847206 13.13937087357044 8.7730523049831408 13.027863606810568 8.9732777029275876
leaf_count=52 42 47 68 487 42 174 571 97 117 137 47 92 64 78 62 70 42 755 53 35 53 36
internal_value=-9.81863e-06 -0.00481517 0.00457247 0.00623323 -0.00631447 0.0087665 0.00296746 -0.00183518 0.000565552 -0.0108008 0.0168641 -0.0211691 -0.0183785 -0.00929391 -0.0162906 -0.00680045 -0.0222419 0.00365486 0.0101502 -0.0175763 -0.0310787 -0.00673151
internal_weight=801.765 391.833 409.933 381.628 63.7692 317.859 185.66 321.662 275.706 58.5297 132.199 33.6448 70.1704 41.2664 45.956 30.4042 29.6353 217.177 30.1244 28.3042 28.904 17.7463
internal_count=3221 1574 1647 1534 255 1279 745 1290 1106 234 534 134 284 167 184 122 120 872 121 113 117 71
is_linear=0
shrinkage=0.03


Tree=12
num_leaves=19
num_cat=0
split_feature=37 3 18 7 43 3 34 16 43 42 34 32 32 7 3 17 11 3
split_gain=18.5403 26.1756 18.8191 27.8696 21.2532 20.6685 15.4291 17.2415 10.8246 10.4711 10.1739 12.282 9.0309 18.9979 8.01228 5.88528 4.98496 2.39536
threshold=0.33823209977812957 0.012836698443298203 0.75000000000000011 0.0050934538134370507 -0.071592281987797643 0.0045766170473002009 0.040909268950198786 0.0024203901365916006 0.38895921031468045 -0.24050435814925933 0.040844241909991141 -0.00014027831225737287 0.00040034334525974977 0.0061261946946386007 0.0119165474963748 0.14166666666643057 0.0024505801875925001 0.0071774902777194506
decision_type=2 2 2 2 2 2 2 2 2 2 2 2 2 2 2 2 2 2
left_child=2 9 4 5 6 -4 17 -8 -7 -2 -11 -12 13 -6 16 -3 -5 -1
right_child=1 15 3 14 12 8 7 -9 -10 10 11 -13 -14 -15 -16 -17 -18 -19
leaf_value=-0.020873193599209694 -0.034537791221857579 -0.021106186891958346 -0.027874390255669835 -0.037831747110157431 0.0019037588347940219 0.014633582768707213 -0.015751159254494069 0.02361885743066405 0.038103422679974693 -0.02499566035691227 -0.018361116633383339 0.0040063166391320305 -0.018786748710726758 0.037599027596018901 0.0050589774900810149 -0.049243652912092567 -0.0099141652241853673 -0.040943195522736099
leaf_weight=10.537475794553758 9.0788542032241804 16.424418807029728 9.285234794020651 11.538928717374803 264.8111570328474 141.12378367781639 37.771734237670898 13.399929419159887 20.556587189435959 15.312919065356253 26.101770579814911 139.04367986321449 16.806170329451561 14.016112461686133 13.403924167156218 12.85440520942211 12.744046390056608 16.488373816013336
leaf_count=42 37 67 37 46 1062 570 151 54 84 61 104 558 67 57 54 53 51 66
internal_value=-1.12857e-05 -0.00745922 0.00278008 0.00999679 -0.00123826 0.0151554 -0.0151388 -0.00531505 0.017678 -0.00334291 -0.0017212 0.000430394 0.00242915 0.00373347 -0.0132537 -0.0338004 -0.0235152 -0.0334418
internal_weight=801.3 218.816 582.483 208.653 373.831 170.966 78.1975 51.1717 161.68 189.537 180.458 165.145 295.633 278.827 37.6869 29.2788 24.283 27.0258
internal_count=3221 880 2341 842 1499 691 313 205 654 760 723 662 1186 1119 151 120 97 108
is_linear=0
shrinkage=0.03


Tree=13
num_leaves=21
num_cat=0
split_feature=46 3 39 8 18 20 43 1 0 32 0 3 45 1 8 23 6 17 11 34
split_gain=17.3902 17.3519 14.3601 13.2924 13.1742 11.3415 9.69388 9.38353 10.3968 8.95039 9.49174 8.92723 8.91787 8.78093 8.96585 8.26373 6.88598 6.5284 6.21757 1.31878
threshold=0.19615817904644667 0.012736920112688302 -0.13785222908149128 0.0017910261691706532 0.90000000000000013 2.406533866760793 -0.34157175635805315 -1.4959240444765667 35.862075961920105 0.0003903606776811083 22.460924792561574 0.010130731936800303 0.45475376299759346 1.2526265298947694 0.0019275596322984488 -0.84261947596385234 0.0014677961838286003 0.12499999999979165 -0.00186902347896205 0.041011576528033077
decision_type=2 2 2 2 2 2 2 2 2 2 2 2 2 2 2 2 2 2 2 2
left_child=3 2 13 7 9 11 15 -1 18 10 -5 -6 -10 14 -2 -3 -7 -15 -9 -17
right_child=1 6 -4 4 5 16 -8 8 12 -11 -12 -13 -14 17 -16 19 -18 -19 -20 -21
leaf_value=0.025082076783330225 0.0065651591127110706 -0.0073872412728896355 -0.033758333428088177 -0.017985017603581805 0.016426475357234026 0.015730484811011958 0.0022024081516072366 -0.0071940404440127047 -0.007289360426527898 -0.017404773180553175 0.0062267733845087648 0.042803441048562645 0.013390043011591744 -0.0038170913589540734 -0.006050811133640031 -0.045969368623003319 -0.019084081711830247 -0.030826405354462776 -0.042186300476946402 -0.029464351560030976
leaf_weight=8.8947097361087781 123.45302191376686 11.185724809765814 12.469340130686758 15.273050442337988 44.995523706078529 9.6376531124115008 10.920348942279814 8.7356791496276873 88.168439283967018 17.270451724529266 243.52996321022511 16.140358343720436 23.589895337820053 20.18214675784111 85.583717435598373 14.1308680921793 10.484339505434034 13.829957678914068 10.533678010106085 11.646755144000052
leaf_count=36 495 45 51 61 183 39 44 35 353 69 979 66 95 81 342 59 42 56 42 48
internal_value=-1.28797e-05 -0.00567705 -0.0025457 0.00343476 0.00650842 0.0171284 -0.0222328 -0.00438113 -0.00644191 0.00335872 0.00477097 0.0235513 -0.00287205 -0.000906034 0.00137779 -0.0295529 -0.00219426 -0.0150184 -0.0267325 -0.0388993
internal_weight=800.656 303.402 255.518 497.254 357.331 81.2579 47.8837 139.922 131.028 276.073 258.803 61.1359 111.758 243.049 209.037 36.9633 20.122 34.0121 19.2694 25.7776
internal_count=3221 1221 1025 2000 1439 330 196 561 525 1109 1040 249 448 974 837 152 81 137 77 107
is_linear=0
shrinkage=0.03


Tree=14
num_leaves=20
num_cat=0
split_feature=37 3 8 33 40 32 3 35 47 32 17 3 32 0 45 1 38 17 0
split_gain=16.6102 23.8189 10.9226 9.58506 11.262 10.0763 9.77738 9.67434 8.39827 9.75469 17.2362 15.0079 8.18764 8.72038 11.4447 8.4212 8.03977 5.72773 4.88572
threshold=0.33823209977812957 0.012836698443298203 0.0017844777270189477 0.45062206669382482 -0.33368997163438924 -0.00042575929500993456 0.0057814356203366004 0.66725636068223848 -0.69192309534198548 -3.4811351029725059e-05 0.10833333333315277 0.0099994099986557509 -0.00029844684495641257 53.255586999365839 0.45475376299759346 0.25570746277492168 -0.65538008224733768 0.14166666666643057 45.142475353609221
decision_type=2 2 2 2 2 2 2 2 2 2 2 2 2 2 2 2 2 2 2
left_child=2 8 12 4 6 -5 -4 -6 -2 11 -11 -10 18 15 -15 -14 -7 -3 -1
right_child=1 17 3 5 7 16 -8 -9 9 10 -12 -13 13 14 -16 -17 -18 -19 -20
leaf_value=0.027687282206988566 -0.031734235110086315 -0.019852919599550978 0.044782168327440919 0.025092869773996076 0.010330005398080723 -0.02177206074320813 0.013871520192698042 -0.0034956362721632831 -0.020009053886620404 0.008442763002003837 -0.018826419963616444 0.020412527398708968 -0.009686937836315624 -0.0043915108148127515 0.030917123369142579 -0.038656469465860883 -0.00014903743776344382 -0.047767864231226136 -0.0021822828052019188
leaf_weight=10.374602645635607 8.6967021077871305 16.283733502030376 10.954767569899557 12.648154571652411 112.07792170345783 17.318953588604927 62.758981436491013 75.938382774591446 43.930767446756363 100.68445689976215 26.101783126592636 9.9427165985107404 57.670488864183426 53.272363677620888 9.613335579633711 10.821587011218069 139.55323664844036 12.624123975634573 8.7443017214536649
leaf_count=42 36 67 45 51 452 69 254 305 175 404 105 40 231 214 39 43 561 53 35
internal_value=-1.41499e-05 -0.00707415 0.00262808 0.00506087 0.0086596 -0.000471583 0.0186078 0.00472368 -0.00316425 -0.00173886 0.00277773 -0.0124297 -0.00431134 -0.00700595 0.000995458 -0.0144041 -0.00258343 -0.032382 0.0138818
internal_weight=800.011 218.264 581.747 431.25 261.73 169.52 73.7137 188.016 189.356 180.66 126.786 53.8735 150.497 131.378 62.8857 68.4921 156.872 28.9079 19.1189
internal_count=3221 880 2341 1737 1056 681 299 757 760 724 509 215 604 527 253 274 630 120 77
is_linear=0
shrinkage=0.03


Tree=15
num_leaves=19
num_cat=0
split_feature=43 24 7 18 18 24 37 8 3 34 8 39 39 44 2 8 12 34
split_gain=15.7514 15.8225 15.5822 13.0946 12.2748 13.6179 14.2497 13.5468 12.3939 12.0432 17.4693 10.1641 9.45184 9.15296 7.58175 5.26484 4.84178 3.73008
threshold=-0.079060117590752627 -1.4452253177786369 0.005494414929054601 0.90000000000000013 0.25000000000000006 0.91819899136154903 -0.33675899161495831 0.0018855661443650795 0.0064561987758756005 0.040901392406264149 0.0019253315040516728 -0.26776775419657178 0.26066540894896528 -0.046588665266449648 0.4721887938735902 0.0020811293040552724 0.0036445445217691505 0.040934947935272893
decision_type=2 2 2 2 2 2 2 2 2 2 2 2 2 2 2 2 2 2
left_child=2 -2 3 9 5 6 -3 12 -9 11 -11 -1 -6 -5 -15 16 -4 -18
right_child=1 4 15 13 7 -7 -8 8 -10 10 -12 -13 -14 14 -16 -17 17 -19
leaf_value=-0.0069418659196749067 -0.032313303786289639 0.015558644669617497 0.0055911770510204024 -0.013296968876544604 0.0083021813388954001 -0.041090951511122333 -0.01453566708248831 0.033020917183424883 0.01005172094369333 0.011021164217890541 -0.007858798802273189 -0.029319941766888694 -0.0055015108052053931 0.0026240735139274121 0.024899320879109888 -0.035758090984000859 -0.032798979007850018 -0.0098943717914876921
leaf_weight=55.810123965144157 10.289381608366964 25.083482846617699 8.6005869507789594 12.492406398057936 93.987630531191826 8.825038403272627 32.054886370897293 25.558029234409332 128.79312160611153 70.495041698217392 117.1370939463377 27.683941274881363 84.474739298224449 25.846269845962524 30.592410817742348 13.876761958003042 11.574173152446749 16.292123064398766
leaf_count=224 41 101 35 50 379 35 128 104 520 284 471 111 339 104 124 57 47 67
internal_value=-1.45744e-05 0.0040928 -0.00432977 -0.00200503 0.00505524 -0.00672048 -0.00123971 0.00740468 0.0139125 -0.0049846 -0.000738329 -0.0144548 0.00174391 0.0096347 0.0148118 -0.019891 -0.0136085 -0.019693
internal_weight=799.467 409.066 390.401 340.057 398.777 65.9634 57.1384 332.814 154.351 271.126 187.632 83.4941 178.462 68.9311 56.4387 50.3436 36.4669 27.8663
internal_count=3221 1647 1574 1368 1606 264 229 1342 624 1090 755 335 718 278 228 206 149 114
is_linear=0
shrinkage=0.03


Tree=16
num_leaves=24
num_cat=0
split_feature=45 17 18 7 43 2 2 32 7 43 15 8 8 43 44 34 32 23 17 22 33 1 35
split_gain=14.9529 15.3081 14.4053 21.1441 17.3727 15.6129 15.2206 12.5139 13.043 12.4463 11.5115 11.2233 18.9192 10.9463 8.98718 8.16658 8.11935 7.97632 7.50736 6.91127 4.20629 3.76302 0.535827
threshold=-0.32576741118972524 0.14166666666643057 0.75000000000000011 0.0048889588758028509 0.035723836232468116 0.79811157624126439 0.33051226186837335 -0.00013271878028381733 -0.0036086883977836499 0.38895921031468045 0.018478604063714554 0.0017774342330902917 0.0019596646808192945 0.26992346971197784 0.0789021917917022 0.040938271160861954 9.5422674905313692e-05 0.96578261807664811 0.091666666666513866 -0.84802807829713933 0.3416756020002063 1.8393270715607175 0.63077804769117296
decision_type=2 2 2 2 2 2 2 2 2 2 2 2 2 2 2 2 2 2 2 2 2 2 2
left_child=1 7 4 9 5 6 -2 8 -1 10 -4 17 -13 15 18 -6 -3 -9 -5 -15 -11 -7 -18
right_child=2 16 3 14 13 21 -8 11 -10 20 -12 12 -14 19 -16 -17 22 -19 -20 -21 -22 -23 -24
leaf_value=0.002979845736618783 -0.0049993834219926479 -0.0051538022322246257 0.002126959324352134 -0.031037933885271891 0.024780312695267346 0.023702695800375075 -0.02966495811754449 -0.029308251644952904 -0.042508250931181053 0.046142034672225316 0.017733529957540191 0.017412040786489582 -0.0080748096799196974 -0.0087936618125581123 0.013875750206857976 0.0020997519911205814 -0.032064285609919578 0.0021722569727309076 0.00013678939677547278 0.0030469118685650335 0.017327011833853448 -0.0019937975197150972 -0.047855762924507154
leaf_weight=9.202804312109949 48.772213637828827 9.1771102547645587 91.072033405303955 19.276770010590557 30.935949727892876 11.405048951506616 42.649981617927551 17.769571945071224 13.870539322495459 11.799809023737909 80.988188371062279 50.475097298622131 53.975082024931908 62.420038416981697 8.9309511780738813 27.362210139632225 8.412994712591173 11.702999591827391 10.379893004894255 152.05293920636177 8.8585721701383573 8.6447454243898374 8.8033848106861097
leaf_count=37 196 37 367 77 125 46 171 71 55 49 329 204 218 250 36 110 35 47 42 611 36 35 37
internal_value=-1.52105e-05 -0.00753643 0.00221956 0.0081348 -0.00133138 -0.0113095 -0.0165852 -0.00393663 -0.0242695 0.0122045 0.0095081 -0.000376714 0.00420589 0.00273382 -0.0120431 0.0142449 -0.0286363 -0.0167083 -0.02003 -0.000381929 0.034216 0.012468 -0.0407418
internal_weight=798.939 183.39 615.549 231.306 384.243 111.472 91.4222 156.996 23.0733 192.719 172.06 133.923 104.45 272.771 38.5876 58.2982 26.3935 29.4726 29.6567 214.473 20.6584 20.0498 17.2164
internal_count=3221 741 2480 936 1544 448 367 632 92 781 696 540 422 1096 155 235 109 118 119 861 85 81 72
is_linear=0
shrinkage=0.03


Tree=17
num_leaves=19
num_cat=0
split_feature=37 3 18 7 3 43 34 16 43 42 34 33 7 22 3 17 11 36
split_gain=14.1592 22.1919 15.9803 23.8962 18.9614 18.0923 13.6532 15.8869 9.67683 9.04466 9.53662 11.3634 8.37246 8.8534 7.24061 5.38872 4.73912 2.54025
threshold=0.33823209977812957 0.012836698443298203 0.75000000000000011 0.0050934538134370507 0.0045766170473002009 -0.071592281987797643 0.040909268950198786 0.0024203901365916006 0.36855970379694608 -0.24050435814925933 0.040844241909991141 0.054369809622233693 -0.0077110460836954994 -0.84802807829713933 0.0119165474963748 0.14166666666643057 0.0024505801875925001 0.097737506537841232
decision_type=2 2 2 2 2 2 2 2 2 2 2 2 2 2 2 2 2 2
left_child=2 9 5 4 -4 6 17 -8 -6 -2 -11 -12 -7 -14 16 -3 -5 -1
right_child=1 15 3 14 8 12 7 -9 -10 10 11 -13 13 -15 -16 -17 -18 -19
leaf_value=-0.039375134992431851 -0.032094274422550903 -0.019010272030077376 -0.027363201543629881 -0.036253006152381688 0.013059102171088327 0.027183698102838289 -0.014930582844102791 0.022882198197214584 0.033462250505428268 -0.023862499749830783 0.026372745794221254 -0.0016024072370905145 -0.0075730213281248859 0.0043199528781057298 0.0049463080592120692 -0.046306664372003627 -0.0089911221501067194 -0.019005606780026069
leaf_weight=15.942873105406763 8.8877495527267438 16.18210153281689 9.2660973966121656 11.470000460743906 135.6830742508173 11.377481147646902 37.695949763059616 13.388754457235335 25.207980290055275 15.26852425932884 14.146079361438749 150.72677956521511 77.145811825990677 206.66920597851276 13.367050498723982 12.338145226240156 12.712619185447691 10.871946200728415
leaf_count=64 37 67 37 46 550 46 151 54 104 61 57 605 309 831 54 53 51 44
internal_value=-1.47209e-05 -0.00654566 0.00242488 0.00909371 0.0138851 -0.00127788 -0.0141308 -0.00489445 0.0163119 -0.0027869 -0.00129049 0.00079238 0.00210415 0.0010691 -0.0124683 -0.0311564 -0.0222504 -0.031435
internal_weight=798.348 217.549 580.799 207.707 170.157 373.092 77.8995 51.0847 160.891 189.029 180.141 164.873 295.192 283.815 37.5497 28.5202 24.1826 26.8148
internal_count=3221 880 2341 842 691 1499 313 205 654 760 723 662 1186 1140 151 120 97 108
is_linear=0
shrinkage=0.03


Tree=18
num_leaves=21
num_cat=0
split_feature=45 0 18 7 43 2 2 8 43 42 8 8 45 32 24 34 43 0 1 39
split_gain=13.4683 13.7839 12.841 19.616 15.4978 14.0643 14.6207 12.2982 10.2841 10.0318 10.326 21.6905 13.0896 9.93121 9.74195 7.68244 7.59253 7.14896 3.5344 3.487
threshold=-0.32576741118972524 69.249516543656952 0.75000000000000011 0.0059323773849763008 0.035723836232468116 0.79811157624126439 0.33051226186837335 0.001994286718759872 0.26992346971197784 -0.24050435814925933 0.0019275596322984488 0.0017679954540686259 -0.46732955889917921 0.0002921558645372654 -0.28849693689239347 0.040938271160861954 -0.28522288884847041 29.926206945273396 1.8393270715607175 -0.26539999984054902
decision_type=2 2 2 2 2 2 2 2 2 2 2 2 2 2 2 2 2 2 2 2
left_child=1 9 4 7 5 6 -2 14 15 -1 11 -11 -12 -5 -4 -6 -9 -10 -7 -3
right_child=2 19 3 13 8 18 -8 16 17 10 12 -13 -14 -15 -16 -17 -18 -19 -20 -21
leaf_value=-0.034708882322158366 -0.0043411135452774011 -0.036505058187326876 -0.0036906685985804866 -0.043012355150541942 0.023983433455810572 0.02279007686264985 -0.028540348005910397 0.0077893657145911383 -0.01564874259317817 -0.01563196564115172 0.019533563591181597 0.017128507015932982 -0.015868332575122351 -0.0018775656801656075 0.012053597319889716 0.0019719221679546624 0.029870371073646002 0.0015211058832358818 -0.0021207034561286078 -0.011449621466864778
leaf_weight=8.8380782157182676 48.690077975392342 15.917560368776323 58.226439565420151 9.0054612308740634 30.890330225229263 11.389691859483721 42.52089287340641 23.046949803829193 24.488475248217583 28.03259801864624 10.904626742005346 50.816894695162773 59.993179231882095 13.098856270313261 88.390018031001091 27.355616688728333 38.96039991080761 189.95706185698509 8.6330004185438138 8.4152887761592847
leaf_count=37 196 67 235 36 125 46 171 93 98 112 44 205 241 53 359 110 160 763 35 35
internal_value=-1.59691e-05 -0.00716444 0.00210529 0.00769902 -0.00124635 -0.0106838 -0.0156999 0.0105627 0.00259053 -0.00389305 -0.00201137 0.00541696 -0.0103302 -0.0190153 0.00577297 0.0137543 0.0217743 -0.000428192 0.0118905 -0.0281469
internal_weight=797.571 182.918 614.653 230.728 383.925 111.234 91.211 208.624 272.691 158.585 149.747 78.8495 70.8978 22.1043 146.616 58.2459 62.0073 214.446 20.0227 24.3328
internal_count=3221 741 2480 936 1544 448 367 847 1096 639 602 317 285 89 594 235 253 861 81 102
is_linear=0
shrinkage=0.03


Tree=19
num_leaves=24
num_cat=0
split_feature=45 3 18 7 43 24 47 43 45 46 2 8 18 24 24 22 18 1 7 16 43 18 20
split_gain=12.7003 18.0642 12.0938 18.5176 14.7058 11.7534 21.8305 14.747 11.6564 11.236 10.7376 10.6089 9.99215 8.78737 8.03373 10.9308 8.42495 7.29548 6.75129 6.42156 6.36154 6.11367 1.92625
threshold=-0.32576741118972524 0.012736920112688302 0.75000000000000011 0.0062800102941736012 -0.071592281987797643 0.11802003496708992 -0.38194113732052021 -0.39901927327765185 -0.37758545395832527 0.29733413675251946 0.7656999845153184 0.001994286718759872 0.50000000000000011 -0.28849693689239347 -1.0779999718627347 -0.34192283565359732 0.25000000000000006 1.9417358189079439 0.0037369059522307005 0.0046696538934567012 -0.28522288884847041 0.75000000000000011 2.0655207000464864
decision_type=2 2 2 2 2 2 2 2 2 2 2 2 2 2 2 2 2 2 2 2 2 2 2
left_child=1 5 4 11 10 6 7 -1 18 -10 12 13 -2 -4 15 -6 -16 -5 -7 -12 -13 -8 -3
right_child=2 22 3 17 14 8 21 -9 9 -11 19 20 -14 -15 16 -17 -18 -19 -20 -21 -22 -23 -24
leaf_value=0.03436383330490092 -0.0080597809769644563 -0.02394708130151002 -0.0033175487636152197 -0.037119402433357637 -0.033209794437624097 -0.033777825681215123 0.003607016799794372 0.0012475090553206115 -0.017934844487668869 0.02051256939495644 0.027059386354933719 0.0075569395447460152 -0.031453404325744838 0.011581919021195231 -0.0061396024414317289 0.0091320049155849108 0.0063194761757296688 -0.00031052786506365141 -0.0093613099903294156 -0.0080757432549037715 0.027726082884882142 -0.019831028103000959 -0.044901692365645729
leaf_weight=23.259622484445572 43.066545560956001 11.088617965579035 58.478556200861931 10.450392886996271 12.790935233235361 22.943227738142014 14.671208769083021 25.687787532806396 12.721640706062319 14.387875735759733 8.6268400847911852 23.047723218798637 27.32513315975666 89.309074997901917 63.17889866232872 9.2049992978572828 209.92011047899723 9.3922538608312589 19.655459091067314 9.6439559906721097 39.818615391850471 29.300189599394798 8.9224631339311582
leaf_count=94 173 47 236 42 51 92 59 104 51 58 35 93 111 363 253 37 845 38 80 39 164 117 39
internal_value=-1.638e-05 -0.00696422 0.00204332 0.00747524 -0.00120919 -0.00360908 0.00333742 0.0171328 -0.0129203 0.00230592 -0.0119195 0.0101022 -0.0172522 0.0056585 0.00199794 -0.0153453 0.00341893 -0.0200545 -0.0226894 0.00835482 0.0204388 -0.0119232 -0.033778
internal_weight=796.892 182.638 614.254 230.497 383.757 162.627 92.9188 48.9474 69.7082 27.1095 88.6625 210.654 70.3917 147.788 295.095 21.9959 273.099 19.8426 42.5987 18.2708 62.8663 43.9714 20.0111
internal_count=3221 741 2480 936 1544 655 374 198 281 109 358 856 284 599 1186 88 1098 80 172 74 257 176 86
is_linear=0
shrinkage=0.03


Tree=20
num_leaves=23
num_cat=0
split_feature=18 7 8 43 11 37 3 8 23 3 28 8 3 43 38 42 15 12 2 16 7 7
split_gain=12.0631 14.7294 18.782 15.3932 12.4263 11.6101 12.4996 13.7348 19.2 14.3116 10.5606 9.39999 10.8177 29.8172 15.6883 8.11244 10.9829 10.6721 7.03743 15.1309 6.39483 5.35999
threshold=0.90000000000000013 0.005494414929054601 0.0018886965367888254 -0.23791088012459891 -0.0010208064386478999 -0.067707137362018444 0.0043604128013012512 0.0019672328103904064 0.3475741233488841 0.014988390028298052 0.55355894890167667 0.0019390621546004083 0.0050970561714755508 0.37632269316894607 -0.19090754919147168 0.089707251875000921 1.121675473950368 0.0029626991725496504 0.5062327278086417 -0.0013534732249881997 0.0017371911345084501 0.0038471841949336001
decision_type=2 2 2 2 2 2 2 2 2 2 2 2 2 2 2 2 2 2 2 2 2 2
left_child=5 2 18 4 -4 11 -7 9 -9 -8 -3 12 13 -1 -14 17 -17 -13 19 -2 -20 -5
right_child=1 10 3 21 -6 6 7 8 -10 -11 -12 15 14 -15 -16 16 -18 -19 20 -21 -22 -23
leaf_value=0.045209262702518349 0.0086597586410343524 0.00047701141549062558 0.029987241817480616 0.04286422118932974 -0.01040017989060054 -0.039237615117806907 0.0021350212420624647 -0.0017502443859626993 -0.024808512045484461 -0.030814809849046346 -0.039466285772586693 0.030040841334438906 0.002767892847322114 -0.024665164735514254 -0.016563685596899691 -0.0052967224410655723 0.024626431641001114 -0.0055016898804603736 0.030698059729858514 -0.032791538342178732 0.001557454131116353 0.016595277031629704
leaf_weight=14.009743824601175 17.271391406655315 16.999898672103885 11.337250381708147 26.531662166118622 16.677426144480705 9.4892955869436246 200.84812147915363 73.044281303882599 59.107522368431091 12.456284195184706 8.8421610444784147 29.049481794238091 109.78682944178581 8.7711527645587903 57.214159607887268 39.832632258534431 15.046900063753126 9.9534656405448896 9.2545877248048765 14.24379727244377 25.662564352154732 10.722070947289465
leaf_count=57 70 69 46 111 67 38 811 294 242 52 36 118 442 35 229 160 61 40 38 57 104 44
internal_value=-1.73319e-05 0.00740772 0.0114891 0.0228999 0.00585708 -0.00185742 -0.00547669 -0.00451966 -0.012114 0.000169474 -0.0131658 0.00265596 -0.00116494 0.0181244 -0.00383706 0.0104172 0.00287061 0.0208692 0.000184355 -0.0099993 0.0095076 0.0355209
internal_weight=796.153 157.543 131.701 65.2684 28.0147 638.61 354.946 345.456 132.152 213.304 25.8421 283.664 189.782 22.7809 167.001 93.8825 54.8795 39.0029 66.4323 31.5152 34.9172 37.2537
internal_count=3221 642 537 268 113 2579 1437 1399 536 863 105 1142 763 92 671 379 221 158 269 127 142 155
is_linear=0
shrinkage=0.03


Tree=21
num_leaves=18
num_cat=0
split_feature=45 3 34 24 41 0 23 12 1 8 45 46 35 23 1 7 34
split_gain=11.3895 16.8943 11.7325 13.9372 15.8379 10.7294 10.3882 11.1405 13.3829 9.88721 9.55053 9.41809 9.15948 8.77951 4.7044 4.20243 3.3159
threshold=-0.32576741118972524 0.012736920112688302 0.040844241909991141 0.1289440050599181 0.096849768367572489 24.155719351393326 1.4844661264262282 0.00070608120919480016 1.6846877278870809 0.0017910261691706532 -0.39087213090796574 0.25871159461438159 0.66430796565076522 -1.1724729094193742 0.56567059877511394 -0.0047064643780140485 0.041003047672808317
decision_type=2 2 2 2 2 2 2 2 2 2 2 2 2 2 2 2 2
left_child=1 2 -1 4 -4 13 9 14 -9 11 -5 -7 -11 -2 -8 -15 -3
right_child=5 16 3 10 -6 6 7 8 -10 12 -12 -13 -14 15 -16 -17 -18
leaf_value=-0.033121458949708547 0.0062636589179773149 -0.044704689942542813 -0.0085986915001176733 -0.022245558133148449 0.017495886068360448 -0.0044313843581904599 -0.0078976417154908128 0.01273894349145697 -0.019697539925298019 0.010741807224934128 0.00053456684496004431 0.025045760775903265 0.00081523117048830937 -0.033053608781995703 -0.036674560261870631 -0.0069577846588309957 -0.018460941228134992
leaf_weight=10.980408087372778 13.101123988628386 10.387643396854402 35.205578491091728 35.034809976816177 50.692802727222443 131.13788588345051 9.1989357024431246 29.851543560624123 18.3542550355196 229.47865949571133 30.572780162096024 10.362222030758856 133.26110555231571 15.949061989784239 13.196076750755308 9.3799726068973559 9.3219607919454557
leaf_count=44 53 46 141 142 205 528 37 121 74 931 123 42 539 64 53 38 40
internal_value=-1.6341e-05 -0.00660477 -0.00337815 -0.0011622 0.00675234 0.00193481 0.00296838 -0.00777512 0.00027297 0.00448341 -0.0115847 -0.00221673 0.00710929 -0.0133602 -0.025185 -0.0236641 -0.0327521
internal_weight=795.467 182.196 162.486 151.506 85.8984 613.271 574.841 70.6008 48.2058 504.24 65.6076 141.5 362.74 38.4302 22.395 25.329 19.7096
internal_count=3221 741 655 611 346 2480 2325 285 195 2040 265 570 1470 155 90 102 86
is_linear=0
shrinkage=0.03


Tree=22
num_leaves=16
num_cat=0
split_feature=37 3 37 46 8 33 33 42 34 33 38 6 45 17 6
split_gain=10.7887 19.0185 9.06802 9.9733 10.1241 10.6715 8.46037 7.96811 9.03794 11.8603 7.00077 6.00991 5.63176 5.40859 3.80774
threshold=0.33823209977812957 0.012836698443298203 0.30692433912547917 0.19615817904644667 0.0017910261691706532 0.47801893421264413 0.77906304217358813 -0.24050435814925933 0.040873526169138037 0.20596933903748832 0.18028168050169582 -0.0007120324448987999 -0.32576741118972524 0.14166666666643057 0.00010882161358070001
decision_type=2 2 2 2 2 2 2 2 2 2 2 2 2 2 2
left_child=2 7 3 4 6 -6 -1 -2 12 -10 11 -5 -9 -3 -4
right_child=1 13 14 10 5 -7 -8 8 9 -11 -12 -13 -14 -15 -16
leaf_value=-0.0076470377152804006 -0.030101918312082476 -0.016731948287465954 0.0076289133844407555 -0.0013172709719983342 0.0092322498079476078 -0.0016500793095901233 0.011373766441548699 -0.020110959557206681 0.013602882330255871 -0.0042609715979056847 0.0088549905022994851 -0.023940987973784317 0.0055622258984678969 -0.044418983172116004 0.031365389051581288
leaf_weight=113.91265898942947 8.6992379724979383 15.839027270674707 13.150470808148386 17.154010266065598 229.82323250174522 124.2422259747982 25.514180585741997 29.642122194170952 54.438161090016365 85.750628188252449 13.053127527236937 29.412252992391586 9.9566771537065488 11.83210241794586 12.529843330383299
leaf_count=458 37 67 53 69 935 500 103 119 219 345 53 119 40 53 51
internal_value=-1.75063e-05 -0.00573967 0.00211268 0.00129223 0.00270048 0.00540183 -0.00412563 -0.00229423 -0.000899736 0.00265099 -0.0102666 -0.0157342 -0.0135459 -0.0289083 0.0194994
internal_weight=794.95 216.158 578.792 553.112 493.492 354.065 139.427 188.487 179.788 140.189 59.6194 46.5663 39.5988 27.6711 25.6803
internal_count=3221 880 2341 2237 1996 1435 561 760 723 564 241 188 159 120 104
is_linear=0
shrinkage=0.03


end of trees

feature_importances:
Column_3=42
Column_43=35
Column_7=32
Column_8=32
Column_18=24
Column_34=20
Column_1=18
Column_32=17
Column_39=16
Column_45=16
Column_0=15
Column_17=14
Column_35=13
Column_2=12
Column_24=12
Column_33=12
Column_46=12
Column_23=11
Column_37=11
Column_44=10
Column_15=9
Column_38=9
Column_42=8
Column_16=7
Column_40=7
Column_11=6
Column_12=6
Column_20=5
Column_22=5
Column_30=5
Column_47=5
Column_36=4
Column_41=4
Column_6=3
Column_29=3
Column_4=1
Column_14=1
Column_28=1

parameters:
[boosting: gbdt]
[objective: binary]
[metric: binary_logloss]
[tree_learner: serial]
[device_type: cpu]
[data_sample_strategy: bagging]
[data: ]
[valid: ]
[num_iterations: 500]
[learning_rate: 0.03]
[num_leaves: 31]
[num_threads: 1]
[seed: 42]
[deterministic: 0]
[force_col_wise: 0]
[force_row_wise: 0]
[histogram_pool_size: -1]
[max_depth: 5]
[min_data_in_leaf: 35]
[min_sum_hessian_in_leaf: 0.001]
[bagging_fraction: 0.8]
[pos_bagging_fraction: 1]
[neg_bagging_fraction: 1]
[bagging_freq: 0]
[bagging_seed: 400]
[bagging_by_query: 0]
[feature_fraction: 0.8]
[feature_fraction_bynode: 1]
[feature_fraction_seed: 30056]
[extra_trees: 0]
[extra_seed: 12879]
[early_stopping_round: 0]
[early_stopping_min_delta: 0]
[first_metric_only: 0]
[max_delta_step: 0]
[lambda_l1: 0.15]
[lambda_l2: 0.15]
[linear_lambda: 0]
[min_gain_to_split: 0]
[drop_rate: 0.1]
[max_drop: 50]
[skip_drop: 0.5]
[xgboost_dart_mode: 0]
[uniform_drop: 0]
[drop_seed: 17869]
[top_rate: 0.2]
[other_rate: 0.1]
[min_data_per_group: 100]
[max_cat_threshold: 32]
[cat_l2: 10]
[cat_smooth: 10]
[max_cat_to_onehot: 4]
[top_k: 20]
[monotone_constraints: ]
[monotone_constraints_method: basic]
[monotone_penalty: 0]
[feature_contri: ]
[forcedsplits_filename: ]
[refit_decay_rate: 0.9]
[cegb_tradeoff: 1]
[cegb_penalty_split: 0]
[cegb_penalty_feature_lazy: ]
[cegb_penalty_feature_coupled: ]
[path_smooth: 0]
[interaction_constraints: ]
[verbosity: -1]
[saved_feature_importance_type: 0]
[use_quantized_grad: 0]
[num_grad_quant_bins: 4]
[quant_train_renew_leaf: 0]
[stochastic_rounding: 1]
[linear_tree: 0]
[max_bin: 255]
[max_bin_by_feature: ]
[min_data_in_bin: 3]
[bin_construct_sample_cnt: 200000]
[data_random_seed: 175]
[is_enable_sparse: 1]
[enable_bundle: 1]
[use_missing: 1]
[zero_as_missing: 0]
[feature_pre_filter: 1]
[pre_partition: 0]
[two_round: 0]
[header: 0]
[label_column: ]
[weight_column: ]
[group_column: ]
[ignore_column: ]
[categorical_feature: ]
[forcedbins_filename: ]
[precise_float_parser: 0]
[parser_config_file: ]
[objective_seed: 16083]
[num_class: 1]
[is_unbalance: 0]
[scale_pos_weight: 1]
[sigmoid: 1]
[boost_from_average: 1]
[reg_sqrt: 0]
[alpha: 0.9]
[fair_c: 1]
[poisson_max_delta_step: 0.7]
[tweedie_variance_power: 1.5]
[lambdarank_truncation_level: 30]
[lambdarank_norm: 1]
[label_gain: ]
[lambdarank_position_bias_regularization: 0]
[eval_at: ]
[multi_error_top_k: 1]
[auc_mu_weights: ]
[num_machines: 1]
[local_listen_port: 12400]
[time_out: 120]
[machine_list_filename: ]
[machines: ]
[gpu_platform_id: -1]
[gpu_device_id: -1]
[gpu_use_dp: 0]
[num_gpu: 1]

end of parameters

pandas_categorical:null
