tree
version=v4
num_class=1
num_tree_per_iteration=1
label_index=0
max_feature_idx=41
objective=binary sigmoid:1
feature_names=Column_0 Column_1 Column_2 Column_3 Column_4 Column_5 Column_6 Column_7 Column_8 Column_9 Column_10 Column_11 Column_12 Column_13 Column_14 Column_15 Column_16 Column_17 Column_18 Column_19 Column_20 Column_21 Column_22 Column_23 Column_24 Column_25 Column_26 Column_27 Column_28 Column_29 Column_30 Column_31 Column_32 Column_33 Column_34 Column_35 Column_36 Column_37 Column_38 Column_39 Column_40 Column_41
feature_infos=[9.5710913963179394:89.841688645135051] [-3.0328906240520155:2.5820196825898165] [-0.27817613134983449:1.2524943441064802] [0.00086312134859919997:0.0053179270998694999] [0:1] [0:1] [-0.0012777942546391:0.0012134968187791999] [-0.0020595454161432001:0.0018057904870390001] [-0.0029456598907981:0.0027592332722979999] [0.00038938634126449998:0.00062117480607829997] [-0.00099616193668280008:0.0010027171280051] [-1:1] [0.00018514857068700001:0.0010999706015909] [-0.00099616193668280008:0.0010027171280051] [-0.0015729747694709:0.0020448885129375999] [-0.0022614685487788002:0.0019639251686995999] [-0.0028216284545673001:0.0031934622097882998] [0:1] [0:1] [0:1] [-1:1] [-0.0011524113073357:0.0010585965426765001] [-0.0002124513269226:0.00018967220714699999] [-1:1] [0.000167308180076:0.00070033417680360002] [0:1] [-3.5497454600383043e-05:3.3211945849753877e-05] [0.0025873046276902001:0.002627287005519] [-0.84954965907652302:-0.76185154242581021] [0:0.90094615413148338] [-4.9369163450241844:4.6099302029530227] [0.022198860286406101:1] [-0.0025812065285630002:0.0021329223988887001] [-0.0025426079643117998:0.0022562480911375998] [-1:1] [0:1] [0:1] none none [0:1] [0.20000000000000001:0.69999999999999996] [0.049598034579630981:0.94179678131162403]
tree_sizes=1271 1735 1532 1416 1322 1524 1205 1204 1309 992 1000 1102 1409 797 1507 893 684 897 1326 689 1323 998 897 792 998 997 790 792 988 684 801 687 1088 1100 793 1100 894 997 997 798 1095 689 792 894 1632 1093 797 1005 887 692

Tree=0
num_leaves=11
num_cat=0
split_feature=41 41 31 21 29 21 3 22 41 12
split_gain=22.4229 8.2074 8.42008 8.07403 7.4335 4.74284 5.01535 3.99418 3.27141 2.00152
threshold=0.66331163955713579 0.2014788695535106 0.030331286873584353 -0.00019664953677469999 0.4300218894656952 0.00043858094233085006 0.0015246287566734002 -6.5265576188271968e-06 0.72139471422527846 0.00040469414753945004
decision_type=2 2 2 2 2 2 2 2 2 2
left_child=1 3 -3 -1 -4 6 7 -2 -8 -5
right_child=5 2 4 9 -6 -7 8 -9 -10 -11
leaf_value=0.47432482497175044 0.59152550234129408 0.39680918709126106 0.49595092505650828 0.55592023326700235 0.5481079069408612 0.49961940154327855 0.55745014717253838 0.49566516252589321 0.61917959475433249 0.62170653120504926
leaf_weight=4.9022364914417293 5.1356763243675232 4.6687966585159293 86.139298349618912 4.9022364914417249 21.943344295024872 4.6687966585159293 7.4700746536254909 6.0694356560707075 20.776145130395889 7.4700746536254883
leaf_count=21 22 20 369 21 94 20 32 26 89 32
internal_value=0.526585 0.509864 0.501996 0.561213 0.50654 0.575866 0.584889 0.539601 0.602854 0.59564
internal_weight=174.146 130.026 112.751 17.2745 108.083 44.1201 39.4513 11.2051 28.2462 12.3723
internal_count=746 557 483 74 463 189 169 48 121 53
is_linear=0
shrinkage=1


Tree=1
num_leaves=15
num_cat=0
split_feature=41 41 24 3 16 15 30 6 12 29 16 24 3 21
split_gain=19.1768 6.97321 9.45197 8.63594 6.40758 7.15795 5.90691 4.45371 7.06956 5.49845 4.94711 4.18805 3.78922 1.67456
threshold=0.66331163955713579 0.31084562266325283 0.00045046138731585006 0.0021592303637579004 0.00085083721714920011 2.2773231737413649e-05 -0.74652383014738488 6.4332721165854918e-05 0.00042942626500825005 0.24314475116593903 0.00072697344073055015 0.00040928114179855001 0.0015246287566734002 -0.00027688806969649991
decision_type=2 2 2 2 2 2 2 2 2 2 2 2 2 2
left_child=1 2 3 -1 5 -3 -4 12 10 -10 -9 -6 -2 -14
right_child=7 4 6 -5 11 -7 -8 8 9 -11 -12 -13 13 -15
leaf_value=0.021122254285728288 0.019037000459428365 -0.038235771787398044 0.0077220148015055938 -0.069277896260861491 -0.044606051469371674 0.013311142124961223 0.12655528988458659 0.010613477352782339 -0.084134912725191691 0.032077586545493905 0.12494013825463314 -0.12634370087351665 0.063775058438343482 0.11451378263686296
leaf_weight=18.869807243347172 6.7219092845916775 40.829370677471161 4.6719167232513428 10.541341334581373 13.863368868827822 29.842761665582657 6.2698409259319288 4.8586290031671542 5.3278866708278638 5.0996744334697723 4.83083875477314 5.6456633806228629 7.9986238777637526 8.6810951530933345
leaf_count=81 29 174 20 45 59 127 27 21 23 22 21 24 35 38
internal_value=2.81695e-05 -0.0153043 0.0123374 -0.0112783 -0.027673 -0.016469 0.0758158 0.0460179 0.0184151 -0.0273003 0.0676129 -0.0682599 0.0697465 0.0901824
internal_weight=174.053 130.534 40.3529 29.4111 90.1812 70.6721 10.9418 43.5187 20.117 10.4276 9.68947 19.509 23.4016 16.6797
internal_count=746 557 173 126 384 301 47 189 87 45 42 83 102 73
is_linear=0
shrinkage=0.08


Tree=2
num_leaves=13
num_cat=0
split_feature=41 26 15 30 7 24 12 26 3 16 10 15
split_gain=16.4254 6.51523 11.3879 10.8077 9.50955 7.62644 4.03166 6.5988 4.70839 3.08765 3.94318 2.53799
threshold=0.66331163955713579 1.4275363269895186e-05 2.2773231737413649e-05 0.75745975304048607 0.00041984596170705006 0.00040482931974055006 0.00042942626500825005 -4.7023641454005711e-06 0.0019877569301596006 0.00039025165775440003 -8.9986220859658743e-06 0.00083431007518190009
decision_type=2 2 2 2 2 2 2 2 2 2 2 2
left_child=1 2 4 -4 -1 -3 9 -8 -9 10 -2 -7
right_child=6 5 3 -5 -6 11 7 8 -10 -11 -12 -13
leaf_value=-0.021708359120432407 0.092913641026696303 0.0044534812297177644 0.073557461071472416 -0.0041830293948077121 -0.13983860955084465 -0.13947583801417202 0.095183157965558526 0.027929437472115761 -0.056835067669019058 0.11024665817507678 -0.0023723934916882617 -0.05980090949304611
leaf_weight=54.985922992229462 5.4221366643905649 7.0630100667476681 16.508397161960602 37.315645277500153 4.7370437085628501 5.6540544182062131 5.8789028823375729 11.781378686428072 6.5121881067752829 7.5905183404684058 5.7029782086610803 4.6739410012960434
leaf_count=233 24 30 71 159 20 24 26 52 28 34 25 20
internal_value=6.37525e-05 -0.0140105 -0.00702663 0.0196608 -0.0310781 -0.0596087 0.0430327 0.02145 -0.00224524 0.0709081 0.0440679 -0.103419
internal_weight=173.826 130.938 113.547 53.824 59.723 17.391 42.8881 24.1725 18.2936 18.7156 11.1251 10.328
internal_count=746 557 483 230 253 74 189 106 80 83 49 44
is_linear=0
shrinkage=0.08


Tree=3
num_leaves=12
num_cat=0
split_feature=41 41 31 35 21 6 16 12 3 22 21
split_gain=14.0754 6.07462 7.21914 6.70685 6.34568 3.70369 6.08743 6.44273 3.56462 2.01113 1.68147
threshold=0.66331163955713579 0.2014788695535106 0.030331286873584353 1.0000000180025095e-35 -0.00019664953677469999 6.4332721165854918e-05 0.00019045105271950003 0.00043307082007175006 0.0015246287566734002 4.1541959064092433e-05 -0.00027688806969649991
decision_type=2 2 2 2 2 2 2 2 2 2 2
left_child=1 4 -3 -4 -1 8 -7 -8 -2 -6 -10
right_child=5 2 3 -5 9 6 7 -9 10 -11 -12
leaf_value=-0.043989119937383761 0.012840871603044358 -0.11540937070997434 -0.03717981829587988 0.0026328759604378011 0.031043315035948427 -0.054113789675600689 0.096324628917727056 -0.012311683125855932 0.055929435971325346 0.096501125587691861 0.1079523505102904
leaf_weight=4.9990971535444286 6.5628792941570309 4.8089063614606848 49.186213776469231 60.255019351840019 6.1029546260833722 5.7749289423227337 7.1876078546047193 6.7984766513109207 7.6692691892385492 5.9159024655818939 8.257660880684849
leaf_count=21 29 20 208 255 27 25 33 29 35 26 38
internal_value=9.30303e-05 -0.0128336 -0.0194755 -0.0152602 0.0317571 0.0402545 0.0149861 0.0435178 0.0624569 0.0632629 0.0829018
internal_weight=173.519 131.268 114.25 109.441 17.018 42.2508 19.761 13.9861 22.4898 12.0189 15.9269
internal_count=746 557 483 463 74 189 87 62 102 53 73
is_linear=0
shrinkage=0.08


Tree=4
num_leaves=11
num_cat=0
split_feature=41 26 21 24 15 10 10 31 8 12
split_gain=12.0802 5.40624 9.89242 6.44283 5.4098 3.43559 4.38519 4.73215 3.08659 2.38529
threshold=0.66331163955713579 1.4275363269895186e-05 0.00038868407380520005 0.00041841516335000003 2.2773231737413649e-05 3.5304163608531677e-05 0.00019345259493935003 0.082256439167618961 -0.00067083564046509984 0.00045261883107490004
decision_type=2 2 2 2 2 2 2 2 2 2
left_child=1 2 4 -3 -1 8 -7 -8 -2 -10
right_child=5 3 -4 -5 -6 6 7 -9 9 -11
leaf_value=-0.027504154503862416 0.0084885325416671938 -0.0069602336114437174 0.083004561924639036 -0.10375075092968367 0.0088968438852378359 -0.041330476884586388 0.084908689636116558 -0.014511230352990036 0.1070528655209172 0.046972115796944644
leaf_weight=60.082209780812263 5.8520707786083248 9.2594800740480441 7.5655020028352729 8.3890628069639188 46.239022687077522 6.4110207706689861 6.8110282868146879 5.5695412904024124 8.1510998010635394 8.7894530445337278
leaf_count=252 27 39 33 35 198 29 31 24 38 40
internal_value=0.000113677 -0.0117685 -0.00538393 -0.0529687 -0.0116734 0.0376984 0.0123738 0.0401835 0.0585774 0.0758805
internal_weight=173.119 131.535 113.887 17.6485 106.321 41.5842 18.7916 12.3806 22.7926 16.9406
internal_count=746 557 483 74 450 189 84 55 105 78
is_linear=0
shrinkage=0.08


Tree=5
num_leaves=13
num_cat=0
split_feature=41 41 24 1 1 10 16 30 29 10 10 8
split_gain=10.3562 5.07597 8.14814 7.44259 6.48143 8.13489 7.23049 5.03138 3.23371 3.48407 6.45358 3.45971
threshold=0.66331163955713579 0.31084562266325283 0.00045046138731585006 -0.31568261978350159 0.21773465444493922 0.00041831736254350002 -6.481168698665078e-05 -0.74652383014738488 0.11069566181774572 3.5304163608531677e-05 0.00019345259493935003 -0.00053065743456429993
decision_type=2 2 2 2 2 2 2 2 2 2 2 2
left_child=1 2 3 -1 6 -6 -3 -4 -2 11 -11 -10
right_child=8 4 7 -5 5 -7 -8 -9 9 10 -12 -13
leaf_value=-0.066175980266475393 0.089776082224951106 -0.022692325702922518 0.010717968147522308 0.019346632327745566 -0.028733466384331594 -0.12544057702149766 0.044730807917961968 0.12125400684272009 -0.0066762717103676563 -0.074420657087802877 0.033802126858213953 0.070072612611695798
leaf_weight=9.7058296352624911 5.9499280154705039 29.837263122200966 4.6997591257095337 19.793373450636864 39.785693615674973 6.4725794792175284 15.451006576418875 6.0001981109380704 5.1639748215675381 5.2292023003101376 10.830260992050169 13.816522151231764
leaf_count=41 28 125 20 85 167 27 65 27 24 23 49 65
internal_value=0.000129021 -0.0107972 0.0128998 -0.00879202 -0.0212028 -0.042265 0.000310436 0.0727031 0.035247 0.0259877 -0.00143684 0.0491917
internal_weight=172.736 131.746 40.1992 29.4992 91.5465 46.2583 45.2883 10.7 40.9899 35.04 16.0595 18.9805
internal_count=746 557 173 126 384 194 190 47 189 161 72 89
is_linear=0
shrinkage=0.08


Tree=6
num_leaves=10
num_cat=0
split_feature=41 0 8 15 8 28 3 24 26
split_gain=9.17342 6.72144 10.6779 8.19573 8.06122 5.56291 5.50347 4.0932 2.56189
threshold=0.72139471422527846 66.357901743095255 0.0014373801331909002 0.00092815655199870008 0.0015592579737379001 -0.79886299364504432 0.0014319323128640503 0.00048882307246060012 8.0519591786079842e-08
decision_type=2 2 2 2 2 2 2 2 2
left_child=1 2 5 4 -3 -1 -2 8 -8
right_child=6 3 -4 -5 -6 -7 7 -9 -10
leaf_value=0.0030291759312809632 -0.023977829462355233 -0.052300188550473754 0.10157838693121159 -0.13011260096008836 0.066658912960636515 -0.041085987018126685 0.036344571817906589 -0.012307600031992173 0.096930110704736783
leaf_weight=88.498126119375229 6.6328064054250744 13.79324041306973 6.2239521890878668 5.7394456118345252 4.9555574357509604 23.060918658971786 7.1133968681097093 4.2622158974409095 12.0061177611351
leaf_count=377 30 58 27 24 21 98 34 20 57
internal_value=0.000149597 -0.00832928 -0.000400611 -0.0464644 -0.0208577 -0.00609009 0.0403401 0.0585855 0.0743893
internal_weight=172.286 142.271 117.783 24.4882 18.7488 111.559 30.0145 23.3817 19.1195
internal_count=746 605 502 103 79 475 141 111 91
is_linear=0
shrinkage=0.08


Tree=7
num_leaves=10
num_cat=0
split_feature=41 0 8 15 8 3 28 24 26
split_gain=7.88661 5.62817 9.30714 6.70666 6.82584 4.80686 4.66248 3.64206 2.36217
threshold=0.72139471422527846 66.357901743095255 0.0014373801331909002 0.00092815655199870008 0.0015592579737379001 0.0014319323128640503 -0.79886299364504432 0.00048882307246060012 8.0519591786079842e-08
decision_type=2 2 2 2 2 2 2 2 2
left_child=1 2 6 4 -3 -2 -1 8 -7
right_child=5 3 -4 -5 -6 7 -8 -9 -10
leaf_value=0.002788881050923227 -0.021881522843583995 -0.047613880128466395 0.096311671336660076 -0.11710711832931894 0.062350378341419974 0.033950227750350781 -0.03746594743643903 -0.011271918451478471 0.09281427981684473
leaf_weight=88.436102733016014 6.6845106929540661 13.93250915408135 6.0464817434549323 5.8609693348407736 4.8774337619543067 7.0102642029523912 23.257251605391502 4.2807187438011161 11.554132923483847
leaf_count=377 30 58 27 24 21 34 98 20 57
internal_value=0.000162072 -0.00763989 -0.000359865 -0.0423832 -0.0191001 0.0377881 -0.00559315 0.0552475 0.0705861
internal_weight=171.94 142.411 117.74 24.6709 18.8099 29.5296 111.693 22.8451 18.5644
internal_count=746 605 502 103 79 141 475 111 91
is_linear=0
shrinkage=0.08


Tree=8
num_leaves=11
num_cat=0
split_feature=41 31 29 0 30 12 26 35 16 12
split_gain=7.00931 4.79763 5.89091 5.04899 3.6865 3.56132 6.0477 3.57658 2.54859 3.66009
threshold=0.66331163955713579 0.030331286873584353 0.52880657589098357 29.328160876413751 -0.2274323150227652 0.00042942626500825005 -4.7023641454005711e-06 1.0000000180025095e-35 0.00039025165775440003 0.00034356403030715005
decision_type=2 2 2 2 2 2 2 2 2 2
left_child=1 -1 3 -3 -4 8 -7 -8 9 -2
right_child=5 2 4 -5 -6 6 7 -9 -10 -11
leaf_value=-0.082807039050843148 -0.019658158887747228 0.051281801665732589 0.0018762630507767187 -0.015218502731888227 0.096826349915929588 0.083280034024373312 0.029045444370533812 -0.044848239117749177 0.096722696660607871 0.075775240110921654
leaf_weight=5.3609744161367408 4.6694910377264041 7.8358232080936423 4.9722072780132294 108.26334539055824 5.5248700976371747 5.3482424020767239 7.1817033737897882 10.070463046431541 6.5157433152198783 5.725850522518158
leaf_count=22 22 33 21 457 24 26 34 46 34 27
internal_value=0.000170552 -0.0086802 -0.00554115 -0.0107302 0.0518508 0.0297296 0.0089536 -0.0140879 0.0574951 0.0329074
internal_weight=171.469 131.957 126.596 116.099 10.4971 39.5115 22.6004 17.2522 16.9111 10.3953
internal_count=746 557 535 490 45 189 106 80 83 49
is_linear=0
shrinkage=0.08


Tree=9
num_leaves=8
num_cat=0
split_feature=29 22 41 1 12 1 10
split_gain=6.16394 6.51407 3.90916 5.35664 3.58985 2.64867 2.6407
threshold=0.076751103333729268 0.00010513376049800002 0.66331163955713579 1.4349966182317078 0.00034356403030715005 0.21164298206917917 -0.00022436262535299996
decision_type=2 2 2 2 2 2 2
left_child=4 2 3 -2 -1 -4 -6
right_child=1 -3 5 -5 6 -7 -8
leaf_value=0.10599724597925705 -0.011392022273368481 -0.071647703758916589 0.00148672276854253 0.076879506581908327 0.070801317007449363 0.046453507716056663 -0.008655243409983868
leaf_weight=4.7325385212898246 108.21688763797283 8.7717225700616819 17.284825682640076 4.5862437486648551 4.4382580369710913 16.279231041669846 6.7455509155988684
leaf_count=22 456 37 82 20 20 80 29
internal_value=0.000179571 -0.00468464 -0.000671571 -0.00780316 0.0475917 0.0232965 0.0228768
internal_weight=171.055 155.139 146.367 112.803 15.9163 33.5641 11.1838
internal_count=746 675 638 476 71 162 49
is_linear=0
shrinkage=0.08


Tree=10
num_leaves=8
num_cat=0
split_feature=33 9 1 41 31 12 26
split_gain=5.47007 4.74991 6.56801 4.64464 4.07144 3.64384 2.00279
threshold=-0.0014231101868898998 0.00052431018589540015 -0.52687128369143454 0.68397601754431847 0.030331286873584353 0.00066854043058230019 1.476370007848791e-05
decision_type=2 2 2 2 2 2 2
left_child=-1 3 -3 4 -2 -4 -5
right_child=1 2 5 6 -6 -7 -8
leaf_value=0.086853691741915318 -0.073071856397703222 -0.10719081760179204 -0.030251973137326631 0.022037629910655311 -0.00010840621353151322 0.045933951205514252 0.074808175355776801
leaf_weight=4.53616739809513 5.1346936523914328 5.8983501940965679 16.996942743659023 22.445354416966442 104.6759989708662 5.2615582048892966 5.7903425246477118
leaf_count=21 21 25 73 111 445 22 28
internal_value=0.000178548 -0.00218707 -0.0321327 0.00392084 -0.00352014 -0.0122428 0.0328594
internal_weight=170.739 166.203 28.1569 138.046 109.811 22.2585 28.2357
internal_count=746 725 120 605 466 95 139
is_linear=0
shrinkage=0.08


Tree=11
num_leaves=9
num_cat=0
split_feature=29 0 8 28 24 24 12 10
split_gain=5.07944 5.92649 7.66673 5.39782 3.9922 6.17946 3.23544 2.20921
threshold=0.076751103333729268 66.357901743095255 0.0014373801331909002 -0.79886299364504432 0.00030457238336630005 0.00037886009654030007 0.00034356403030715005 -0.00022436262535299996
decision_type=2 2 2 2 2 2 2 2
left_child=6 2 3 -2 -3 -6 -1 -8
right_child=1 4 -4 -5 5 -7 7 -9
leaf_value=0.10067641911405917 0.0058973090671505151 0.01838076450279378 0.091608793385107024 -0.035838439468508315 -0.12606587674855249 -0.023783033752138558 0.065227143529482362 -0.0082210597326947046
leaf_weight=4.5298501104116431 103.53255674242973 5.0304771959781673 5.8428851068019858 24.532096832990646 6.1667522788047782 9.7684776633977872 4.2912607640027991 6.7333830296993247
leaf_count=22 456 22 27 104 25 41 20 29
internal_value=0.000175759 -0.00420115 0.00199116 -0.0020976 -0.0437513 -0.0633653 0.0437559 0.0203681
internal_weight=170.428 154.873 133.908 128.065 20.9657 15.9352 15.5545 11.0246
internal_count=746 675 587 560 88 66 71 49
is_linear=0
shrinkage=0.08


Tree=12
num_leaves=12
num_cat=0
split_feature=41 31 31 3 0 15 6 30 8 7 7
split_gain=4.61074 4.25827 5.4859 7.49234 4.17587 6.4964 9.55282 6.38175 6.24166 4.14436 1.7366
threshold=0.72139471422527846 0.10011461945244071 0.072979008685500571 0.0015246287566734002 61.162865284734529 5.5445000807071927e-05 0.00014753347091825005 0.25095930114988324 0.0017946906368095502 0.00037292694186555006 0.0003993727255606001
decision_type=2 2 2 2 2 2 2 2 2 2 2
left_child=4 2 3 -2 5 7 -7 -1 9 -6 -3
right_child=1 10 -4 -5 8 6 -8 -9 -10 -11 -12
leaf_value=-0.024696649649889216 -0.02027773855062653 0.10779444315923437 -0.072001516721119457 0.09510072527492984 0.029889054173669934 0.078270083564999496 -0.0018878435807577196 0.045291770499567514 0.055136535731243157 -0.051387127559375009 0.037686530360366337
leaf_weight=52.234692439436913 8.0282053202390724 4.8212480992078763 4.2304679006338111 6.5333916693925849 4.6518702805042258 15.025409847497938 25.946493208408356 9.9219125360250455 5.0399122089147559 29.339126467704773 4.2585615813732147
leaf_count=220 37 26 21 35 20 66 112 42 22 123 22
internal_value=0.00017536 0.0299273 0.00819156 0.0314894 -0.00565783 0.00277728 0.0275081 -0.0135246 -0.0279453 -0.040264 0.0749128
internal_weight=170.031 27.8719 18.7921 14.5616 142.159 103.129 40.9719 62.1566 39.0309 33.991 9.07981
internal_count=746 141 93 72 605 440 178 262 165 143 48
is_linear=0
shrinkage=0.08


Tree=13
num_leaves=6
num_cat=0
split_feature=33 6 15 15 14
split_gain=4.42731 3.96506 4.5705 4.87404 3.30882
threshold=-0.0014231101868898998 -0.00066040011960134988 -0.00075975059236354982 -0.00018960209473269999 -0.00038352922448579998
decision_type=2 2 2 2 2
left_child=-1 -2 4 -4 -3
right_child=1 2 3 -5 -6
leaf_value=0.080601312103969494 -0.072490199604882524 0.074804789393675658 -0.028313039557021739 0.0048795767784448009 -0.0094771650245103999
leaf_weight=4.2717698812484732 4.938745141029357 8.5709959566593152 38.259429648518562 108.90730206668377 4.5710406750440589
leaf_count=21 21 37 167 480 20
internal_value=0.000190606 -0.00188807 0.00028702 -0.00374962 0.04549
internal_weight=169.519 165.248 160.309 147.167 13.142
internal_count=746 725 704 647 57
is_linear=0
shrinkage=0.08


Tree=14
num_leaves=13
num_cat=0
split_feature=41 31 31 3 0 30 6 29 41 8 30 7
split_gain=3.95625 3.69518 4.66961 6.76365 3.57457 6.04087 6.05773 5.27231 6.85015 4.69456 2.79774 1.64027
threshold=0.72139471422527846 0.10011461945244071 0.072979008685500571 0.0015986341290615002 61.162865284734529 1.4633778819329841 0.00020386299201870004 0.10787358225405551 0.58677264885137137 0.0011523021645398002 1.7802643085380099 0.0003993727255606001
decision_type=2 2 2 2 2 2 2 2 2 2 2 2
left_child=4 2 3 -2 5 6 -1 9 -9 -6 -7 -3
right_child=1 11 -4 -5 7 10 -8 8 -10 -11 -12 -13
leaf_value=0.0052308972442999388 -0.010185129044370345 0.10458520733576129 -0.064698430164109824 0.1051048122189736 -0.044888161808209363 0.10880144467900901 -0.05134763221078651 -0.026674797346116427 -0.1311036851932019 0.053319557347979586 0.019997426117899338 0.035032907551144035
leaf_weight=79.502365216612816 9.3465390056371742 4.5100173205137235 4.3426485061645499 4.9983131885528556 5.0655866861343375 4.5968073606491071 14.287748470902441 21.020769670605663 4.9707473516464225 8.0907391607761365 4.4865317940711975 4.1825636774301529
leaf_count=339 44 26 21 28 21 20 61 88 21 35 20 22
internal_value=0.000183491 0.0280276 0.00798333 0.0299864 -0.00518453 0.00264485 -0.00338813 -0.0257587 -0.0466463 0.0155066 0.0649385 0.0711191
internal_weight=169.401 27.3801 18.6875 14.3449 142.021 102.873 93.7901 39.1478 25.9915 13.1563 9.08334 8.69258
internal_count=746 141 93 72 605 440 400 165 109 56 40 48
is_linear=0
shrinkage=0.08


Tree=15
num_leaves=7
num_cat=0
split_feature=27 27 9 9 24 31
split_gain=4.96896 4.29773 7.73547 5.38162 6.09464 3.61021
threshold=0.0025883771227693006 0.0025914645161003004 0.00045097377976630005 0.00043110911479725004 0.00057931582151630014 0.062274014118832162
decision_type=2 2 2 2 2 2
left_child=-1 2 5 -3 -5 -2
right_child=1 3 -4 4 -6 -7
leaf_value=0.1006457025951364 -0.033209390468285006 0.080454233991341093 0.03820608931907872 0.0026270688788798987 -0.089440028635138821 -0.12575581109842171
leaf_weight=3.0939239487051955 5.3546478897333163 5.4668039530515662 5.2971304953098288 139.49678109586239 4.7586902081966391 5.4367668479681015
leaf_count=14 23 25 23 618 20 23
internal_value=0.000194908 -0.00167944 -0.04097 0.00254256 -0.000410035 -0.0798347
internal_weight=168.905 165.811 16.0885 149.722 144.255 10.7914
internal_count=746 732 69 663 638 46
is_linear=0
shrinkage=0.08


Tree=16
num_leaves=5
num_cat=0
split_feature=27 33 41 9
split_gain=4.34431 3.82621 3.71475 3.07367
threshold=0.0025883771227693006 -0.0014231101868898998 0.082575041581344627 0.00041756819312025004
decision_type=2 2 2 2
left_child=-1 -2 -3 -4
right_child=1 2 3 -5
leaf_value=0.095582288191515125 0.075250939460519709 0.11674453145580151 -0.076369487530400293 -0.0029715442824909933
leaf_weight=3.0010371357202521 4.0513193607330313 1.6287278980016697 3.7388321161270133 156.2888800650835
leaf_count=14 21 8 16 687
internal_value=0.000189111 -0.0015385 -0.00346294 -0.00468639
internal_weight=168.709 165.708 161.656 160.028
internal_count=746 732 711 703
is_linear=0
shrinkage=0.08


Tree=17
num_leaves=7
num_cat=0
split_feature=27 27 9 9 24 31
split_gain=3.80815 3.44516 6.32685 4.86988 5.07783 4.22702
threshold=0.0025883771227693006 0.0025914645161003004 0.00045084318354280008 0.00043110911479725004 0.00057931582151630014 0.062274014118832162
decision_type=2 2 2 2 2 2
left_child=-1 2 5 -3 -5 -2
right_child=1 3 -4 4 -6 -7
leaf_value=0.091000407764149804 -0.021996081321275219 0.077334180693667973 0.030999198604306458 0.0023916682099770709 -0.08128702988660523 -0.12378123186771213
leaf_weight=2.9039902761578551 5.1561027914285678 5.3499443084001532 5.7409570068120948 139.32020288705826 4.8011181354522696 5.2905596494674683
leaf_count=14 22 25 25 618 20 22
internal_value=0.000181629 -0.00141042 -0.0364674 0.00238623 -0.000395923 -0.0735437
internal_weight=168.563 165.659 16.1876 149.471 144.121 10.4467
internal_count=746 732 69 663 638 44
is_linear=0
shrinkage=0.08


Tree=18
num_leaves=11
num_cat=0
split_feature=41 26 21 24 24 12 26 3 16 12
split_gain=3.67947 3.85355 7.79875 5.66114 4.77084 3.28906 4.70501 2.99238 2.40281 3.18327
threshold=0.66331163955713579 1.4275363269895186e-05 0.00038868407380520005 0.00041841516335000003 0.00043170999604075005 0.00042942626500825005 -4.7023641454005711e-06 0.0019877569301596006 0.00039025165775440003 0.00034356403030715005
decision_type=2 2 2 2 2 2 2 2 2 2
left_child=1 2 4 -3 -1 8 -7 -8 9 -2
right_child=5 3 -4 -5 -6 6 7 -9 -10 -11
leaf_value=-0.015639109851331764 -0.023384168897760405 0.0021794101529324346 0.079670619441025478 -0.08808353304152193 0.024101569877860069 0.072904254706779956 0.0082049607506287855 -0.062088415064918606 0.090865650366596551 0.067934136986757945
leaf_weight=80.878387004137039 4.5061596035957319 9.3678034693002719 7.2401623576879492 8.4657248407602292 25.406413853168488 4.6681746989488628 10.387762084603311 6.182745859026908 5.8496630489826194 5.336139976978302
leaf_count=341 22 39 33 35 109 26 52 28 34 27
internal_value=0.000174538 -0.00609765 -0.000666843 -0.0406692 -0.00613946 0.0224841 0.00196265 -0.0180227 0.0502593 0.0261253
internal_weight=168.289 131.358 113.525 17.8335 106.285 36.9306 21.2387 16.5705 15.692 9.8423
internal_count=746 557 483 74 450 189 106 80 83 49
is_linear=0
shrinkage=0.08


Tree=19
num_leaves=5
num_cat=0
split_feature=27 33 6 16
split_gain=3.35568 3.21433 3.24288 3.5476
threshold=0.0025883771227693006 -0.0014231101868898998 -0.00066040011960134988 -0.0010648041559009498
decision_type=2 2 2 2
left_child=-1 -2 -3 -4
right_child=1 2 3 -5
leaf_value=0.087037728041364934 0.070728779026816721 -0.066668155747943394 0.043095823557185664 -0.0042986667864546796
leaf_weight=2.7992634773254386 3.8727760314941397 4.9659820646047583 10.863925859332083 145.23891082406044
leaf_count=14 21 21 47 643
internal_value=0.000180883 -0.00129318 -0.0030249 -0.00100026
internal_weight=167.741 164.942 161.069 156.103
internal_count=746 732 711 690
is_linear=0
shrinkage=0.08


Tree=20
num_leaves=11
num_cat=0
split_feature=41 12 12 10 12 26 36 12 0 10
split_gain=3.14485 3.40689 5.95632 7.97149 2.9075 4.08465 2.80868 2.42283 2.29233 2.72789
threshold=0.66331163955713579 0.00080773042656450019 0.00066573116559275004 0.00048424635574275006 0.00042942626500825005 -4.7023641454005711e-06 1.0000000180025095e-35 0.00074213032877695013 62.556975421121308 -8.9986220859658743e-06
decision_type=2 2 2 2 2 2 2 2 2 2
left_child=1 2 3 -1 8 -6 -7 -4 9 -2
right_child=4 -3 7 -5 5 6 -8 -9 -10 -11
leaf_value=-0.003932766789727934 0.075002181002110466 -0.064508783258730801 0.079589013387558499 -0.10687787377175909 0.069658919289331531 -0.037666552608080994 0.034606027204046298 0.0071867699095401706 0.10219489249479835 -0.003568206539718653
leaf_weight=107.92724658548832 4.9362354576587668 5.9953767657279959 7.2817001193761808 5.0387710332870475 4.4664444699883488 11.757596582174303 4.8655264973640433 4.9816969186067581 3.7192898690700522 6.6218357160687438
leaf_count=459 27 25 31 21 26 55 25 21 23 33
internal_value=0.000172647 -0.00559646 -0.00277603 -0.00852456 0.0209896 0.00173717 -0.0165126 0.0501774 0.0475666 0.0299877
internal_weight=167.592 131.225 125.229 112.966 36.3669 21.0896 16.6231 12.2634 15.2774 11.5581
internal_count=746 557 532 480 189 106 80 52 83 60
is_linear=0
shrinkage=0.08


Tree=21
num_leaves=8
num_cat=0
split_feature=41 41 35 41 27 24 9
split_gain=2.93736 3.02118 3.15676 7.1055 5.89855 2.9353 2.37845
threshold=0.082575041581344627 0.68397601754431847 1.0000000180025095e-35 0.50143733450594075 0.0025993520876670005 0.00052594779585480006 0.00049165174390445015
decision_type=2 2 2 2 2 2 2
left_child=-1 2 3 -2 -4 6 -3
right_child=1 5 4 -5 -6 -7 -8
leaf_value=0.11131709231024534 -0.040767142407444383 0.010772283036221965 -0.010309857065253714 0.018024208150040692 0.038389330781254651 -0.047609484575649001 0.057364388930592779
leaf_weight=1.5081936717033375 37.683038517832756 17.722538828849796 51.858741372823715 20.214406624436378 22.967508837580681 3.5713533759117118 11.602924406528471
leaf_count=8 160 93 221 86 97 18 63
internal_value=0.000176716 -0.000835364 -0.00621464 -0.0202406 0.00463809 0.0208676 0.0292069
internal_weight=167.129 165.621 132.724 57.8974 74.8263 32.8968 29.3255
internal_count=746 738 564 246 318 174 156
is_linear=0
shrinkage=0.08


Tree=22
num_leaves=7
num_cat=0
split_feature=27 3 24 35 15 29
split_gain=2.90046 2.83789 5.01964 9.22843 4.70403 4.35043
threshold=0.0025883771227693006 0.0011729481623258503 0.00029781341506710006 1.0000000180025095e-35 -6.5659343013675558e-05 0.076751103333729268
decision_type=2 2 2 2 2 2
left_child=-1 4 3 -3 -2 -4
right_child=1 2 5 -5 -6 -7
leaf_value=0.082920258705706532 -0.092784179826578592 -0.024738369878353931 0.039113252394500399 0.065913900140894641 0.0054900831949741494 -0.010576582863287519
leaf_weight=2.6678134873509398 5.5463782101869583 11.695078060030939 12.583424113690851 18.645180970430374 7.1174931824207288 108.57882204651833
leaf_count=14 24 53 63 85 31 476
internal_value=0.000174547 -0.00117013 0.00187089 0.0309707 -0.037551 -0.005416
internal_weight=166.834 164.166 151.503 30.3403 12.6639 121.162
internal_count=746 732 677 138 55 539
is_linear=0
shrinkage=0.08


Tree=23
num_leaves=6
num_cat=0
split_feature=41 12 14 27 9
split_gain=2.62111 2.63752 3.2865 2.77845 2.93666
threshold=0.082575041581344627 0.00026464200425165002 6.5140828875098091e-05 0.0025883771227693006 0.00041554906972055005
decision_type=2 2 2 2 2
left_child=-1 2 -2 -3 -5
right_child=1 3 -4 4 -6
leaf_value=0.10820115309609818 -0.0056593305705668851 0.079295985680113618 0.091014090626785157 -0.085898284105145814 -0.003063582409873446
leaf_weight=1.4251520857214917 4.6304081529378873 2.5706122219562522 4.3790375590324402 2.7897924929857245 150.77737943083048
leaf_count=8 21 14 20 12 671
internal_value=0.000173103 -0.000759135 0.0413287 -0.00318769 -0.00456841
internal_weight=166.572 165.147 9.00945 156.138 153.567
internal_count=746 738 41 697 683
is_linear=0
shrinkage=0.08


Tree=24
num_leaves=8
num_cat=0
split_feature=21 24 15 8 15 7 24
split_gain=2.5221 8.08025 6.00211 4.911 4.21523 14.5171 4.63969
threshold=0.00055368821536415011 0.00039618020911950008 0.00086402909327930007 -0.0015275104835199497 5.5445000807071927e-05 1.8410703174348716e-05 0.00029781341506710006
decision_type=2 2 2 2 2 2 2
left_child=3 -2 -3 -1 6 -6 -5
right_child=1 2 -4 4 5 -7 -8
leaf_value=0.091619917256720154 0.052190698506156957 -0.13228745591046595 -0.010745609136962091 0.020755769948210906 0.10987328062383146 0.0010173448815853792 -0.022893705350569015
leaf_weight=3.9262715205550185 5.072555035352706 5.1535318344831449 5.248758390545845 21.163765579462051 9.0746601670980436 57.661792993545532 59.12599240988493
leaf_count=22 22 21 23 96 43 260 259
internal_value=0.000166427 -0.0305921 -0.0709602 0.00331963 0.00096161 0.0158193 -0.011388
internal_weight=166.427 15.4748 10.4023 150.952 147.026 66.7365 80.2898
internal_count=746 66 44 680 658 303 355
is_linear=0
shrinkage=0.08


Tree=25
num_leaves=8
num_cat=0
split_feature=41 41 29 29 12 20 16
split_gain=2.35614 2.44988 3.10862 4.39326 2.72975 3.92525 2.22862
threshold=0.082575041581344627 0.66331163955713579 0.65939904041390096 0.52880657589098357 0.00042942626500825005 1.0000000180025095e-35 0.00039025165775440003
decision_type=2 2 2 2 2 2 2
left_child=-1 2 3 -2 6 -6 -3
right_child=1 4 -4 -5 5 -7 -8
leaf_value=0.10567342861392964 -0.0076805168943142347 0.020989371524805109 -0.065339831274905918 0.04751995278660872 0.069884258193483526 -0.018045194921630096 0.08591466565112682
leaf_weight=1.3437255918979634 113.88114666938782 9.4121497273445112 5.3773021399974814 10.04103899002075 4.0420178622007397 16.565877288579941 5.2828792184591284
leaf_count=8 483 49 22 44 22 84 34
internal_value=0.000169323 -0.000691955 -0.00579174 -0.00320779 0.0179864 -0.000798775 0.0443301
internal_weight=165.946 164.602 129.299 123.922 35.3029 20.6079 14.695
internal_count=746 738 549 527 189 106 83
is_linear=0
shrinkage=0.08


Tree=26
num_leaves=6
num_cat=0
split_feature=14 15 27 0 6
split_gain=3.39126 4.01623 3.08836 3.57242 2.50332
threshold=-0.0012678038228306997 -0.0012777778916231999 0.0026066336230651005 66.357901743095255 0.00028903522136105008
decision_type=2 2 2 2 2
left_child=-1 -2 3 -3 -4
right_child=1 2 4 -5 -6
leaf_value=-0.10226104709853012 0.075681138975385559 0.0082181260787164319 -0.070737913873060582 -0.024363595066123164 0.0060081243499508601
leaf_weight=2.0431251153349868 4.5351783707737914 121.32450592517853 6.9591674208641034 26.185964100062847 4.4655117690563202
leaf_count=10 23 548 30 115 20
internal_value=0.000168709 0.00144892 -0.000669278 0.00243424 -0.0407405
internal_weight=165.513 163.47 158.935 147.51 11.4247
internal_count=746 736 713 663 50
is_linear=0
shrinkage=0.08


Tree=27
num_leaves=6
num_cat=0
split_feature=27 27 12 3 14
split_gain=2.22804 3.17342 2.56993 2.79672 2.35021
threshold=0.0025883771227693006 0.0025887755723121007 0.00026464200425165002 0.0011042019613905503 6.5140828875098091e-05
decision_type=2 2 2 2 2
left_child=-1 -2 4 -4 -3
right_child=1 2 3 -5 -6
leaf_value=0.075650777179542161 -0.11807550810546788 0.0015023687972573353 -0.056798987665467586 -0.00015888298482185869 0.085258060133827987
leaf_weight=2.4649287089705458 1.4679296761751164 4.3601893633604032 5.7993229180574408 147.06278823316097 4.2187916338443756
leaf_count=14 6 20 25 661 20
internal_value=0.000160983 -0.000981231 8.3468e-05 -0.00230771 0.04269
internal_weight=165.374 162.909 161.441 152.862 8.57898
internal_count=746 732 726 686 40
is_linear=0
shrinkage=0.08


Tree=28
num_leaves=8
num_cat=0
split_feature=16 28 28 29 27 41 0
split_gain=2.2858 2.79446 10.5622 4.59969 4.32694 5.52182 3.23985
threshold=-0.0022427291043746497 -0.8038808507566616 -0.80714129287764758 0.10787358225405551 0.0025962979494519004 0.496201376693648 55.780337679470755
decision_type=2 2 2 2 2 2 2
left_child=-1 2 3 -2 -3 -6 -4
right_child=1 4 6 -5 5 -7 -8
leaf_value=0.10559604041192165 0.041014544912122385 0.045064509759089759 0.11148987911099864 -0.0089119223786671073 -0.051772347746923568 0.0059975505548842964 0.028637303974376076
leaf_weight=1.3053932189941395 13.620456665754316 6.3325413167476645 7.0644771307706815 88.84465104341507 23.543265491724014 19.244902200996876 5.2768604755401611
leaf_count=8 65 28 33 399 99 90 24
internal_value=0.000153374 -0.000686293 0.00614594 -0.00227531 -0.0166548 -0.0257891 0.0760641
internal_weight=165.233 163.927 114.806 102.465 49.1207 42.7882 12.3413
internal_count=746 738 521 464 217 189 57
is_linear=0
shrinkage=0.08


Tree=29
num_leaves=5
num_cat=0
split_feature=41 33 33 14
split_gain=2.13852 2.0804 3.9941 2.36585
threshold=0.082575041581344627 -0.0014231101868898998 -0.0013544054082204997 -0.0011445602164832998
decision_type=2 2 2 2
left_child=-1 -2 -3 -4
right_child=1 2 3 -5
leaf_value=0.10348992934748771 0.060967228240521421 -0.18842524522578494 -0.077238723640777329 0.0001343579508289808
leaf_weight=1.2718537747859944 3.4335411041975012 0.731903076171874 2.5706617832183829 156.92023126035929
leaf_count=8 21 3 11 703
internal_value=0.000155082 -0.000647984 -0.00196839 -0.00111274
internal_weight=164.928 163.656 160.223 159.491
internal_count=746 738 717 714
is_linear=0
shrinkage=0.08


Tree=30
num_leaves=6
num_cat=0
split_feature=14 15 15 15 26
split_gain=2.63244 3.36386 4.15581 4.1725 3.19441
threshold=-0.0012678038228306997 -0.0010373200710488996 -0.00095313434972154991 -0.00075975059236354982 -2.4357130076358529e-05
decision_type=2 2 2 2 2
left_child=-1 4 -3 -4 -2
right_child=1 2 3 -5 -6
leaf_value=-0.089125737343165853 -0.0092011037203192734 -0.098064450238111597 0.068907732660535376 -0.0023465723749642427 0.085797797271403659
leaf_weight=2.0871797353029242 3.7839585095643997 2.8036631196737281 5.4575623869895926 145.00958468019962 5.6445964425802213
leaf_count=10 17 12 25 653 29
internal_value=0.000147518 0.00129276 -0.00156029 0.000237878 0.0476719
internal_weight=164.787 162.699 153.271 150.467 9.42855
internal_count=746 736 690 678 46
is_linear=0
shrinkage=0.08


Tree=31
num_leaves=5
num_cat=0
split_feature=14 15 15 15
split_gain=2.19298 3.09865 3.7972 5.44576
threshold=-0.0012678038228306997 -0.0012777778916231999 -0.0011829620928524999 -0.0010373200710488996
decision_type=2 2 2 2
left_child=-1 -2 -3 -4
right_child=1 2 3 -5
leaf_value=-0.080722962880688809 0.068466089818880915 -0.11535003056947644 0.10416431985940863 -0.0014316834643115987
leaf_weight=2.1186540573835364 4.2674272060394278 1.8248507529497136 3.1907316446304312 153.2949168458581
leaf_count=10 23 8 15 690
internal_value=0.000142954 0.00119677 -0.000616548 0.000721412
internal_weight=164.697 162.578 158.31 156.486
internal_count=746 736 713 705
is_linear=0
shrinkage=0.08


Tree=32
num_leaves=9
num_cat=0
split_feature=21 24 15 1 0 30 2 12
split_gain=2.04781 6.84586 4.96423 3.95647 4.80495 7.63591 6.86257 1.939
threshold=0.00055368821536415011 0.00039618020911950008 0.00086402909327930007 -1.1989758501194954 37.057147200021859 -1.7031494637663063 0.042908012079846604 0.00046955908566925005
decision_type=2 2 2 2 2 2 2 2
left_child=3 -2 -3 7 5 -5 -6 -1
right_child=1 2 -4 4 6 -7 -8 -9
leaf_value=0.021945430059942598 0.049106045451272035 -0.12082636920391807 -0.009958689682563698 -0.11035222610294967 0.1090308111965949 0.012334097042950798 0.0010532562929262944 0.095271810783404839
leaf_weight=5.4299208372831327 5.0055150240659705 5.121180444955824 5.2188291847705841 6.2576088756322861 3.8861372023820868 6.7478659674525243 122.91262124106288 4.0142834633588791
leaf_count=26 22 21 23 27 18 30 556 23
internal_value=0.000136819 -0.0276918 -0.064869 0.00299812 -0.000387292 -0.0466967 0.00436256 0.053113
internal_weight=164.594 15.3455 10.34 149.248 139.804 13.0055 126.799 9.4442
internal_count=746 66 44 680 631 57 574 49
is_linear=0
shrinkage=0.08


Tree=33
num_leaves=9
num_cat=0
split_feature=24 24 0 31 16 12 12 31
split_gain=2.03228 2.2809 5.32045 6.8916 4.4843 3.77737 5.33575 1.75833
threshold=0.00019239301359960003 0.00029781341506710006 61.162865284734529 0.039885141329498705 0.00094584883397225009 0.00075433440461845013 0.00064155356373505007 0.077625966038753505
decision_type=2 2 2 2 2 2 2 2
left_child=-1 2 3 -2 -4 6 -3 -7
right_child=1 5 4 -5 -6 7 -8 -9
leaf_value=-0.11801827624690266 -0.0044605528705155004 -0.0063090298215960315 -0.082145484434906074 0.07325708387110659 0.019607019118695324 -0.089468558889204769 0.052033653424581952 -0.019840278769570709
leaf_weight=0.92643432319164176 14.30039067566395 102.525286488235 5.3927067816257459 14.92211242765188 5.7037852704524994 4.5122003555297834 11.120520181953905 4.780232734978199
leaf_count=4 65 464 24 72 26 19 50 22
internal_value=0.000134845 0.000805327 0.0173172 0.035225 -0.029843 -0.00460992 -0.000600056 -0.0536502
internal_weight=164.184 163.257 40.319 29.2225 11.0965 122.938 113.646 9.29243
internal_count=746 742 187 137 50 555 514 41
is_linear=0
shrinkage=0.08


Tree=34
num_leaves=6
num_cat=0
split_feature=27 27 41 7 10
split_gain=1.95795 3.27847 1.97911 4.28818 3.40752
threshold=0.0025883771227693006 0.0025885499011454004 0.17931825363838402 -2.2088312134555713e-05 0.00027270744845750005
decision_type=2 2 2 2 2
left_child=-1 -2 3 -3 -4
right_child=1 2 4 -5 -6
leaf_value=0.072444619087671219 -0.16866039942216393 -0.027149304208976235 0.0038507717518879467 0.073916340085136992 -0.025274474940736237
leaf_weight=2.3620657213032237 0.74230898916721244 4.5570525377988815 116.70990312099457 6.5470261573791486 32.971507899463177
leaf_count=14 3 21 530 32 146
internal_value=0.000135566 -0.000921829 -0.00014742 0.0324396 -0.00256488
internal_weight=163.89 161.528 160.785 11.1041 149.681
internal_count=746 732 729 53 676
is_linear=0
shrinkage=0.08


Tree=35
num_leaves=9
num_cat=0
split_feature=0 8 15 15 41 27 27 24
split_gain=1.99405 7.39424 5.1307 4.04338 4.51641 3.01089 6.72891 6.6152
threshold=66.357901743095255 0.0014373801331909002 0.00092815655199870008 0.00068552380155880008 0.45023652428419997 0.0025964436394603006 0.0025949156270073004 0.00028897500348650001
decision_type=2 2 2 2 2 2 2 2
left_child=1 5 3 4 -2 6 -1 -7
right_child=2 -3 -4 -5 -6 7 -8 -9
leaf_value=-0.0041438180849048111 -0.080538413282510754 0.090577075825877401 -0.079687083622017194 0.065291800173301648 0.010974419822611181 0.048762081593563406 0.056555447487475007 -0.019916339303584538
leaf_weight=38.661689639091492 5.1443938165903154 6.0438382923603049 6.8243060484528533 4.727879285812377 10.488586373627184 10.423552259802817 16.75350596010685 64.633955761790276
leaf_count=176 22 30 30 21 47 50 77 293
internal_value=0.000130714 0.00407079 -0.0196553 0.000465431 -0.01914 6.35944e-05 0.0142072 -0.0103787
internal_weight=163.702 136.517 27.1852 20.3609 15.633 130.473 55.4152 75.0575
internal_count=746 626 120 90 69 596 253 343
is_linear=0
shrinkage=0.08


Tree=36
num_leaves=7
num_cat=0
split_feature=29 29 27 10 27 12
split_gain=1.88328 2.92857 4.32385 3.16131 6.98335 4.15511
threshold=0.65939904041390096 0.52880657589098357 0.0025991312399056003 -0.00036514014003739993 0.0025969827737541504 0.00052330702333815008
decision_type=2 2 2 2 2 2
left_child=1 3 -3 4 -1 -5
right_child=-2 2 -4 5 -6 -7
leaf_value=0.072493160781654561 -0.037409874180375877 0.0049243318695725846 0.10414850465982718 0.003216727231329139 -0.027646872613258724 -0.029654293705338387
leaf_weight=10.494849197566511 8.1252821236848813 8.0899756997823697 4.3071405142545691 90.806743685156107 7.7466089203953734 33.761857606470585
leaf_count=50 36 37 20 418 36 149
internal_value=0.000134731 0.00210024 0.0393979 -0.00113751 0.0299666 -0.00569231
internal_weight=163.332 155.207 12.3971 142.81 18.2415 124.569
internal_count=746 710 57 653 86 567
is_linear=0
shrinkage=0.08


Tree=37
num_leaves=8
num_cat=0
split_feature=29 12 22 29 10 0 10
split_gain=1.90207 2.98514 2.85487 3.49341 4.16925 4.04575 1.61372
threshold=0.076751103333729268 0.00034356403030715005 0.00010513376049800002 0.12021053516557771 4.2787584496457496e-05 36.547805511988471 -0.00022436262535299996
decision_type=2 2 2 2 2 2 2
left_child=1 -1 3 4 -2 -5 -3
right_child=2 6 -4 5 -6 -7 -8
leaf_value=0.089961066772098169 -0.011261042447575293 0.048530436176065929 -0.046920298909142906 -0.047030965981130574 0.093952154259492396 0.0013499070780777476 -0.018808343298000435
leaf_weight=3.7125501632690421 4.3893582597374898 3.5859104543924323 8.7073092088103277 12.196604982018469 5.346541091799736 118.90729502588511 6.2426648512482634
leaf_count=22 21 20 37 53 24 540 29
internal_value=0.000133872 0.0288452 -0.00246587 0.000282491 0.0465176 -0.00315097 0.0057599
internal_weight=163.088 13.5411 149.547 140.84 9.7359 131.104 9.82858
internal_count=746 71 675 638 45 593 49
is_linear=0
shrinkage=0.08


Tree=38
num_leaves=8
num_cat=0
split_feature=41 21 16 16 16 41 28
split_gain=1.76882 4.0369 3.61056 6.09013 2.63283 2.58329 1.98312
threshold=0.2014788695535106 -0.00019664953677469999 -0.0011939873028302499 -0.00085892789627624994 -0.00071942787327454992 0.48732971832368416 -0.81312141579906805
decision_type=2 2 2 2 2 2 2
left_child=1 -1 5 -4 -5 -2 -3
right_child=2 6 3 4 -6 -7 -8
leaf_value=-0.03485263526437099 0.0097212386235243711 0.020074817702136493 -0.079758895766552595 0.046870635623082801 -0.0051384562490135221 0.084105166246105312 0.088994942165593366
leaf_weight=4.837069794535636 7.768850624561308 5.5576884075999251 6.8751848191022864 6.5668127387762061 121.22803795710206 4.8557503446936607 5.1461289450526229
leaf_count=21 34 28 31 29 550 28 25
internal_value=0.000131357 0.0258006 -0.00257698 -0.0064119 -0.00246594 0.0383312 0.0532099
internal_weight=162.836 15.5409 147.295 134.67 127.795 12.6246 10.7038
internal_count=746 74 672 610 579 62 53
is_linear=0
shrinkage=0.08


Tree=39
num_leaves=6
num_cat=0
split_feature=14 15 15 12 26
split_gain=1.73119 2.45837 4.81665 3.3716 3.34147
threshold=-0.0012678038228306997 -0.0010373200710488996 -0.0010212162330329498 0.00064155356373505007 -2.4761148968178232e-05
decision_type=2 2 2 2 2
left_child=-1 4 -3 -4 -2
right_child=1 2 3 -5 -6
leaf_value=-0.072365773577649159 -0.019443778352917277 -0.20965382109781366 -0.0054617435614881284 0.027605202907553458 0.08122271997216432
leaf_weight=2.0810781717300406 3.4575003907084465 0.70695425570011039 127.60560517013073 23.344900980591774 5.4160384312272054
leaf_count=10 16 3 582 105 30
internal_value=0.000131329 0.00107116 -0.00132354 -0.000347852 0.0419989
internal_weight=162.612 160.531 151.657 150.951 8.87354
internal_count=746 736 690 687 46
is_linear=0
shrinkage=0.08


Tree=40
num_leaves=9
num_cat=0
split_feature=41 3 24 8 0 15 12 41
split_gain=1.68828 3.26932 3.65331 2.53211 4.38023 3.69353 2.6658 2.15802
threshold=0.72139471422527846 0.0015246287566734002 0.00050178262133045019 0.0017946906368095502 66.655937107931123 5.5445000807071927e-05 0.00052330702333815008 0.79682187317729702
decision_type=2 2 2 2 2 2 2 2
left_child=3 -2 7 4 5 -1 -6 -3
right_child=1 2 -4 -5 6 -7 -8 -9
leaf_value=-0.012023678290954239 -0.02313224289001976 0.084142098549936387 -0.034075380305076508 0.053005020990095852 -0.020590931981676146 0.017117685106722326 -0.084425277958897885 0.018301638673968241
leaf_weight=64.105208486318588 7.8773714452981975 8.1108103916049021 3.4490624219179145 4.924944393336772 13.542505502700807 49.198629282414913 6.060792312026023 5.2471935003995887
leaf_count=278 38 51 19 23 56 222 26 33
internal_value=0.000127 0.0193945 0.0393266 -0.00332364 -0.00541093 0.000630043 -0.0403267 0.0582791
internal_weight=162.517 24.6844 16.8071 137.832 132.907 113.304 19.6033 13.358
internal_count=746 141 103 605 582 500 82 84
is_linear=0
shrinkage=0.08


Tree=41
num_leaves=5
num_cat=0
split_feature=27 24 27 24
split_gain=1.72662 2.97137 2.81256 1.95288
threshold=0.0025883771227693006 0.00019239301359960003 0.0025885499011454004 0.00029781341506710006
decision_type=2 2 2 2
left_child=-1 -2 -3 -4
right_child=1 2 3 -5
leaf_value=0.069721101450547232 -0.16008788637706658 -0.15570153477551793 0.016499855228716533 -0.0043492654724961903
leaf_weight=2.2499581463634959 0.7464824765920629 0.74003484845161338 37.757516585290432 120.5637634024024
leaf_count=14 3 3 177 549
internal_value=0.000128176 -0.000851633 -0.00010433 0.000622972
internal_weight=162.058 159.808 159.061 158.321
internal_count=746 732 729 726
is_linear=0
shrinkage=0.08


Tree=42
num_leaves=6
num_cat=0
split_feature=41 12 14 12 3
split_gain=1.68035 1.72961 4.03502 1.76456 1.85675
threshold=0.082575041581344627 0.00026464200425165002 6.0776215063218382e-05 0.00026837690314775007 0.0011729481623258503
decision_type=2 2 2 2 2
left_child=-1 2 -2 -3 -5
right_child=1 3 -4 4 -6
leaf_value=0.099179428084797391 -0.023433319461332983 -0.095803977877954638 0.086725608669482007 -0.031654522664732267 0.0009093120666938796
leaf_weight=1.0885698050260533 4.0469384342432004 1.2866798266768444 4.4881603345274925 12.190675169229506 138.78547341004014
leaf_count=8 19 6 22 54 637
internal_value=0.000119894 -0.000550719 0.0344935 -0.00251512 -0.00172008
internal_weight=161.886 160.798 8.5351 152.263 150.976
internal_count=746 738 41 697 691
is_linear=0
shrinkage=0.08


Tree=43
num_leaves=7
num_cat=0
split_feature=21 24 15 1 27 15
split_gain=1.63945 5.63952 4.16222 3.32171 2.99632 2.98627
threshold=0.00055368821536415011 0.00039618020911950008 0.00086402909327930007 -2.0799251233795526 0.0025883771227693006 5.5445000807071927e-05
decision_type=2 2 2 2 2 2
left_child=3 -2 -3 -1 -5 -6
right_child=1 2 -4 4 5 -7
leaf_value=0.10613442872485594 0.045711238144899607 -0.11071445478102575 -0.0085048196478357627 0.10004627316928362 -0.010465046649376111 0.01280146841551652
leaf_weight=1.9604442603886116 4.8822587579488745 5.0239144116640073 5.1779583543539047 1.9401741325855244 78.830221332609653 63.945041432976723
leaf_count=14 22 21 23 13 355 298
internal_value=0.000115745 -0.0249987 -0.058838 0.00269851 0.00129727 -4.46262e-05
internal_weight=161.76 15.0841 10.2019 146.676 144.715 142.775
internal_count=746 66 44 680 666 653
is_linear=0
shrinkage=0.08


Tree=44
num_leaves=14
num_cat=0
split_feature=27 28 2 41 9 30 10 24 2 22 10 1 27
split_gain=1.56683 5.47379 4.9783 6.39549 7.86322 5.43619 4.9037 5.75645 4.24582 3.34865 3.12289 2.90182 1.7685
threshold=0.0025964436394603006 -0.81186604757293102 0.82905068838595775 0.50143733450594075 0.00052355167627395006 -1.3259038838656763 0.00028379819219045006 0.00044260486774385006 0.88789190199200596 -2.0679012127200279e-05 0.00026277433654745003 0.57383688997242654 0.0025928591923277504
decision_type=2 2 2 2 2 2 2 2 2 2 2 2 2
left_child=1 6 3 4 -2 -5 7 -1 -4 -3 -10 -11 -8
right_child=2 9 8 5 -6 -7 12 -9 10 11 -12 -13 -14
leaf_value=-0.0028620753966017865 -0.01446568477506153 0.10372013682241579 0.083519310514805239 0.094426465663231804 -0.093619878261685274 -0.0035469816043890772 -0.082253940547139068 0.078448053159639194 -0.036349003343782778 -0.024035178967739951 0.04201495366274885 0.061600592870066237 -0.017071327240277427
leaf_weight=38.856332987546921 25.179903760552406 5.1536458283662805 6.2199504226446178 4.1334230117499819 11.794509470462797 29.443060927093029 5.6346584632992727 6.5053865760564795 6.4536068290472013 4.4433364272117579 6.565962016582489 5.8886310085654259 5.0527263432741165
leaf_count=179 109 24 28 25 50 141 27 30 31 20 30 29 23
internal_value=0.000112053 0.00894502 -0.00692504 -0.016762 -0.0397152 0.00851401 -0.00268701 0.00879872 0.0291469 0.0510463 0.0031711 0.0247723 -0.0514372
internal_weight=161.325 71.5347 89.7904 70.5509 36.9744 33.5765 56.0491 45.3617 19.2395 15.4856 13.0196 10.332 10.6874
internal_count=746 332 414 325 159 166 259 209 89 73 61 49 50
is_linear=0
shrinkage=0.08


Tree=45
num_leaves=9
num_cat=0
split_feature=0 8 15 14 12 8 35 30
split_gain=1.62646 6.08632 4.29172 3.27974 3.23294 2.90489 6.29816 4.14827
threshold=66.357901743095255 0.0014373801331909002 0.00092815655199870008 6.0776215063218382e-05 0.00050518832700100012 0.0010403684110936002 1.0000000180025095e-35 0.20780945023068301
decision_type=2 2 2 2 2 2 2 2
left_child=1 5 3 -2 -5 7 -7 -1
right_child=2 -3 -4 4 -6 6 -8 -9
leaf_value=-0.0075761283868117629 -0.036257804820230034 0.0848464159911827 -0.072836916987323252 0.064564316074775779 -0.022625308941139562 -0.086643899393434087 0.02697231895551162 0.023730182366821999
leaf_weight=72.566716354340315 8.6510392725467735 5.667419657111167 6.7889159917831412 6.7115651741623861 4.5784582197666168 7.0418131798505765 5.6104305163025856 43.223190307617188
leaf_count=335 39 30 30 31 20 31 26 204
internal_value=0.000121631 0.0037132 -0.017898 0.000805919 0.0292062 0.000133255 -0.0362626 0.0041102
internal_weight=160.84 134.11 26.73 19.9411 11.29 128.442 12.6522 115.79
internal_count=746 626 120 90 51 596 57 539
is_linear=0
shrinkage=0.08


Tree=46
num_leaves=6
num_cat=0
split_feature=16 14 14 6 27
split_gain=1.55421 1.69786 1.94976 5.0497 4.71786
threshold=-0.0022427291043746497 -0.0012678038228306997 -0.00034852722421514992 -7.2499147422085632e-05 0.0025955327371504004
decision_type=2 2 2 2 2
left_child=-1 -2 4 -4 -3
right_child=1 2 3 -5 -6
leaf_value=0.099354394038085672 -0.07468412019935701 0.056125232749131761 -0.037271238007723646 0.0036743446421302569 -0.0039713823345740359
leaf_weight=1.0038228258490551 1.9504953250288952 12.643790476024149 24.118446286767721 96.022179201245308 24.67799336463213
leaf_count=8 9 59 108 447 115
internal_value=0.000122103 -0.000502763 0.000416126 -0.00454555 0.016388
internal_weight=160.417 159.413 157.462 120.141 37.3218
internal_count=746 738 729 555 174
is_linear=0
shrinkage=0.08


Tree=47
num_leaves=8
num_cat=0
split_feature=41 10 28 9 21 21 24
split_gain=1.52834 1.59119 4.64397 5.45891 2.83996 3.74737 2.12461
threshold=0.082575041581344627 0.00027270744845750005 -0.81186604757293102 0.00051956106387005007 0.00056152448792345011 -0.00018552389056279998 0.00028752356579350003
decision_type=2 2 2 2 2 2 2
left_child=-1 4 6 -4 5 -2 -3
right_child=1 2 3 -5 -6 -7 -8
leaf_value=0.098191689735530052 -0.010746068663628603 -0.0012542171675268075 0.049217536543796632 -0.032448736294799142 -0.054809732798379869 0.018197336253359904 -0.068475232619312348
leaf_weight=1.010534107685088 48.557512272149324 4.1894534304738036 10.615081310272219 10.342144504189489 5.0726814270019522 69.75742993503809 10.681348644196985
leaf_count=8 227 21 49 46 22 325 48
internal_value=0.000118502 -0.000503964 -0.0153456 0.00891619 0.00380561 0.0063187 -0.0495375
internal_weight=160.226 159.216 35.828 20.9572 123.388 118.315 14.8708
internal_count=746 738 164 95 574 552 69
is_linear=0
shrinkage=0.08


Tree=48
num_leaves=7
num_cat=0
split_feature=29 29 41 10 27 30
split_gain=1.52829 2.50483 4.32916 2.77717 5.74958 3.67233
threshold=0.65939904041390096 0.52880657589098357 0.496201376693648 -0.00036514014003739993 0.0025969827737541504 -2.5187151938641867
decision_type=2 2 2 2 2 2
left_child=1 3 -3 4 -1 -5
right_child=-2 2 -4 5 -6 -7
leaf_value=0.068157062738258306 -0.033796825174227732 0.084841200747336656 -0.010863504281311066 0.11817411846854863 -0.024065490424941216 -0.0069509898237235168
leaf_weight=10.074283316731455 8.0751331597566587 6.0309078842401487 6.0689871460199356 1.5201069936156262 7.5833135023713103 120.56176840513945
leaf_count=50 36 28 29 8 36 559
internal_value=0.000116163 0.00191973 0.0368383 -0.00110383 0.0285507 -0.00539299
internal_weight=159.915 151.839 12.0999 139.739 17.6576 122.082
internal_count=746 710 57 653 86 567
is_linear=0
shrinkage=0.08


Tree=49
num_leaves=5
num_cat=0
split_feature=27 24 27 24
split_gain=1.49331 2.30897 2.27559 1.60577
threshold=0.0025883771227693006 0.00019239301359960003 0.0025885499011454004 0.00022127698738340002
decision_type=2 2 2 2
left_child=-1 -2 -3 -4
right_child=1 2 3 -5
leaf_value=0.066843906166949671 -0.14259998039012886 -0.14189462483715173 0.044788109517568904 -0.00095099458983035593
leaf_weight=2.1180286966264239 0.73130911588668723 0.72121791541576286 5.0774480029940596 151.04854867234826
leaf_count=14 3 3 24 702
internal_value=0.000117214 -0.000779666 -0.000118421 0.000536509
internal_weight=159.697 157.579 156.847 156.126
internal_count=746 732 729 726
is_linear=0
shrinkage=0.08


end of trees

feature_importances:
Column_41=40
Column_12=29
Column_24=29
Column_15=28
Column_27=28
Column_10=18
Column_29=17
Column_0=15
Column_16=15
Column_3=14
Column_8=14
Column_21=13
Column_31=13
Column_14=12
Column_26=12
Column_30=11
Column_9=10
Column_1=8
Column_6=8
Column_28=8
Column_7=6
Column_33=6
Column_22=5
Column_35=5
Column_2=3
Column_20=1
Column_36=1

parameters:
[boosting: gbdt]
[objective: binary]
[metric: binary_logloss]
[tree_learner: serial]
[device_type: cpu]
[data_sample_strategy: bagging]
[data: ]
[valid: ]
[num_iterations: 50]
[learning_rate: 0.08]
[num_leaves: 15]
[num_threads: 1]
[seed: 42]
[deterministic: 0]
[force_col_wise: 0]
[force_row_wise: 0]
[histogram_pool_size: -1]
[max_depth: 4]
[min_data_in_leaf: 20]
[min_sum_hessian_in_leaf: 0.001]
[bagging_fraction: 0.8]
[pos_bagging_fraction: 1]
[neg_bagging_fraction: 1]
[bagging_freq: 0]
[bagging_seed: 400]
[bagging_by_query: 0]
[feature_fraction: 1]
[feature_fraction_bynode: 1]
[feature_fraction_seed: 30056]
[extra_trees: 0]
[extra_seed: 12879]
[early_stopping_round: 0]
[early_stopping_min_delta: 0]
[first_metric_only: 0]
[max_delta_step: 0]
[lambda_l1: 0]
[lambda_l2: 0]
[linear_lambda: 0]
[min_gain_to_split: 0]
[drop_rate: 0.1]
[max_drop: 50]
[skip_drop: 0.5]
[xgboost_dart_mode: 0]
[uniform_drop: 0]
[drop_seed: 17869]
[top_rate: 0.2]
[other_rate: 0.1]
[min_data_per_group: 100]
[max_cat_threshold: 32]
[cat_l2: 10]
[cat_smooth: 10]
[max_cat_to_onehot: 4]
[top_k: 20]
[monotone_constraints: ]
[monotone_constraints_method: basic]
[monotone_penalty: 0]
[feature_contri: ]
[forcedsplits_filename: ]
[refit_decay_rate: 0.9]
[cegb_tradeoff: 1]
[cegb_penalty_split: 0]
[cegb_penalty_feature_lazy: ]
[cegb_penalty_feature_coupled: ]
[path_smooth: 0]
[interaction_constraints: ]
[verbosity: -1]
[saved_feature_importance_type: 0]
[use_quantized_grad: 0]
[num_grad_quant_bins: 4]
[quant_train_renew_leaf: 0]
[stochastic_rounding: 1]
[linear_tree: 0]
[max_bin: 255]
[max_bin_by_feature: ]
[min_data_in_bin: 3]
[bin_construct_sample_cnt: 200000]
[data_random_seed: 175]
[is_enable_sparse: 1]
[enable_bundle: 1]
[use_missing: 1]
[zero_as_missing: 0]
[feature_pre_filter: 1]
[pre_partition: 0]
[two_round: 0]
[header: 0]
[label_column: ]
[weight_column: ]
[group_column: ]
[ignore_column: ]
[categorical_feature: ]
[forcedbins_filename: ]
[precise_float_parser: 0]
[parser_config_file: ]
[objective_seed: 16083]
[num_class: 1]
[is_unbalance: 0]
[scale_pos_weight: 1]
[sigmoid: 1]
[boost_from_average: 1]
[reg_sqrt: 0]
[alpha: 0.9]
[fair_c: 1]
[poisson_max_delta_step: 0.7]
[tweedie_variance_power: 1.5]
[lambdarank_truncation_level: 30]
[lambdarank_norm: 1]
[label_gain: ]
[lambdarank_position_bias_regularization: 0]
[eval_at: ]
[multi_error_top_k: 1]
[auc_mu_weights: ]
[num_machines: 1]
[local_listen_port: 12400]
[time_out: 120]
[machine_list_filename: ]
[machines: ]
[gpu_platform_id: -1]
[gpu_device_id: -1]
[gpu_use_dp: 0]
[num_gpu: 1]

end of parameters

pandas_categorical:null
