tree
version=v4
num_class=1
num_tree_per_iteration=1
label_index=0
max_feature_idx=47
objective=binary sigmoid:1
feature_names=Column_0 Column_1 Column_2 Column_3 Column_4 Column_5 Column_6 Column_7 Column_8 Column_9 Column_10 Column_11 Column_12 Column_13 Column_14 Column_15 Column_16 Column_17 Column_18 Column_19 Column_20 Column_21 Column_22 Column_23 Column_24 Column_25 Column_26 Column_27 Column_28 Column_29 Column_30 Column_31 Column_32 Column_33 Column_34 Column_35 Column_36 Column_37 Column_38 Column_39 Column_40 Column_41 Column_42 Column_43 Column_44 Column_45 Column_46 Column_47
feature_infos=[6.41126649507693:98.196301031176915] [-3.4603860265115145:3.3981279714575976] [-0.33683229405102949:1.2313854951218239] [0.00068668662890570002:0.0058784213624533998] [0:1] [0:1] [-0.0014551676768754:0.0014441169207991] [-0.0034236371619034999:0.0031944494351457998] [0.00035134338019528026:0.00066252213823801882] [-1:1] [-0.0013476834329400999:0.0011181161546208] [-0.0021771557715740998:0.0018886257887804] [-0.0035548065015767998:0.0035275542131975] [0:1] [0:1] [-5.6962547730117006:4.3422924749136582] [-0.0028606496731881999:0.0026511393420801999] [0.0166666666666388:0.49999999999916661] [0.20000000000000001:1] none [-5.4347373883323424:4.4582823345816127] [2.6235647207424952e-07:14.768185240068725] [-2.9394251387032582:2.3063365440274755] [-2.8171009833197722:2.6541925812622873] [-2.3741603820047192:2.2136760055530935] [-26.753736160673117:14.769012355105623] none [-0.90578956472205707:0.74304705576360208] [-0.97980837956775269:0.76877884800915852] [-0.9390336611065907:0.88473086042076243] [-0.1989966137433116:4.6420995516561385] [-5.4347373883323433:4.4582823345816136] [-0.00019385022472035256:0.00016204864002104338] [0:1] [0.021811358148346123:0.021838615109226547] [0.10000000000000001:0.90000000000000002] [-0.21386920697172837:0.21186194036270059] [-0.40825216135775172:0.40779298657138691] [-0.69995881357661316:0.60029223675382914] [-0.47894185291895891:0.47711064750016047] [-0.79868563004733095:0.6808594628987219] [-0.36952056229682873:0.25913071920156849] [-0.21482451831910407:0.30824433267846435] [-0.45188189572516724:0.44945511294479684] [-0.19547248262013311:0.30418932208492061] [-0.49944404357880257:0.5528795337366319] [-0.37626642895265006:0.36016138708557971] [-0.64964075337379046:0.79093134397472686]
tree_sizes=2067 2059 1951 2183 2162 1964 2175 2070 2161 1840 1959 1958 2178

Tree=0
num_leaves=18
num_cat=0
split_feature=42 1 38 0 35 43 38 12 23 43 12 11 34 23 32 32 24
split_gain=39.3029 21.0421 29.2826 20.5083 16.1814 14.067 28.1618 18.1386 17.9945 14.4693 17.935 11.9711 11.5895 10.0435 9.53403 8.66494 5.00414
threshold=0.24161421593421312 -1.3196585955772659 -0.31573531021618789 20.40796150066009 0.66452120625656652 0.27818671649917787 0.044287183125600114 0.00011792540492645 -0.78996958761053127 0.4140825736663169 -0.00012057353118779999 0.00060515250219705008 0.021821279386425353 0.29265322597666471 -9.1845504035277978e-05 -3.9613019099367834e-05 -0.12768890270554895
decision_type=2 2 2 2 2 2 2 2 2 2 2 2 2 2 2 2 2
left_child=1 2 3 -1 15 6 8 -8 -3 11 -11 -7 13 16 -6 -4 -2
right_child=12 5 4 -5 14 9 7 -9 -10 10 -12 -13 -14 -15 -16 -17 -18
leaf_value=-0.052371334481885912 0.024869742498136036 0.001443041737594106 0.035628623822000119 0.0025281881302800643 -0.012066415167394111 0.0012271092134411229 -0.011120866703389465 0.0040497212676135867 -0.030049176968868493 0.022111737462601026 -0.023542978038575253 0.019169939225508508 -0.0036124166730367229 0.0054864798383713522 0.01652284650313228 0.0021221176738541129 0.052751278621741275
leaf_weight=9.6125627160072344 10.320587158203123 21.259431719779968 40.386041224002838 16.012087285518646 17.940634489059448 206.56879490613937 131.1098358631134 153.66718691587448 66.465406596660614 9.5584013462066633 37.015646278858185 39.956066787242889 8.7402433753013593 8.7642314434051496 24.610213041305542 8.7562354207038862 18.006413459777836
leaf_count=39 41 85 160 64 72 826 526 614 268 38 149 159 35 35 98 35 71
internal_value=4.71803e-08 -0.00158278 0.0101138 -0.0180766 0.0180576 -0.00365298 -0.00752217 -0.00292112 -0.0223766 0.0012504 -0.014036 0.00416336 0.0269558 0.0342653 0.00436338 0.0297743 0.0429355
internal_weight=828.75 782.919 117.318 25.6247 91.6931 665.601 372.502 284.777 87.7248 293.099 46.574 246.525 45.8315 37.0912 42.5508 49.1423 28.327
internal_count=3315 3133 468 103 365 2665 1493 1140 353 1172 187 985 182 147 170 195 112
is_linear=0
shrinkage=1


Tree=1
num_leaves=18
num_cat=0
split_feature=42 8 8 20 18 42 18 38 35 10 30 3 29 3 8 17 39
split_gain=37.0181 18.4432 18.9064 20.6216 20.1807 13.6747 29.2887 16.4025 12.5078 11.4128 11.1317 10.7731 8.54728 8.44804 6.53594 3.72259 2.93008
threshold=0.24161421593421312 0.00052062275555323932 0.00043974228290269223 -0.92067003527111668 0.90000000000000013 0.17452225077733324 0.50000000000000011 0.089150013796106056 0.71387881756591953 0.00011821430300455002 0.89376375597084945 0.0026573237888952504 0.090499192968431591 0.0016858194365586001 0.00053703911535755392 0.074999999999874958 0.20607368750573765
decision_type=2 2 2 2 2 2 2 2 2 2 2 2 2 2 2 2 2
left_child=1 2 9 8 -5 6 10 -8 -4 11 -3 -1 14 -11 15 -2 -7
right_child=12 5 3 4 -6 16 7 -9 -10 13 -12 -13 -14 -15 -16 -17 -18
leaf_value=-0.018649305700697973 0.050513069475479892 0.03436979185546099 0.015732505071014733 -0.0060352577615244351 0.012948460849079309 -0.0230714983423124 -0.0033896796926819748 -0.032138682857291351 -7.2000836153574821e-05 -0.012556939942098562 -0.0070144344982451387 0.0039300049199318468 0.00033700694065993926 0.010887509651507457 0.012357977282694511 0.025047541009160401 -0.04842419753165788
leaf_weight=88.299930438399315 15.712096884846689 16.400875270366672 139.32733000814915 224.86765249073505 64.72278068959713 10.182989463210108 36.712783351540565 35.44233812391758 65.74374908208847 21.42390675842762 8.731419160962103 23.772819116711617 9.5023609697818738 38.111428752541542 10.786481902003286 9.8163244724273664 9.1270277947187406
leaf_count=355 62 65 555 901 258 41 147 143 263 86 35 95 38 152 43 39 37
internal_value=0 -0.00153473 0.000385947 0.00336905 -0.0017724 -0.0125349 -0.00786958 -0.0176107 0.0106475 -0.00818211 0.0198578 -0.0138208 0.026166 0.00236523 0.032772 0.0410997 -0.0355668
internal_weight=828.684 782.867 666.27 494.662 289.59 116.597 97.2874 72.1551 205.071 171.608 25.1323 112.073 45.8173 59.5353 36.3149 25.5284 19.31
internal_count=3315 3133 2665 1977 1159 468 390 290 818 688 100 450 182 238 144 101 78
is_linear=0
shrinkage=0.03


Tree=2
num_leaves=17
num_cat=0
split_feature=42 7 38 35 23 38 39 12 43 12 34 0 34 2 23 24
split_gain=34.9035 14.1267 22.8943 26.0038 14.9064 13.6839 13.5071 21.4908 19.8361 24.7246 15.7139 13.2293 10.7812 9.5873 8.9249 4.68555
threshold=0.24161421593421312 -0.0013362326834584998 -0.5834440745721684 0.72439486283169596 -1.1407892474117778 -0.014877043748302133 0.26574854761453132 -0.00015813518087719997 0.40942555825265731 -0.00038782494007809999 0.021814288432303253 75.304653037438499 0.021821279386425353 0.50184052716563243 0.29265322597666471 -0.12768890270554895
decision_type=2 2 2 2 2 2 2 2 2 2 2 2 2 2 2 2
left_child=1 2 -1 4 -4 -5 7 13 11 -10 -9 -8 14 -3 15 -2
right_child=12 6 3 5 -6 -7 8 10 9 -11 -12 -13 -14 -15 -16 -17
leaf_value=-0.036961763856345919 0.023190968992100089 -0.011067166492048336 0.011576336885476548 -0.03161073108909096 0.041911567493594204 0.009007464978439992 0.0075991591041705822 0.017098952524118697 0.03449574817807418 -0.016267179032997681 -0.0033223282102475354 0.043630223646644609 -0.0040464455214218589 -0.032717864003899678 0.0053147136309065644 0.050169437395900227
leaf_weight=8.6561916023492795 10.311355635523794 175.18096368014812 34.101562216877937 13.381137713789942 26.29352842271328 16.288426831364632 121.49284827709198 39.173208549618721 9.8429129123687726 61.966040760278702 245.75119458138943 9.8676557540893537 8.7393819689750654 20.810303151607513 8.764157295227049 17.968689709901813
leaf_count=35 41 703 136 54 104 65 485 156 39 249 984 39 35 84 35 71
internal_value=0 -0.00148975 0.00909919 0.0136301 0.0249285 -0.00922752 -0.00302609 -0.00576901 0.00344392 -0.00918912 -0.000491376 0.0103867 0.0254176 -0.0134122 0.0324779 0.0406652
internal_weight=828.59 782.806 98.7208 90.0647 60.3951 29.6696 684.085 480.916 203.169 71.809 284.924 131.361 45.7836 195.991 37.0442 28.28
internal_count=3315 3133 394 359 240 119 2739 1927 812 288 1140 524 182 787 147 112
is_linear=0
shrinkage=0.03


Tree=3
num_leaves=19
num_cat=0
split_feature=42 8 8 32 23 18 18 39 37 36 7 10 0 34 23 36 12 17
split_gain=32.9082 17.0591 17.9208 23.2613 19.5337 20.8836 19.2248 17.8152 14.6118 34.0244 15.1375 12.9624 10.9977 10.1887 8.43304 4.25 4.63338 3.59725
threshold=0.24161421593421312 0.00052062275555323932 0.00043974228290269223 6.7199728139962419e-05 -0.62319841008612797 0.90000000000000013 0.75000000000000011 -0.26752074526873093 -0.36825322252277354 0.070504435326319087 -0.00054516268144094986 0.00011821430300455002 42.941447562205887 0.021821279386425353 0.29265322597666471 -0.17317943513274411 -6.3713455112361132e-05 0.074999999999874958
decision_type=2 2 2 2 2 2 2 2 2 2 2 2 2 2 2 2 2 2
left_child=1 2 3 11 6 -6 -4 -5 15 10 -10 -1 -11 14 17 -3 -17 -2
right_child=13 8 4 7 5 -7 -8 -9 9 12 -12 -13 -14 -15 -16 16 -18 -19
leaf_value=-0.019150222851131375 0.048668416987613108 -0.010178873517933437 0.019480422316720734 0.051896043943945307 -0.0056302837531496354 0.013029608049325138 0.00015632791348045084 0.00011498713827583237 -0.0064352017729626242 -0.0027457370251128313 0.031567182250805653 -5.5232342079920599e-05 -0.03447708674094143 -0.0039270017965994507 0.0051580677358736915 -0.047929449278405208 -0.021042432008940549 0.025047682131450727
leaf_weight=95.711348578333855 16.91451965272427 9.4648800045251829 104.52999646961689 8.8748679012060183 236.33099423348904 69.737599954009056 83.984595745801926 18.246353015303612 15.966424465179442 15.727623865008352 22.185792535543442 48.737239733338356 27.723858699202538 8.7396061867475492 8.7639598846435529 12.56475068628788 12.918493449687958 11.305389061570166
leaf_count=385 67 38 416 35 947 278 336 73 64 63 88 195 112 35 35 51 52 45
internal_value=0 -0.0014447 0.000402249 -0.00794024 0.00330687 -0.00135964 0.0109022 0.0174165 -0.0120265 -0.00498742 0.0155831 -0.0127454 -0.0231438 0.0246984 0.0315726 -0.0282429 -0.0346778 0.0395466
internal_weight=828.428 782.705 666.153 171.57 494.583 306.069 188.515 27.1212 116.552 81.6037 38.1522 144.449 43.4515 45.7235 36.9839 34.9481 25.4832 28.2199
internal_count=3315 3133 2665 688 1977 1225 752 108 468 327 152 580 175 182 147 141 103 112
is_linear=0
shrinkage=0.03


Tree=4
num_leaves=19
num_cat=0
split_feature=40 1 47 3 18 3 3 3 16 47 45 33 43 34 34 29 17 37
split_gain=31.0878 18.5445 28.0016 16.3218 15.7324 19.7942 15.4414 12.7154 30.7116 22.4536 16.4341 23.3375 16.1582 13.3887 8.87951 7.30075 3.28283 1.33022
threshold=-0.7105690272281312 -1.3196585955772659 0.30591338334637647 0.0036240094935166504 0.75000000000000011 0.0028432768199590005 0.0032647456251248506 0.0025446293056533005 0.00049847192961435013 -0.25846838156515983 0.44293662497544867 0.37701712301263285 -0.39712587382496584 0.021814128570301284 0.021821279386425353 0.09755107532555489 0.074999999999874958 -0.39314941103106338
decision_type=2 2 2 2 2 2 2 2 2 2 2 2 2 2 2 2 2 2
left_child=14 2 4 -4 6 -6 -2 8 9 -3 13 -12 -10 -9 15 16 17 -1
right_child=1 7 3 -5 5 -7 -8 10 12 -11 11 -13 -14 -15 -16 -17 -18 -19
leaf_value=0.054393975643388368 0.0082062676555059652 -0.025630422345326462 0.0029188168002798457 -0.045338666726154206 0.027654055215259803 -0.0091075854260139928 0.047634507861279929 0.017193675809885203 0.036316833270523936 -0.0022089934993146593 -0.01564151790479984 0.032025122161043251 0.007355701735047555 -0.016332079674436253 -0.0038111132644766173 0.0061535967391844982 0.023354173856942117 0.033939661335329489
leaf_weight=9.0843634903430921 15.276960909366606 41.692396253347397 13.999140918254854 11.07258230447769 22.908139571547508 30.413517609238625 22.780266508460045 11.29997459053993 21.707166835665703 314.17223997414112 18.161856040358543 18.402983874082565 87.893691271543503 149.27989891171455 8.7397553920745832 10.017103150486944 12.544834956526755 8.7689538747072273
leaf_count=36 61 168 56 45 91 122 90 45 86 1258 73 73 351 600 35 40 50 35
internal_value=0 -0.00145933 0.00956378 -0.0183579 0.0172914 0.00663513 0.0320193 -0.0034051 -0.000689126 -0.00497528 -0.0097894 0.00825923 0.0131744 -0.013931 0.0231044 0.0290283 0.0363517 0.0449639
internal_weight=828.216 779.061 116.451 25.0717 91.3789 53.3217 38.0572 662.61 465.465 355.865 197.145 36.5648 109.601 160.58 49.155 40.4153 30.3982 17.8533
internal_count=3315 3119 465 101 364 213 151 2654 1863 1426 791 146 437 645 196 161 121 71
is_linear=0
shrinkage=0.03


Tree=5
num_leaves=17
num_cat=0
split_feature=42 8 20 8 2 3 47 3 34 32 23 43 37 24 21 32
split_gain=29.3936 15.7492 14.4568 24.4205 14.3273 20.1847 12.4112 11.0206 9.14853 8.49926 7.61266 5.89888 19.7403 4.56334 4.35903 0.142811
threshold=0.24161421593421312 0.00054431582728857225 -0.92067003527111668 0.00044244030905498104 0.74988942360207111 0.0022981226538820007 -0.24662359303521383 0.0016381728847530003 0.021821279386425353 -5.5898203125318932e-05 0.29265322597666471 -0.33736388014307317 -0.35522203120264878 -0.12768890270554895 1.9629440713572899 -3.0099171749646082e-05
decision_type=2 2 2 2 2 2 2 2 2 2 2 2 2 2 2 2
left_child=1 2 3 9 7 -6 -5 -4 10 -1 13 14 -13 -2 -3 -15
right_child=8 11 4 6 5 -7 -8 -9 -10 -11 -12 12 -14 15 -16 -17
leaf_value=0.0013863234924924442 0.020365430833345247 -0.016590494908812807 -0.018681836778290641 -0.0064029491516145098 0.014050038929235537 -0.0059471048027164384 0.012529091403150209 -0.0045146826175783347 -0.0036986742818129604 -0.019275808265608495 0.0048238703947973563 -0.033004864293174604 0.01584852656239702 0.053142298656795747 -0.046439295387225986 0.03923899231130213
leaf_weight=30.738426834344864 10.253196090459822 10.432499289512636 69.597362920641899 36.661044493317604 78.273013606667519 107.52657902240753 194.7694605588913 174.67563544213772 8.7398355007171613 41.499082624912262 8.7631238698959333 15.070640802383425 14.307935342192648 9.0507931411266309 8.8689113706350309 8.7455335110426002
leaf_count=123 41 42 280 147 312 431 777 700 35 167 35 61 57 36 36 35
internal_value=0 -0.00136149 -0.000257317 0.00474615 -0.00380108 0.00245756 0.00950842 -0.00857853 0.0233901 -0.0104369 0.029932 -0.0178603 -0.00910028 0.0375492 -0.0307896 0.0469457
internal_weight=827.973 782.421 733.741 303.668 430.073 185.8 231.431 244.273 45.5525 72.2375 36.8126 48.68 29.3786 28.0495 19.3014 17.7963
internal_count=3315 3133 2937 1214 1723 743 924 980 182 290 147 196 118 112 78 71
is_linear=0
shrinkage=0.03


Tree=6
num_leaves=19
num_cat=0
split_feature=40 1 47 35 43 38 8 23 36 12 17 32 39 32 34 23 38 24
split_gain=27.8389 16.8713 26.2923 13.4015 11.9687 26.4529 20.8203 15.6815 14.0446 12.7101 11.3575 9.03011 8.96456 8.03648 7.99358 6.53798 2.94728 4.19787
threshold=-0.7105690272281312 -1.3196585955772659 0.30591338334637647 0.66452120625656652 0.27818671649917787 0.044287183125600114 0.00050196182955499044 -0.78996958761053127 -0.1554572808652302 -0.00081667589864114988 0.15833333333306943 -9.1845504035277978e-05 0.37971649958332959 -3.9613019099367834e-05 0.021821279386425353 0.33665654309347587 -0.64100339994760613 -0.0076626670134643344
decision_type=2 2 2 2 2 2 2 2 2 2 2 2 2 2 2 2 2 2
left_child=14 2 3 13 5 7 -7 -3 9 -6 -4 -5 -10 -2 15 16 17 -1
right_child=1 4 10 11 8 6 -8 -9 12 -11 -12 -13 -14 -15 -16 -17 -18 -19
leaf_value=0.023954637524670936 0.032942113814597607 0.0010274213796944728 -0.0013062078627862294 -0.011850309055953228 0.016568640584365059 0.0023202267082682001 -0.016421021063697354 -0.028364946940903531 0.0099214350920033383 -0.010349252162336182 -0.042837405726298565 0.016043171026741684 -0.0096348882335165024 0.00067830085862666581 -0.0035895799035099013 0.0047785847831039252 0.017979534821331085 0.052046216687655314
leaf_weight=9.7393420934677124 40.282316103577614 21.252259999513626 15.216833814978601 17.930331125855446 18.317200735211372 213.76434935629368 70.823649898171425 66.391348391771317 142.0713903605938 105.39014232158661 9.8191844671964628 24.337348163127899 24.418894320726395 8.7438811808824521 8.7398528605699521 9.26147313416004 8.7310107499361056 12.47987225651741
leaf_count=39 160 85 61 72 73 855 285 268 567 423 40 97 98 35 35 37 35 50
internal_value=0 -0.00137708 0.0091426 0.0166338 -0.00323289 -0.00679433 -0.00233418 -0.0211969 0.00132096 -0.00631198 -0.0179316 0.00410435 0.00702004 0.027299 0.0219132 0.0275604 0.0341769 0.0401772
internal_weight=827.711 778.759 116.33 91.2939 662.429 372.232 284.588 87.6436 290.198 123.707 25.036 42.2677 166.49 49.0262 48.9516 40.2117 30.9502 22.2192
internal_count=3315 3119 465 364 2654 1493 1140 353 1161 496 101 169 665 195 196 161 124 89
is_linear=0
shrinkage=0.03


Tree=7
num_leaves=18
num_cat=0
split_feature=40 8 8 32 39 20 18 42 18 12 10 35 30 30 8 34 24
split_gain=26.2959 14.8517 16.666 21.8971 16.5091 15.9193 18.4336 12.4231 26.2434 13.5249 12.3518 11.4833 10.5558 8.32411 8.47195 6.03888 3.25023
threshold=-0.7105690272281312 0.00052062275555323932 0.00043974228290269223 6.7199728139962419e-05 -0.26752074526873093 -0.92067003527111668 0.90000000000000013 0.17452225077733324 0.50000000000000011 -0.0015013291148684499 0.00011821430300455002 0.71387881756591953 0.89376375597084945 1.3568066412374431 0.00046966443558183878 0.021818966028974849 -0.2315854204963651
decision_type=2 2 2 2 2 2 2 2 2 2 2 2 2 2 2 2 2
left_child=13 2 3 10 -5 11 -7 8 12 -10 -2 -4 -3 14 -1 -16 -9
right_child=1 7 5 4 -6 6 -8 16 9 -11 -12 -13 -14 -15 15 -17 -18
leaf_value=0.036873105748250923 -0.018690605336916289 0.03354521378345196 0.014522074761659247 0.050132683065481166 0.00024728623734173697 -0.0053994740647736504 0.012780080362413633 -0.047598227386825856 0.016755944609371205 -0.021186146737704532 -9.9569987289947819e-06 -0.00066545117207742876 -0.0067618523709810181 0.0427681814883644 -0.010389856483582552 0.018138253093250258 -0.020793004070334221
leaf_weight=10.238703578710554 94.601346984505653 16.387005001306537 138.1214816570282 8.8623586297035235 18.239915102720261 224.24166974425316 64.455064952373505 8.5696629732847232 9.5265825241804105 62.491169571876526 48.717931121587753 65.446969732642174 8.7232690751552564 12.266376107931135 12.361208051443102 13.956815034151075 10.143492683768271
leaf_count=41 381 65 551 35 73 899 257 35 38 252 195 262 35 49 50 56 41
internal_value=0 -0.00133625 0.000390462 -0.00768349 0.0169109 0.00319628 -0.00132056 -0.0112407 -0.00684376 -0.0160804 -0.0123786 0.00962032 0.0194075 0.0213275 0.0138652 0.00458604 -0.0335879
internal_weight=827.351 778.528 662.687 170.422 27.1023 492.265 288.697 115.841 97.128 72.0178 143.319 203.568 25.1103 48.8231 36.5567 26.318 18.7132
internal_count=3315 3119 2653 684 108 1969 1156 466 390 290 576 813 100 196 147 106 76
is_linear=0
shrinkage=0.03


Tree=8
num_leaves=19
num_cat=0
split_feature=42 1 47 3 18 3 3 3 16 47 43 38 1 46 34 23 24 22
split_gain=24.8581 15.8836 23.145 16.6543 14.4311 18.284 14.4825 11.8807 27.3338 21.301 14.9883 14.3594 26.214 12.505 8.35272 6.85371 4.17953 0.0481042
threshold=0.24161421593421312 -1.3196585955772659 0.30591338334637647 0.0036240094935166504 0.75000000000000011 0.0028432768199590005 0.0032647456251248506 0.0025446293056533005 0.00049847192961435013 -0.25515591499483897 -0.39712587382496584 -0.48630751396115307 1.7802460656789665 -0.29594932613584884 0.021821279386425353 0.29265322597666471 -0.12768890270554895 -0.93378646240030216
decision_type=2 2 2 2 2 2 2 2 2 2 2 2 2 2 2 2 2 2
left_child=1 2 4 -4 6 -6 -1 8 9 -3 -10 12 -9 -13 15 16 -2 -18
right_child=14 7 3 -5 5 -7 -8 11 10 -11 -12 13 -14 -15 -16 -17 17 -19
leaf_value=0.0071123244371073899 0.018730851394094531 -0.024063264377379934 0.0049572480594580392 -0.043246896529614415 0.0260768087891853 -0.0092879506049192984 0.045339578514745377 -0.012728654372919807 0.034967954124146307 -0.0017059457056882081 0.0070565546835407028 -0.045120496185954026 0.036530956599312485 -0.011008356841730875 -0.0042496144445315067 0.0040874305751048019 0.050137298077510238 0.037346215722790621
leaf_weight=15.25095848739147 10.194347798824309 43.639248117804527 14.497014850378038 11.232463702559469 22.848987475037575 30.390654757618904 22.683262422680855 24.378303468227386 21.680494502186775 314.47224974632263 87.866034209728241 10.348492816090582 15.897374719381331 146.59586697816849 8.7383189946413022 8.7580429762601835 8.6472512781620008 8.8793266713619285
leaf_count=61 41 176 58 46 91 122 90 98 86 1260 351 42 63 589 35 35 35 36
internal_value=0 -0.0012474 0.0089337 -0.0160416 0.0160458 0.00583597 0.0301775 -0.00304588 -0.000430696 -0.00445189 0.0126618 -0.0092193 0.00666689 -0.0133272 0.0215944 0.0279001 0.0351994 0.0442835
internal_weight=826.999 781.781 116.903 25.7295 91.1739 53.2396 37.9342 664.878 467.658 358.111 109.547 197.22 40.2757 156.944 45.2173 36.479 27.7209 17.5266
internal_count=3315 3133 468 104 364 213 151 2665 1873 1436 437 792 161 631 182 147 112 71
is_linear=0
shrinkage=0.03


Tree=9
num_leaves=16
num_cat=0
split_feature=40 8 3 20 8 18 35 36 8 38 7 37 40 36 46
split_gain=23.5458 13.6221 15.0765 11.0922 23.3762 14.7191 7.80088 9.90401 7.6226 10.4904 8.87065 5.64141 17.769 4.16179 1.5726
threshold=-0.7105690272281312 0.00054431582728857225 0.0012650941067140003 -0.92067003527111668 0.00044244030905498104 0.90000000000000013 0.50338255213632366 0.11358225586902929 0.00046966443558183878 -0.65401598428476604 -0.0013125112460007997 -0.3780425699010585 0.096940136281861627 -0.15326084725023512 0.2824767779350113
decision_type=2 2 2 2 2 2 2 2 2 2 2 2 2 2 2
left_child=8 2 6 4 -4 -5 -2 -8 -1 10 -10 -3 -13 -11 -14
right_child=1 11 3 5 -6 -7 7 -9 9 13 -12 12 14 -15 -16
leaf_value=0.039784876271669309 -0.033765703279184128 -0.033655279625012358 -0.010118148259927996 -0.0054294599732609625 0.010267616245764019 0.0084031094352841201 0 -0.036201351432277269 0.049720865764236462 -0.017970755385335654 0.0067684160673246825 0.014159418841767017 -0.038793386650409482 0.010859828029199641 -0.019867044254043672
leaf_weight=13.16330926120281 15.081156611442564 12.989708110690115 65.668049603700638 303.61957842111588 217.13307033479214 89.348572060465813 30.456783533096313 8.6457519680261594 8.9654062986373884 8.9040897041559237 8.8686724901199323 15.045122414827345 8.8636540770530718 8.6762134730815905 11.115178793668745
leaf_count=53 61 53 264 1218 868 357 122 35 36 36 36 60 36 35 45
internal_value=8.88759e-07 -0.00126054 -0.000234627 0.000981306 0.00551517 -0.00227092 -0.0154432 -0.00815985 0.0202365 0.0127068 0.028846 -0.0167147 -0.0101871 -0.00351701 -0.0287138
internal_weight=826.544 777.967 729.953 675.769 282.801 392.968 54.1837 39.1025 48.5777 35.4144 17.8341 48.0137 35.024 17.5803 19.9788
internal_count=3315 3119 2925 2707 1132 1575 218 157 196 143 72 194 141 71 81
is_linear=0
shrinkage=0.03


Tree=10
num_leaves=17
num_cat=0
split_feature=44 1 47 0 18 3 3 18 39 43 45 22 3 29 34 24
split_gain=22.2716 14.5411 21.1991 16.1057 13.6046 17.2698 13.7081 11.4046 19.3779 18.736 13.3379 24.6762 14.0987 9.41014 9.21276 3.90264
threshold=0.22234718054587427 -1.3196585955772659 0.30591338334637647 20.40796150066009 0.75000000000000011 0.0028432768199590005 0.0032647456251248506 0.25000000000000006 0.32929594687664149 -0.37658526037331325 0.44293662497544867 1.0255361969102308 0.0025446293056533005 0.090499192968431591 0.021821213828599129 -0.0076626670134643344
decision_type=2 2 2 2 2 2 2 2 2 2 2 2 2 2 2 2
left_child=1 2 4 -4 6 -6 -1 8 9 -3 12 -12 -9 14 15 -2
right_child=13 7 3 -5 5 -7 -8 10 -10 -11 11 -13 -14 -15 -16 -17
leaf_value=0.0067051365389263666 0.022930643826901145 0.016076281499216506 -0.046149199681131986 0.0024984484988658283 0.025182839320917243 -0.0092049548985656225 0.043941286119269306 -0.00042593267636213423 0.020744323052779498 -0.031646742704320871 -0.0013202645693942718 0.028542691000139776 -0.011522724288391774 -0.0043814671146307467 0.00068870502801265541 0.047798494170793009
leaf_weight=15.240142881870268 11.886636823415754 8.7811121195554716 9.4472887963056582 16.451811909675598 22.807393491268158 30.390018492937088 22.584876894950867 332.88485117256641 10.80292436480522 41.295893892645836 86.084103658795357 34.737779542803764 149.6966645270586 10.226955801248549 8.7299932688474637 14.16273480653763
leaf_count=61 48 35 39 66 91 122 90 1334 43 167 345 138 602 41 35 58
internal_value=2.07136e-07 -0.00117823 0.00856124 -0.0152377 0.0153962 0.00548317 0.0291427 -0.0029008 -0.0152685 -0.0231658 -0.00164203 0.00725325 -0.00387999 0.0204907 0.0279207 0.036819
internal_weight=826.211 781.205 116.922 25.8991 91.0224 53.1974 37.825 664.283 60.8799 50.077 603.403 120.822 482.582 45.0063 34.7794 26.0494
internal_count=3315 3133 469 105 364 213 151 2664 245 202 2419 483 1936 182 141 106
is_linear=0
shrinkage=0.03


Tree=11
num_leaves=17
num_cat=0
split_feature=40 1 47 3 18 3 3 18 39 40 47 8 36 30 8 34
split_gain=21.2393 13.3915 21.3373 13.2214 12.8715 16.5484 13.0101 11.8329 19.4805 20.6465 12.8141 19.384 10.3465 7.56426 7.57681 5.57621
threshold=-0.7105690272281312 -1.3196585955772659 0.30591338334637647 0.0036240094935166504 0.75000000000000011 0.0033821939343203007 0.0032647456251248506 0.25000000000000006 0.31496416419623535 0.1957365069219274 0.51412143303557556 0.00051891461285916878 -0.15915932656975335 1.3568066412374431 0.00046966443558183878 0.021818966028974849
decision_type=2 2 2 2 2 2 2 2 2 2 2 2 2 2 2 2
left_child=13 2 4 -4 6 -6 -2 8 9 -3 12 -12 -9 14 -1 -16
right_child=1 7 3 -5 5 -7 -8 10 -10 -11 11 -13 -14 -15 15 -17
leaf_value=0.034102877881154861 0.0065080183916173696 -0.035066010328568528 0.0027702526111146172 -0.040868969088179177 0.019214497127788759 -0.014702865183858138 0.042829668209189486 -0.017648141653041516 0.015564529274317071 0.015615137749601112 0.013054471046067544 -0.022665450676310466 -0.0022764708535912828 0.039908682024034484 -0.011017309436848191 0.016494281402598298
leaf_weight=10.080254659056662 15.235308170318602 36.544026345014572 13.9786374270916 10.873543232679365 31.521360814571381 21.638982594013214 22.481354340910912 43.201619371771812 13.543764203786848 8.7815342694520933 92.24500535428524 15.832197263836859 451.57455438375473 12.052205413579939 12.310031011700632 13.846246033906935
leaf_count=41 61 148 56 45 126 87 90 174 54 35 368 64 1811 49 50 56
internal_value=1.29329e-06 -0.00119389 0.00820449 -0.0162738 0.0149638 0.00532146 0.0283606 -0.00284586 -0.0156747 -0.0251288 -0.00158206 0.00775613 -0.00363269 0.0192808 0.0121601 0.00338634
internal_weight=825.741 777.452 115.729 24.8522 90.877 53.1603 37.7167 661.723 58.8693 45.3256 602.853 108.077 494.776 48.2887 36.2365 26.1563
internal_count=3315 3119 465 101 364 213 151 2654 237 183 2417 432 1985 196 147 106
is_linear=0
shrinkage=0.03


Tree=12
num_leaves=19
num_cat=0
split_feature=42 1 47 3 35 43 40 8 43 1 8 23 11 34 23 8 24 35
split_gain=20.0623 12.804 19.1944 14.4245 12.2052 10.7339 22.4438 17.6459 12.0711 14.7491 11.8725 10.3534 10.2282 7.75633 6.06035 5.92414 3.89957 0.15604
threshold=0.24161421593421312 -1.3196585955772659 0.30591338334637647 0.0034864848007676503 0.75634116712404909 0.27818671649917787 0.03429843256307577 0.00050196182955499044 0.4140825736663169 1.2110043678796958 0.00051094694020945746 -1.1407892474117778 0.00060515250219705008 0.021821279386425353 0.29265322597666471 0.00049975875627608266 -0.12768890270554895 0.63500367724656914
decision_type=2 2 2 2 2 2 2 2 2 2 2 2 2 2 2 2 2 2
left_child=1 2 4 -4 11 6 10 -8 12 -10 -3 -1 -7 14 16 -6 -2 -18
right_child=13 5 3 -5 15 8 7 -9 9 -11 -12 -13 -14 -15 -16 -17 17 -19
leaf_value=0.010146610149746927 0.016757317749875118 -0.025022455230590799 0.0058505666107993171 -0.038927012854438205 0.0088629071961876336 0.0015033264933371406 0.0020022642392275654 -0.015119027495511105 -0.00040421357109951723 -0.036420971798039804 0.0064400592895426691 0.034180330106797462 0.018106475892183154 -0.0053396741825415079 0.0033161829202274992 -0.020959916294108122 0.047526485554773866 0.034236312219613249
leaf_weight=36.372021302580833 10.091468229889868 68.252341106534004 13.743155792355539 11.801409840583799 13.979126244783403 206.27562206983566 219.28015579283237 71.672684893012047 31.200146779417992 15.270214676856993 12.495947256684302 30.203192532062531 39.897375777363777 8.7271158397197706 8.742668464779852 10.158801332116125 8.6576794981956535 8.4268255084753019
leaf_count=146 41 276 55 49 56 826 878 289 125 62 50 121 159 35 35 41 36 35
internal_value=2.02391e-06 -0.00111274 0.00805583 -0.0147677 0.0145462 -0.00272543 -0.00611047 -0.00220552 0.00155963 -0.012415 -0.020095 0.0211698 0.00422186 0.0195319 0.0256967 -0.00355512 0.0326743 0.0415873
internal_weight=825.248 780.602 116.258 25.5446 90.7131 664.344 371.701 290.953 292.643 46.4704 80.7483 66.5752 246.173 44.6458 35.9186 24.1379 27.176 17.0845
internal_count=3315 3133 468 104 364 2665 1493 1167 1172 187 326 267 985 182 147 97 112 71
is_linear=0
shrinkage=0.03


end of trees

feature_importances:
Column_3=20
Column_8=19
Column_18=13
Column_34=13
Column_23=12
Column_43=10
Column_47=10
Column_1=9
Column_38=9
Column_42=9
Column_24=8
Column_32=8
Column_35=8
Column_40=8
Column_12=7
Column_39=7
Column_36=6
Column_0=4
Column_17=4
Column_20=4
Column_30=4
Column_37=4
Column_7=3
Column_10=3
Column_29=3
Column_2=2
Column_11=2
Column_16=2
Column_22=2
Column_45=2
Column_46=2
Column_21=1
Column_33=1
Column_44=1

parameters:
[boosting: gbdt]
[objective: binary]
[metric: binary_logloss]
[tree_learner: serial]
[device_type: cpu]
[data_sample_strategy: bagging]
[data: ]
[valid: ]
[num_iterations: 500]
[learning_rate: 0.03]
[num_leaves: 31]
[num_threads: 1]
[seed: 42]
[deterministic: 0]
[force_col_wise: 0]
[force_row_wise: 0]
[histogram_pool_size: -1]
[max_depth: 5]
[min_data_in_leaf: 35]
[min_sum_hessian_in_leaf: 0.001]
[bagging_fraction: 0.8]
[pos_bagging_fraction: 1]
[neg_bagging_fraction: 1]
[bagging_freq: 0]
[bagging_seed: 400]
[bagging_by_query: 0]
[feature_fraction: 0.8]
[feature_fraction_bynode: 1]
[feature_fraction_seed: 30056]
[extra_trees: 0]
[extra_seed: 12879]
[early_stopping_round: 0]
[early_stopping_min_delta: 0]
[first_metric_only: 0]
[max_delta_step: 0]
[lambda_l1: 0.15]
[lambda_l2: 0.15]
[linear_lambda: 0]
[min_gain_to_split: 0]
[drop_rate: 0.1]
[max_drop: 50]
[skip_drop: 0.5]
[xgboost_dart_mode: 0]
[uniform_drop: 0]
[drop_seed: 17869]
[top_rate: 0.2]
[other_rate: 0.1]
[min_data_per_group: 100]
[max_cat_threshold: 32]
[cat_l2: 10]
[cat_smooth: 10]
[max_cat_to_onehot: 4]
[top_k: 20]
[monotone_constraints: ]
[monotone_constraints_method: basic]
[monotone_penalty: 0]
[feature_contri: ]
[forcedsplits_filename: ]
[refit_decay_rate: 0.9]
[cegb_tradeoff: 1]
[cegb_penalty_split: 0]
[cegb_penalty_feature_lazy: ]
[cegb_penalty_feature_coupled: ]
[path_smooth: 0]
[interaction_constraints: ]
[verbosity: -1]
[saved_feature_importance_type: 0]
[use_quantized_grad: 0]
[num_grad_quant_bins: 4]
[quant_train_renew_leaf: 0]
[stochastic_rounding: 1]
[linear_tree: 0]
[max_bin: 255]
[max_bin_by_feature: ]
[min_data_in_bin: 3]
[bin_construct_sample_cnt: 200000]
[data_random_seed: 175]
[is_enable_sparse: 1]
[enable_bundle: 1]
[use_missing: 1]
[zero_as_missing: 0]
[feature_pre_filter: 1]
[pre_partition: 0]
[two_round: 0]
[header: 0]
[label_column: ]
[weight_column: ]
[group_column: ]
[ignore_column: ]
[categorical_feature: ]
[forcedbins_filename: ]
[precise_float_parser: 0]
[parser_config_file: ]
[objective_seed: 16083]
[num_class: 1]
[is_unbalance: 0]
[scale_pos_weight: 1]
[sigmoid: 1]
[boost_from_average: 1]
[reg_sqrt: 0]
[alpha: 0.9]
[fair_c: 1]
[poisson_max_delta_step: 0.7]
[tweedie_variance_power: 1.5]
[lambdarank_truncation_level: 30]
[lambdarank_norm: 1]
[label_gain: ]
[lambdarank_position_bias_regularization: 0]
[eval_at: ]
[multi_error_top_k: 1]
[auc_mu_weights: ]
[num_machines: 1]
[local_listen_port: 12400]
[time_out: 120]
[machine_list_filename: ]
[machines: ]
[gpu_platform_id: -1]
[gpu_device_id: -1]
[gpu_use_dp: 0]
[num_gpu: 1]

end of parameters

pandas_categorical:null
