tree
version=v4
num_class=1
num_tree_per_iteration=1
label_index=0
max_feature_idx=47
objective=binary sigmoid:1
feature_names=Column_0 Column_1 Column_2 Column_3 Column_4 Column_5 Column_6 Column_7 Column_8 Column_9 Column_10 Column_11 Column_12 Column_13 Column_14 Column_15 Column_16 Column_17 Column_18 Column_19 Column_20 Column_21 Column_22 Column_23 Column_24 Column_25 Column_26 Column_27 Column_28 Column_29 Column_30 Column_31 Column_32 Column_33 Column_34 Column_35 Column_36 Column_37 Column_38 Column_39 Column_40 Column_41 Column_42 Column_43 Column_44 Column_45 Column_46 Column_47
feature_infos=[0.00068668662890570002:0.0058784213624533998] [0:1] [0:1] [-0.0014551676768754:0.0014441169207991] [-0.0023412223557225001:0.0023701320897094001] [0.00035134338019528026:0.00066252213823801882] [-1:1] [-0.0013476834329400999:0.0011181161546208] [-0.0021771557715740998:0.0018886257887804] [-0.0024842588384118998:0.0023863628724829001] [-0.0035548065015767998:0.0035275542131975] [0:1] [0:1] [-1:1] [-5.6962547730117006:4.3422924749136582] [0.0025857961226075999:0.0026315549668562001] [-0.0028606496731881999:0.0026511393420801999] [-0.83103835574156781:0.86912064023185287] [-1.1874636062687651:2.5397971551403984] [0.0166666666666388:0.49999999999916661] [0.20000000000000001:1] none none [2.6235647207424952e-07:14.768185240068725] [-2.9394251387032582:2.3063365440274755] [-2.8171009833197722:2.6541925812622873] [-26.753736160673117:14.769012355105623] none [-0.19497233757523394:5.3250012338381927] [-0.1989966137433116:4.6420995516561385] [-5.4347373883323433:4.4582823345816136] [0.00020717422483869675:0.00047571713081238757] [0:1] [0.021811358148346123:0.021838615109226547] [0.10000000000000001:0.90000000000000002] [-0.21386920697172837:0.21186194036270059] [-0.40825216135775172:0.40779298657138691] [-0.69995881357661316:0.60029223675382914] [-0.47894185291895891:0.47711064750016047] [-0.18107601346955562:0.21629971695304248] [-0.14221215431851034:0.13941755671658668] [-0.79868563004733095:0.6808594628987219] [-0.36952056229682873:0.25913071920156849] [-0.21482451831910407:0.30824433267846435] [-0.45188189572516724:0.44945511294479684] [-0.19547248262013311:0.30418932208492061] [-0.49944404357880257:0.5528795337366319] [-0.79162627241665429:0.8722549218776986]
tree_sizes=2079 1938 2156 2160

Tree=0
num_leaves=18
num_cat=0
split_feature=43 31 17 5 4 40 46 36 37 18 45 32 45 16 37 18 35
split_gain=39.3029 27.8746 26.9438 19.8428 21.9497 18.759 18.2999 17.0871 29.9293 14.272 20.758 32.3957 10.5219 7.03645 6.45048 3.66415 0.225639
threshold=0.24161421593421312 0.00037589040720703912 0.29811841117404053 0.00052062275555323932 -0.00086943872264704989 -0.0060324212514632092 0.34235643086633932 -0.3959315886210189 0.089150013796106056 -0.28605807123647875 0.016672514601168368 0.27634169078738274 -0.0028689856223727216 -0.00051433733219819996 -0.64621054734703476 -0.51368399069759041 -0.15499059895160736
decision_type=2 2 2 2 2 2 2 2 2 2 2 2 2 2 2 2 2
left_child=2 14 3 4 6 -6 -1 -5 -9 12 13 -12 -4 -11 16 -14 -2
right_child=1 -3 9 7 5 -7 -8 8 -10 10 11 -13 15 -15 -16 -17 -18
leaf_value=0.029238290263923071 0.042100003960583297 -0.015603496672347835 0.022559702944640429 -0.043183597032117785 0.006331634078270019 -0.0051725399960548934 -0.0063520602645035567 0.0090268906110423722 -0.026644896422820179 -0.018697727922667558 0.027304532610587524 -0.031755558375256579 -0.025892312631314293 -0.044068207910364844 0.023656199642901554 0.00045192309276517707 0.056362508577692538
leaf_weight=46.363587379455566 8.8521876931190473 10.454708755016325 12.829222440719606 13.343531548976896 261.44255179166794 248.65587311983109 17.718556642532349 47.61609423160553 37.729855954647064 16.416262865066528 15.615907728672026 17.598616302013397 9.1843990683555621 29.401784181594849 14.845725893974306 9.0023013353347761 11.678853094577788
leaf_count=184 35 42 51 54 1044 996 71 190 152 66 62 71 37 119 59 36 46
internal_value=4.71803e-08 0.0269558 -0.00158278 0.000662686 0.00280557 0.000715044 0.0193357 -0.0117445 -0.00670939 -0.0153353 -0.0220968 -0.00385549 0.00177291 -0.0351667 0.0396726 -0.0127097 0.0507806
internal_weight=828.75 45.8315 782.919 672.87 574.181 510.098 64.0821 98.6895 85.346 110.048 79.0326 33.2145 31.0159 45.818 35.3768 18.1867 20.531
internal_count=3315 182 3133 2691 2295 2040 255 396 342 442 318 133 124 185 140 73 81
is_linear=0
shrinkage=1


Tree=1
num_leaves=17
num_cat=0
split_feature=43 31 17 5 0 17 4 36 37 20 32 0 4 38 19 3
split_gain=37.0306 26.2774 25.3656 18.6797 21.6897 22.7407 17.6616 16.0982 28.1737 12.5777 31.5491 13.0519 12.2719 10.704 7.25663 1.05196
threshold=0.24161421593421312 0.00037589040720703912 0.29811841117404053 0.00052062275555323932 0.0012650941067140003 -0.31516738961418739 -0.00082757436440699988 -0.3959315886210189 0.089150013796106056 0.90000000000000013 0.29797496186925448 0.0038301178510481504 0.00016262213053235003 -0.32571977819019499 0.091666666666513866 -0.00016779133608429999
decision_type=2 2 2 2 2 2 2 2 2 2 2 2 2 2 2 2
left_child=2 14 3 4 5 -1 -6 -5 -9 11 -11 12 -4 -12 15 -2
right_child=1 -3 9 7 6 -7 -8 8 -10 10 13 -13 -14 -15 -16 -17
leaf_value=0.025438267510271072 0.037732624032556096 -0.01514297825529904 -0.017018642133019866 -0.041922058944220172 0.018391663831550119 -0.027767877098894982 0.0022662121438683674 0.0087570685316561373 -0.025853380206608888 0.037584425155384266 0 0.012658849612614155 -0.044599857086708335 -0.04524071852143241 0.019852904702174295 0.05567812956759232
leaf_weight=8.8121261894702894 8.8408820480108243 10.454072400927542 48.262028366327286 13.337312787771223 70.597656026482582 36.229180738329887 458.52724251151085 47.615123629570007 37.723159268498421 12.628644779324533 9.2458848655223882 8.7791839987039548 21.480757668614388 9.6257705539464915 13.069494903087614 13.451120823621752
leaf_count=35 35 42 194 54 281 146 1833 190 152 50 37 35 87 39 52 53
internal_value=0 0.0261696 -0.00153625 0.000642137 0.00272138 -0.0172089 0.00443083 -0.0113967 -0.00650811 -0.0148818 0.000996663 -0.0212986 -0.0256555 -0.0233541 0.0385222 0.0490613
internal_weight=828.68 45.8156 782.864 672.842 574.166 45.0413 529.125 98.6756 85.3383 110.022 31.5003 78.522 69.7428 18.8717 35.3615 22.292
internal_count=3315 182 3133 2691 2295 181 2114 396 342 442 126 316 281 76 140 88
is_linear=0
shrinkage=0.03


Tree=2
num_leaves=19
num_cat=0
split_feature=43 31 17 40 17 24 5 24 40 31 4 43 39 0 19 19 40 43
split_gain=34.9083 24.793 23.8875 18.1769 21.7213 32.8723 13.9587 19.3935 17.1584 11.9453 16.3709 10.6926 10.1193 10.1131 6.85215 6.2656 5.18424 0.643458
threshold=0.24161421593421312 0.00037589040720703912 0.29811841117404053 0.052809627291440446 0.046066365868498604 1.1807543454452218 0.0005256544418396988 -0.67170541133058792 -0.047088582827651125 0.00030519454015979992 0.00015445058968015005 0.10293677333957467 -0.10282395972704479 0.0019143243987693001 0.091666666666513866 0.091666666666513866 0.023259817353038389 0.25176205712324201
decision_type=2 2 2 2 2 2 2 2 2 2 2 2 2 2 2 2 2 2
left_child=2 14 3 6 5 -5 7 -1 -8 11 13 16 -6 -11 17 -12 -4 -2
right_child=1 -3 9 4 12 -7 8 -9 -10 10 15 -13 -14 -15 -16 -17 -18 -19
leaf_value=0.013007512472110539 0.038321686504550347 -0.014697692878049297 -0.057676902715897545 -0.029258292275198938 8.3976031861835297e-05 0.013060277339624173 -0.033424742616784513 0.00035579290032582394 7.9247594200645226e-05 -0.012432827547767592 -0.014168102013281404 0 0.035872396519012674 0.016673766604502985 0.019273606596502693 -0.043218022307187125 -0.028016035584333344 0.053901276700172168
leaf_weight=167.32469443976879 9.5929327607154864 10.452238529920576 8.8554979115724581 63.235182017087936 31.995880842208862 22.076727882027626 19.546927779912949 314.77122093737125 44.736076653003693 18.422372192144394 21.140418425202373 8.742704823613165 9.0876707434654218 25.099578306078911 13.063051417469977 10.364644080400465 17.344237551093102 12.664467707276343
leaf_count=667 38 42 36 255 128 88 79 1259 179 74 85 35 36 100 52 42 70 50
internal_value=0 0.0254213 -0.00149089 0.000622641 -0.00961455 -0.0182509 0.00300106 0.00475893 -0.0100928 -0.0144452 -0.00758834 -0.0289445 0.0082112 0.00424983 0.0374324 -0.0240267 -0.0384834 0.0476888
internal_weight=828.517 45.7727 782.744 672.774 126.395 85.3119 546.379 482.096 64.283 109.969 75.027 34.9424 41.0836 43.522 35.3205 31.5051 26.1997 22.2574
internal_count=3315 182 3133 2691 507 343 2184 1926 258 442 301 141 164 174 140 127 106 88
is_linear=0
shrinkage=0.03


Tree=3
num_leaves=19
num_cat=0
split_feature=43 31 17 40 18 17 28 15 35 18 42 32 16 31 36 34 43 29
split_gain=32.9291 23.4146 22.5202 17.0951 28.8898 20.7916 27.7513 18.315 13.4451 13.0306 16.0462 33.7875 12.9827 10.7248 9.87216 13.2273 5.87878 0.429738
threshold=0.24161421593421312 0.00037589040720703912 0.29811841117404053 0.052809627291440446 -0.23249753231553377 0.13480624596721533 1.4462334827977033 0.0025972174300900506 -0.1540277665364351 -0.28605807123647875 -0.045322315329107334 0.26695999335169723 -0.00075784412943419993 0.0003406213429744005 -0.3923217857711358 0.69625970475389354 0.25422059281803117 1.0007261549934343
decision_type=2 2 2 2 2 2 2 2 2 2 2 2 2 2 2 2 2 2
left_child=2 16 3 4 7 6 -5 -1 -6 14 11 -11 -12 -7 -4 -16 -2 -18
right_child=1 -3 9 5 8 13 -8 -9 -10 10 12 -13 -14 -15 15 -17 17 -19
leaf_value=-0.0099485077307747451 0.022356664617216901 -0.014266993655669221 -0.023873061697752791 -0.024669934328593303 -0.0030247907534472285 0.033758683626154938 0.011611073607442336 0.0055639900017190203 0.013595468049133754 0.032960028689170938 -0.0077040146703630484 -0.037621527885011621 -0.039475404418697367 -0.0042937113232260123 0.032363482487005213 -0.014408218149165947 0.039915189510092881 0.055440097428907868
leaf_weight=170.03497469425201 16.320063263177872 10.449312731623648 8.9322806596755999 75.203218132257462 54.947838336229324 12.865834921598436 25.069622218608856 114.12858135998249 207.22834488749504 12.861132964491846 17.44206203520298 11.347933501005171 37.264881014823914 13.231053277850149 13.111130058765413 8.9575712084770185 9.8166444450616854 9.1157012581825239
leaf_count=682 65 42 36 303 220 51 100 456 826 51 70 46 151 53 52 36 39 36
internal_value=0 0.0247102 -0.00144712 0.000604607 0.00291132 -0.00932415 -0.0155506 -0.00370275 0.0100952 -0.0140286 -0.0204983 0 -0.0294766 0.0143805 0.00231552 0.0132075 0.0364023 0.0480031
internal_weight=828.328 45.7017 782.626 672.709 546.34 126.37 100.273 284.164 262.176 109.917 78.916 24.2091 54.7069 26.0969 31.001 22.0687 35.2524 18.9323
internal_count=3315 182 3133 2691 2184 507 403 1138 1046 442 318 97 221 104 124 88 140 75
is_linear=0
shrinkage=0.03


end of trees

feature_importances:
Column_17=7
Column_43=7
Column_31=6
Column_40=5
Column_4=4
Column_18=4
Column_0=3
Column_5=3
Column_19=3
Column_32=3
Column_36=3
Column_37=3
Column_16=2
Column_24=2
Column_35=2
Column_45=2
Column_3=1
Column_15=1
Column_20=1
Column_28=1
Column_29=1
Column_34=1
Column_38=1
Column_39=1
Column_42=1
Column_46=1

parameters:
[boosting: gbdt]
[objective: binary]
[metric: binary_logloss]
[tree_learner: serial]
[device_type: cpu]
[data_sample_strategy: bagging]
[data: ]
[valid: ]
[num_iterations: 500]
[learning_rate: 0.03]
[num_leaves: 31]
[num_threads: 1]
[seed: 2024]
[deterministic: 0]
[force_col_wise: 0]
[force_row_wise: 0]
[histogram_pool_size: -1]
[max_depth: 5]
[min_data_in_leaf: 35]
[min_sum_hessian_in_leaf: 0.001]
[bagging_fraction: 0.8]
[pos_bagging_fraction: 1]
[neg_bagging_fraction: 1]
[bagging_freq: 0]
[bagging_seed: 4542]
[bagging_by_query: 0]
[feature_fraction: 0.8]
[feature_fraction_bynode: 1]
[feature_fraction_seed: 13336]
[extra_trees: 0]
[extra_seed: 29642]
[early_stopping_round: 0]
[early_stopping_min_delta: 0]
[first_metric_only: 0]
[max_delta_step: 0]
[lambda_l1: 0.15]
[lambda_l2: 0.15]
[linear_lambda: 0]
[min_gain_to_split: 0]
[drop_rate: 0.1]
[max_drop: 50]
[skip_drop: 0.5]
[xgboost_dart_mode: 0]
[uniform_drop: 0]
[drop_seed: 2449]
[top_rate: 0.2]
[other_rate: 0.1]
[min_data_per_group: 100]
[max_cat_threshold: 32]
[cat_l2: 10]
[cat_smooth: 10]
[max_cat_to_onehot: 4]
[top_k: 20]
[monotone_constraints: ]
[monotone_constraints_method: basic]
[monotone_penalty: 0]
[feature_contri: ]
[forcedsplits_filename: ]
[refit_decay_rate: 0.9]
[cegb_tradeoff: 1]
[cegb_penalty_split: 0]
[cegb_penalty_feature_lazy: ]
[cegb_penalty_feature_coupled: ]
[path_smooth: 0]
[interaction_constraints: ]
[verbosity: -1]
[saved_feature_importance_type: 0]
[use_quantized_grad: 0]
[num_grad_quant_bins: 4]
[quant_train_renew_leaf: 0]
[stochastic_rounding: 1]
[linear_tree: 0]
[max_bin: 255]
[max_bin_by_feature: ]
[min_data_in_bin: 3]
[bin_construct_sample_cnt: 200000]
[data_random_seed: 6648]
[is_enable_sparse: 1]
[enable_bundle: 1]
[use_missing: 1]
[zero_as_missing: 0]
[feature_pre_filter: 1]
[pre_partition: 0]
[two_round: 0]
[header: 0]
[label_column: ]
[weight_column: ]
[group_column: ]
[ignore_column: ]
[categorical_feature: ]
[forcedbins_filename: ]
[precise_float_parser: 0]
[parser_config_file: ]
[objective_seed: 12337]
[num_class: 1]
[is_unbalance: 0]
[scale_pos_weight: 1]
[sigmoid: 1]
[boost_from_average: 1]
[reg_sqrt: 0]
[alpha: 0.9]
[fair_c: 1]
[poisson_max_delta_step: 0.7]
[tweedie_variance_power: 1.5]
[lambdarank_truncation_level: 30]
[lambdarank_norm: 1]
[label_gain: ]
[lambdarank_position_bias_regularization: 0]
[eval_at: ]
[multi_error_top_k: 1]
[auc_mu_weights: ]
[num_machines: 1]
[local_listen_port: 12400]
[time_out: 120]
[machine_list_filename: ]
[machines: ]
[gpu_platform_id: -1]
[gpu_device_id: -1]
[gpu_use_dp: 0]
[num_gpu: 1]

end of parameters

pandas_categorical:null
