tree
version=v4
num_class=1
num_tree_per_iteration=1
label_index=0
max_feature_idx=31
objective=binary sigmoid:1
feature_names=Column_0 Column_1 Column_2 Column_3 Column_4 Column_5 Column_6 Column_7 Column_8 Column_9 Column_10 Column_11 Column_12 Column_13 Column_14 Column_15 Column_16 Column_17 Column_18 Column_19 Column_20 Column_21 Column_22 Column_23 Column_24 Column_25 Column_26 Column_27 Column_28 Column_29 Column_30 Column_31
feature_infos=[6.41126649507693:98.196301031176915] [-0.33683229405102949:1.2313854951218239] [0.00068668662890570002:0.0058784213624533998] [0:1] [0:1] [-0.0014551676768754:0.0014441169207991] [-0.0023412223557225001:0.0023701320897094001] [-0.0034236371619034999:0.0031944494351457998] [0.00035134338019528026:0.00066252213823801882] [-0.0013476834329400999:0.0011181161546208] [-0.0013476834329400999:0.0011181161546208] [-0.0035548065015767998:0.0035275542131975] [0:1] [0:1] [-1:1] [0.0025857961226075999:0.0026315549668562001] [-0.0028606496731881999:0.0026511393420801999] [-1.1874636062687651:2.5397971551403984] [0.0166666666666388:0.49999999999916661] [0.20000000000000001:1] [0.021811358148346123:0.021838615109226547] none [0.60025333891306298:0.9936326741503988] [0.0024307499483681768:0.1951914734996949] [0.69991312105266479:1.5025278461257829] [0.00035246040560640602:0.00062321768307666947] [-0.78947368421052633:0.78947368421052633] [3.5593521986124744e-05:0.47067866636623901] [0.58575997302910998:1.5249958587693031] [0.10000000000000001:0.90000000000000002] [0:0.57907229847282682] [0:0.39953150879143656]
tree_sizes=2076 1636 2167 2178 2189 1972 2302 2083 2703 1863 1761 2294 2078 2698 2403 2083 1736 2093 1976 1872 1770 1957 2076 2095

Tree=0
num_leaves=18
num_cat=0
split_feature=7 25 25 30 2 2 30 20 25 19 5 30 2 2 31 24 27
split_gain=25.5254 33.144 32.7829 30.7575 13.8609 11.9954 24.1807 26.1902 12.792 10.89 8.81859 8.33767 9.50765 8.25815 8.58593 7.32823 6.98156
threshold=-0.0013362326834584998 0.00042075913670360621 0.00051519239822791401 0.18906251942098995 0.0017727197457084504 0.0022908828374192504 0.22349076404343513 0.021818966028974849 0.00049544432496434769 0.75000000000000011 -0.00036177477936769992 0.051706012866426794 0.0019557964678250505 0.0033188841012909004 0.115803450790766 0.94884255729389311 0.086110603427940885
decision_type=2 2 2 2 2 2 2 2 2 2 2 2 2 2 2 2 2
left_child=1 -1 5 11 -4 6 7 -2 10 -8 -7 12 -3 14 -6 -13 -10
right_child=2 3 4 -5 13 8 9 -9 16 -11 -12 15 -14 -15 -16 -17 -18
leaf_value=-0.030274880509428548 -0.004100493738909433 0.0052459795188991749 -0.051058686272997839 -0.016975766651657394 -0.0017695268940327565 -0.020226071365784692 0.030865892682537869 0.016102878532203824 -0.036357677352341029 -0.0010686300071665318 0.00018089266812189067 0.024338043486606526 0.03922565997003305 -0.034726699230585342 -0.031832528389741953 -0.0079355621803794563 -0.010879292401366331
leaf_weight=13.637573599815367 250.97441464662552 9.2643592953681928 11.589086055755613 17.170452654361725 36.731411039829254 20.885429441928864 37.813437759876251 74.822898805141449 14.6058452129364 12.495200276374815 198.51077711582184 17.616419136524204 45.983399868011475 14.859907150268553 11.152926385402678 9.478441119194029 31.158040463924408
leaf_count=55 1005 37 47 69 147 84 150 298 59 50 794 70 182 60 45 38 125
internal_value=4.71803e-08 0.0132307 -0.00209432 0.0192746 -0.0209334 8.68115e-05 0.0035383 0.0005309 -0.00479109 0.0228655 -0.00175374 0.0269054 0.0336386 -0.0151891 -0.00894284 0.0129013 -0.0192011
internal_weight=828.75 113.151 715.599 99.5131 74.3333 641.266 376.106 325.797 265.16 50.3086 219.396 82.3426 55.2478 62.7442 47.8843 27.0949 45.7639
internal_count=3315 451 2864 396 299 2565 1503 1303 1062 200 878 327 219 252 192 108 184
is_linear=0
shrinkage=1


Tree=1
num_leaves=14
num_cat=0
split_feature=7 25 25 30 2 18 31 22 22 2 22 8 7
split_gain=24.0257 31.2115 30.8888 28.9657 13.0591 17.1281 13.6389 11.7721 11.2065 11.201 10.954 12.1473 6.66123
threshold=-0.0013362326834584998 0.00042075913670360621 0.00051519239822791401 0.18906251942098995 0.0017727197457084504 0.12499999999979165 0.11287805048531256 0.71289164964600926 0.98245454503559981 0.0023117360544660003 0.93129286406168355 0.00049753618909005874 -0.0014818740790128496
decision_type=2 2 2 2 2 2 2 2 2 2 2 2 2
left_child=1 -1 7 10 -4 6 -6 -2 9 -9 11 -3 -12
right_child=2 3 4 -5 5 -7 -8 8 -10 -11 12 -13 -14
leaf_value=-0.02938328861421264 -0.025700312550520021 0.028000613353975079 -0.049578759662358834 -0.016472138572646431 0.0027093205905608818 -0.046261695457179737 -0.031999955830834405 0.0046640834319512953 -0.027308481024079585 -0.0035854328114480931 0.041122053586234997 -0.0077144014638041254 0.012120120595758146
leaf_weight=13.63444936275482 15.391429007053373 20.152064636349678 11.58153599500656 17.169215530157089 36.52320297062397 12.341710314154623 13.871997803449629 364.70013709366322 12.407050281763075 248.74462997913361 38.169419825077057 14.468400642275808 9.5322314053773862
leaf_count=55 62 80 47 69 146 50 56 1457 50 996 151 58 38
internal_value=0 0.012836 -0.00203351 0.0187024 -0.0203223 -0.0147444 -0.00682248 8.33544e-05 0.000730641 0.00131161 0.0261097 0.0129765 0.0354768
internal_weight=828.687 113.126 715.562 99.4913 74.3184 62.7369 50.3952 641.243 625.852 613.445 82.3221 34.6205 47.7017
internal_count=3315 451 2864 396 299 252 202 2565 2503 2453 327 138 189
is_linear=0
shrinkage=0.03


Tree=2
num_leaves=19
num_cat=0
split_feature=7 25 25 30 17 25 8 2 30 5 2 18 8 22 8 17 16 25
split_gain=22.6224 29.4484 29.1079 27.9441 14.0733 14.4706 18.7717 13.8448 22.5239 14.6727 12.3344 16.1464 10.7327 10.4882 10.8377 9.02331 5.72836 5.49373
threshold=-0.0013362326834584998 0.00041855210148967489 0.00051519239822791401 0.18906251942098995 -0.68948354664225053 0.00044277112252847462 0.00044244030905498104 0.0022786479732394005 0.22349076404343513 -0.00019011392534684995 0.0017727197457084504 0.12499999999979165 0.00046841670492342316 0.93129286406168355 0.00049753618909005874 0.014077950443151353 -0.0006911458953540499 0.00049235009592517374
decision_type=2 2 2 2 2 2 2 2 2 2 2 2 2 2 2 2 2 2
left_child=1 -1 4 13 5 6 -2 8 -6 -9 -4 15 -7 14 -3 -12 -15 -5
right_child=2 3 10 17 7 12 -8 9 -10 -11 11 -13 -14 16 -16 -17 -18 -19
leaf_value=-0.031820434979722617 -0.010794791411474632 0.026159628140170289 -0.048200982119360899 0 0.0027855107719052421 -0.033789260944942334 0.042566724864743 -0.018456150662216265 0.026118621022936928 0.00016579424671441285 0.0085021796997747662 -0.044930725406523687 -0.0086452375764377518 0.038784650089796591 -0.0074847088924141951 -0.017166911611943031 0.011019288940490779 -0.033290867827904858
leaf_weight=11.880550086498259 16.201316222548488 20.386331498622894 11.559791982173918 8.7456429302692431 275.20464526116848 24.77336111664772 9.1059309244155866 47.750143483281136 43.051126793026924 183.49258422851562 20.540308550000191 12.330666363239287 41.650555163621902 40.141839861869812 14.469618752598761 29.844487741589546 8.7736023962497693 8.6658550500869733
leaf_count=48 65 81 47 35 1100 100 36 192 171 734 82 50 167 159 58 120 35 35
internal_value=0 0.0124578 -0.00197437 0.0177406 7.98587e-05 -0.0107806 0.0083664 0.00190349 0.00596678 -0.00366954 -0.0197337 -0.0143126 -0.0181455 0.024944 0.0120922 -0.0066192 0.0339452 -0.0165774
internal_weight=828.568 113.063 715.505 101.183 641.23 91.7312 25.3072 549.498 318.256 231.243 74.2753 62.7155 66.4239 83.7714 34.856 50.3848 48.9154 17.4115
internal_count=3315 451 2864 403 2565 368 101 2197 1271 926 299 252 267 333 139 202 194 70
is_linear=0
shrinkage=0.03


Tree=3
num_leaves=19
num_cat=0
split_feature=7 25 25 29 8 17 25 2 25 8 24 2 6 8 22 2 31 17
split_gain=21.3052 27.8467 27.438 19.965 14.694 13.2482 13.9519 16.8811 13.6256 17.6888 11.9711 11.6759 10.5034 10.1032 10.0013 7.54743 7.75133 4.35791
threshold=-0.0013362326834584998 0.00042075913670360621 0.00051519239822791401 0.75634116712404909 0.00051322689219079779 -0.68948354664225053 0.00043245677261096995 0.0022908828374192504 0.00044277112252847462 0.00044244030905498104 0.84242372285902445 0.0017727197457084504 -0.0012575956568483498 0.00046841670492342316 0.9322843348036951 0.0033188841012909004 0.115803450790766 0.22210637192174107
decision_type=2 2 2 2 2 2 2 2 2 2 2 2 2 2 2 2 2 2
left_child=1 -1 5 4 17 8 10 -8 9 -2 -7 -4 -5 -10 -6 16 -13 -3
right_child=2 3 11 12 14 6 7 -9 13 -11 -12 15 -14 -15 -16 -17 -18 -19
leaf_value=-0.027809491073349915 -0.010474043267222904 0.027776289470460864 -0.046914312741571387 -0.031032769835647168 -0.014753150053794569 -0.041296616783137133 0.0096749924310115514 -0.002112767718450665 -0.032790774248730233 0.041329788604415441 -0.0047014086753736032 -0.0011059410204155651 0.01114780757128128 -0.0083869456023131766 0.023661659672197639 -0.032586102984627309 -0.029681458515358427 0.048262102476506329
leaf_weight=13.611946582794188 16.201123356819156 40.49671970307827 11.525139480829237 9.6571706235408801 11.696512475609781 8.6519995480775815 237.3569468408823 201.59177188575268 24.766521364450455 9.1016375273466092 101.86201745271683 36.714559644460678 11.274138435721396 41.649897545576096 12.308270990848539 14.832990199327467 11.137274146080015 13.913669422268866
leaf_count=55 65 161 47 39 47 35 947 807 100 36 408 147 45 167 49 60 45 55
internal_value=0 0.0120952 -0.00191632 0.0176416 0.0245945 7.72639e-05 0.00184685 0.00425222 -0.0104605 0.00811723 -0.00765916 -0.0191671 -0.00818211 -0.0176081 0.00478208 -0.013894 -0.00792246 0.0332156
internal_weight=828.35 112.958 715.392 99.3465 78.4152 641.182 549.463 438.949 91.7192 25.3028 110.514 74.21 20.9313 66.4164 24.0048 62.6848 47.8518 54.4104
internal_count=3315 451 2864 396 312 2565 2197 1754 368 101 443 299 84 267 96 252 192 216
is_linear=0
shrinkage=0.03


Tree=4
num_leaves=19
num_cat=0
split_feature=7 25 25 29 8 17 25 5 28 31 31 6 18 31 20 22 23 17
split_gain=20.0778 26.2852 25.8799 17.231 12.6704 12.4714 13.1349 15.3448 12.9069 14.2825 11.3515 10.53 10.3726 9.45397 13.0383 9.42631 9.32029 4.95173
threshold=-0.0013362326834584998 0.00041855210148967489 0.00051519239822791401 0.75634116712404909 0.00051322689219079779 -0.68948354664225053 0.00043245677261096995 -0.00041978451689074996 1.0093793040294974 0.089234454236064339 0.0010581913195523898 -0.0012575956568483498 0.12499999999979165 0.1219241524255583 0.021818099800079298 0.9322843348036951 0.025051164106272183 0.22210637192174107
decision_type=2 2 2 2 2 2 2 2 2 2 2 2 2 2 2 2 2 2
left_child=1 -1 5 4 17 8 10 -8 16 -10 -7 -5 13 14 -4 -6 -2 -3
right_child=2 3 12 11 15 6 7 -9 9 -11 -12 -13 -14 -15 -16 -17 -18 -19
leaf_value=-0.030135157276422429 -0.039270539204402814 0.025420747200241369 -0.037510997482174326 -0.030118216054352134 -0.01431829261064247 -0.0013820275943042012 -0.013323414767566492 0.0059301340123325769 0.011320910774621683 -0.031159663311713673 -0.022860732419574113 0.011922695692437698 -0.043519608268099801 -0.033166336021730192 0.0018411857280155829 0.022983834631484214 -0.011229300119417716 0.046952337128045779
leaf_weight=11.848922699689863 16.062627747654915 41.937668219208717 9.3715993165969831 9.6564565300941485 11.694771677255632 79.707029581069946 40.835935607552528 398.08797881007195 32.83367682993412 8.918476924300192 30.804550856351852 11.525111883878706 12.538795188069342 16.02561554312706 36.190656989812851 12.295730069279669 33.868998184800148 13.877447783946989
leaf_count=48 65 167 38 39 47 319 164 1590 131 36 124 46 51 65 145 49 136 55
internal_value=-6.09861e-08 0.0117469 -0.0018616 0.0167428 0.0231313 7.35573e-05 0.00179048 0.00412466 -0.0101526 0.00206039 -0.00743265 -0.00710938 -0.0186257 -0.0133911 -0.00625116 0.00463759 -0.0204304 0.0309661
internal_weight=828.082 112.836 715.246 100.987 79.8056 641.119 549.435 438.924 91.6838 41.7522 110.512 21.1816 74.1267 61.5879 45.5623 23.9905 49.9316 55.8151
internal_count=3315 451 2864 403 318 2565 2197 1754 368 167 443 85 299 248 183 96 201 222
is_linear=0
shrinkage=0.03


Tree=5
num_leaves=17
num_cat=0
split_feature=7 30 25 2 2 18 31 29 8 15 23 23 2 25 15 30
split_gain=18.9266 26.2719 24.4031 13.7195 11.1399 14.579 11.7103 11.0937 9.99581 10.3266 9.83559 10.18 9.96535 8.07111 5.97964 3.46403
threshold=-0.0013362326834584998 0.044159164856278153 0.00051519239822791401 0.0018964995567450004 0.0017727197457084504 0.12499999999979165 0.11287805048531256 0.73116689159282333 0.00051322689219079779 0.0025948006341481003 0.00575303666788136 0.12625479822886262 0.0023117360544660003 0.00044308978889726194 0.0026017666578883503 0.19107075507421215
decision_type=2 2 2 2 2 2 2 2 2 2 2 2 2 2 2 2
left_child=1 3 10 -1 -4 6 -6 8 9 -3 -2 12 -12 -5 -15 -9
right_child=2 7 4 13 5 -7 -8 15 -10 -11 11 -13 -14 14 -16 -17
leaf_value=-0.0092196444714027267 -0.028640512736026264 -0.0045325377103295232 -0.045281442113821346 0.0053433928825374396 0.0031622308094613394 -0.042142238080402357 -0.029052759474690333 -0.0092543270434680847 -0.015778903691904895 0.035848169558948706 0.0043062841603217971 -0.024452861853125653 -0.0034522720692797501 0.044329844783441638 0.018448466971421707 -0.036084923309355837
leaf_weight=8.7044677883386594 10.406558454036711 9.9420731365680712 11.457636773586271 9.4583114087581617 36.511670932173729 12.257010102272032 13.810872718691824 9.7009287029504794 11.926485598087309 12.584840789437292 365.83488300442696 14.14967507123947 250.6745170801878 28.955551534891129 12.517160505056379 8.8867722600698453
leaf_count=35 42 40 47 38 146 50 56 39 48 50 1462 57 1004 115 50 36
internal_value=-1.71769e-06 0.0114123 -0.0018085 0.0250586 -0.018098 -0.0129529 -0.00564999 -0.0038734 0.00610415 0.0179159 6.95666e-05 0.000557146 0.00114426 0.0310149 0.0367212 -0.0225084
internal_weight=827.779 112.677 715.103 59.6355 74.0372 62.5796 50.3225 53.0411 34.4534 22.5269 641.066 630.659 616.509 50.931 41.4727 18.5877
internal_count=3315 451 2864 238 299 252 202 213 138 90 2565 2523 2466 203 165 75
is_linear=0
shrinkage=0.03


Tree=6
num_leaves=20
num_cat=0
split_feature=7 30 25 2 17 30 28 25 25 8 2 8 7 30 25 30 2 19 20
split_gain=17.8338 24.808 23.0309 12.9723 11.7926 12.7941 25.7331 15.5456 12.5472 16.6124 10.5839 9.28043 8.82935 10.1088 7.63826 7.57717 6.96547 6.63057 5.41066
threshold=-0.0013362326834584998 0.044159164856278153 0.00051519239822791401 0.0018964995567450004 -0.68948354664225053 0.33889789038168688 1.0398169359874492 0.00043245677261096995 0.00044277112252847462 0.00044244030905498104 0.0017727197457084504 0.00046841670492342316 -0.0015226745546566998 0.18655135738586223 0.00044308978889726194 0.13877197022846396 0.0033188841012909004 0.50000000000000011 0.021820992335799257
decision_type=2 2 2 2 2 2 2 2 2 2 2 2 2 2 2 2 2 2 2
left_child=1 3 4 -1 8 7 -7 -6 9 -2 -4 -10 13 15 -5 -3 17 -12 -16
right_child=2 12 10 14 5 6 -8 -9 11 -11 16 -13 -14 -15 18 -17 -18 -19 -20
leaf_value=-0.0089448634078925972 -0.010055853947853242 -0.011623753792307805 -0.044174879443849735 0.0051862717428257845 -0.0097623625871524154 0.038942601400914559 -0.021266938002748852 0.003222434436279566 -0.031310681871772758 0.04016754905023618 0.0062832009388219638 -0.0079025690969276342 0.022452151958844667 -0.029013118934167168 0.042583469962150206 0.019729121298746981 -0.030586256941968298 -0.016241063907584903 0.017263450254084108
leaf_weight=8.7072713077068311 16.196951389312748 16.880029886960987 11.396967798471449 9.4570731222629529 103.44509740173817 20.960900321602825 8.9416174441575986 416.03358072042465 24.726129323244095 9.0884315073490125 19.728935971856117 41.639378696680069 9.2737194299697858 15.318686485290526 29.847761586308479 11.5288949906826 14.756425455212591 28.017616659402847 11.502514958381651
leaf_count=35 65 68 47 38 415 83 36 1663 100 36 79 167 37 62 119 46 60 113 46
internal_value=-3.07311e-06 0.0110851 -0.00175639 0.024364 6.6478e-05 0.00173612 0.0207724 0.000626007 -0.00987931 0.00794966 -0.0175974 -0.0167424 -0.00376756 -0.00948852 0.0301703 0.00097908 -0.0125852 -0.00684953 0.0357364
internal_weight=827.448 112.516 714.932 59.5146 641.032 549.381 29.9025 519.479 91.6509 25.2854 73.8999 66.3655 53.0013 43.7276 50.8073 28.4089 62.503 47.7466 41.3503
internal_count=3315 451 2864 238 2565 2197 119 2078 368 101 299 267 213 176 203 114 252 192 165
is_linear=0
shrinkage=0.03


Tree=7
num_leaves=18
num_cat=0
split_feature=7 30 2 8 29 23 17 30 28 8 15 8 17 17 31 15 30
split_gain=16.8187 23.4225 12.2746 11.217 10.3245 10.1611 11.0453 11.5467 10.8594 9.20472 9.67875 7.00762 5.93166 10.1275 6.62511 5.63311 3.09589
threshold=-0.0013362326834584998 0.044159164856278153 0.0018964995567450004 0.00054287311789933063 0.73116689159282333 0.13865980458950636 -0.68948354664225053 0.33889789038168688 1.0093793040294974 0.00051322689219079779 0.0025948006341481003 0.00045057901077265105 0.0095555653941154523 -0.31783287814769928 0.097601761960697558 0.0025975894240236005 0.19107075507421215
decision_type=2 2 2 2 2 2 2 2 2 2 2 2 2 2 2 2 2
left_child=1 2 -1 5 9 6 8 -8 -2 10 -3 -4 13 -5 -14 -13 -6
right_child=3 4 11 12 16 -7 7 -9 -10 -11 -12 15 14 -15 -16 -17 -18
leaf_value=-0.0086787037794244445 -0.018741116948688883 -0.0043961996125204449 0.0045661488819534321 -0.02333756188366836 -0.0090802793118227604 -0.032684380432382552 0.00031320684222975052 0.019085973414122912 0.0014282358058086491 -0.015023208245131949 0.034711837081109018 0.050852925573248137 -0.0094077651951345719 0.015517994744614698 -0.040548043178947613 0.026310754832566806 -0.03453584571977749
leaf_weight=8.7096406370401365 52.843846887350082 9.9368655979633349 8.9302659928798658 12.29673992097378 9.6971855759620684 8.658004164695738 529.47043694555759 31.116441622376442 43.204427435994148 11.918014019727705 12.555457055568693 13.527317225933073 12.663259550929071 11.480766236782072 12.972573354840277 28.200761795043945 8.8573585599660856
leaf_count=35 213 40 36 50 39 35 2119 124 173 48 50 54 51 46 53 113 36
internal_value=-3.26266e-06 0.0107743 0.0236993 -0.00170541 -0.00365446 -0.000672479 -0.000236169 0.00136808 -0.00963368 0.00597175 0.0173209 0.0293637 -0.0154778 -0.00440875 -0.0254845 0.0345279 -0.0216521
internal_weight=827.039 112.333 59.368 714.706 52.9649 665.293 656.635 560.587 96.0483 34.4103 22.4923 50.6583 49.4133 23.7775 25.6358 41.7281 18.5545
internal_count=3315 451 238 2864 213 2664 2629 2243 386 138 90 203 200 96 104 167 75
is_linear=0
shrinkage=0.03


Tree=8
num_leaves=24
num_cat=0
split_feature=25 25 17 0 29 28 19 20 19 24 11 22 29 5 0 17 17 29 25 4 23 22 22
split_gain=15.3461 15.6199 19.0093 18.9399 15.8116 14.3874 11.2106 10.823 10.027 9.5145 12.2549 9.73907 9.37161 10.651 10.6122 12.8759 7.906 7.33509 7.14605 6.96212 5.83665 8.75587 3.70981
threshold=0.00051519239822791401 0.00041855210148967489 0.45895882466100241 41.768694727721432 0.71549962031087877 0.93822762088677647 0.90000000000000013 0.021816271423050659 0.50000000000000011 0.84918852388459198 1.3322073320479253e-05 0.9359497356144969 0.61009573073842704 -0.00016779133608429999 41.206166036075011 -0.089997952722798938 -0.43879721752278517 0.60068998245918503 0.00052765877585386994 1.0000000180025095e-35 0.049532107905727922 0.92204903424072315 0.93913430550590615
decision_type=2 2 2 2 2 2 2 2 2 2 2 2 2 2 2 2 2 2 2 2 2 2 2
left_child=1 12 3 4 -3 7 -5 -4 -7 19 11 18 13 -1 22 -16 -15 -13 -11 20 21 -2 -14
right_child=9 2 5 6 -6 8 -8 -9 -10 10 -12 17 14 16 15 -17 -18 -19 -20 -21 -22 -23 -24
leaf_value=0.025353716052684824 0.011500856360458871 0.015226802018477118 0.014571734367924073 -0.0051809070373395848 -0.0037434585752290583 0.040682020192590186 0.0075708864686701563 -0.024284759987556432 0.014205914413812909 0.0095510139039857601 -0.029809489672975122 0.0020790498172019614 -0.01885812596046809 -0.033079212002310475 -0.025695789915779744 0.018335958639063617 0.0012319860134645804 0.041190309895641548 -0.028199186974292752 -0.040741954758436144 -0.03195635550707774 -0.024229362405228695 -0.045107377678716441
leaf_weight=10.798853665590284 12.72222223877907 122.48850275576115 15.298912405967714 311.32465608417988 57.790132820606232 22.727735877037048 77.115745425224304 10.901070103049276 31.825851753354073 8.941715747117998 10.555118337273596 8.6514376401901263 9.4288152009248751 8.6572544276714343 12.901447683572771 10.797924071550367 18.495664715766907 9.0381912738084775 8.6246281713247281 11.985201865434645 10.997232988476751 11.58123956620693 13.04131607711315
leaf_count=43 51 490 61 1248 232 90 308 44 127 36 43 35 38 35 52 43 74 36 35 49 45 47 53
internal_value=-3.51119e-06 0.0014479 0.00302937 0.00108504 0.0091227 0.0166396 -0.00263581 -0.00147078 0.0253998 -0.0114726 -0.00160904 0.00679718 -0.0106924 0.000242201 -0.0197496 -0.00545618 -0.00966438 0.0224928 -0.0088112 -0.0208984 -0.0138904 -0.00538569 -0.0344898
internal_weight=826.691 733.594 649.473 568.719 180.279 80.7536 388.44 26.2 54.5536 93.097 45.8111 35.256 84.1213 37.9518 46.1695 23.6994 27.1529 17.6896 17.5663 47.2859 35.3007 24.3035 22.4701
internal_count=3315 2938 2600 2278 722 322 1556 105 217 377 185 142 338 152 186 95 109 71 71 192 143 98 91
is_linear=0
shrinkage=0.03


Tree=9
num_leaves=16
num_cat=0
split_feature=7 25 25 29 8 22 17 25 25 18 6 22 31 20 17
split_gain=15.4786 22.76 20.0181 15.2662 11.7706 10.4402 11.3805 11.9053 10.9436 9.3475 8.54923 8.06509 7.98678 12.2529 4.09107
threshold=-0.0013362326834584998 0.00042075913670360621 0.00051519239822791401 0.75634116712404909 0.00051322689219079779 0.71289164964600926 -0.68948354664225053 0.000450223917533567 0.00043245677261096995 0.12499999999979165 -0.0012575956568483498 0.9322843348036951 0.1219241524255583 0.021818099800079298 0.22210637192174107
decision_type=2 2 2 2 2 2 2 2 2 2 2 2 2 2 2
left_child=1 -1 5 4 14 -2 7 -7 -8 12 -5 -6 13 -4 -3
right_child=2 3 9 10 11 6 8 -9 -10 -11 -12 -13 -14 -15 -16
leaf_value=-0.025806875582251733 -0.024234886629251228 0.024043622629154368 -0.035340997751029127 -0.027892413118691162 -0.013775372562676885 0.0050291894622537733 -0.0062551825328276542 -0.01733950579746088 0.0044939057156751713 -0.040210081710195585 0.01024238058725838 0.020822570107324606 -0.029769602250890863 0.0029317180692672584 0.043924421338621178
leaf_weight=13.535424917936323 15.372685775160788 40.064222916960716 9.3084414303302747 9.6053134500980395 11.665339231491091 33.453428745269775 105.99928621947765 57.839848652482033 428.15263321995735 12.386331677436827 11.223696306347845 12.194187566637991 15.827344492077826 36.083056449890137 13.705549806356428
leaf_count=55 62 161 38 39 47 134 425 233 1711 51 45 49 65 145 55
internal_value=-3.90175e-06 0.0103527 -0.00163554 0.015401 0.0215259 6.09401e-05 0.000670963 -0.00909873 0.00235123 -0.0164364 -0.0072027 0.00373922 -0.0114665 -0.00490861 0.0293027
internal_weight=826.417 111.994 714.423 98.4583 77.6293 640.818 625.445 91.2933 534.152 73.6052 20.829 23.8595 61.2188 45.3915 53.7698
internal_count=3315 451 2864 396 312 2565 2503 367 2136 299 84 96 248 183 216
is_linear=0
shrinkage=0.03


Tree=10
num_leaves=15
num_cat=0
split_feature=7 25 25 16 2 18 31 22 17 2 25 22 2 8
split_gain=14.6026 21.4824 18.8977 10.5999 10.0723 13.1294 9.96826 9.83636 10.7095 11.3593 11.2155 7.7598 6.45596 5.12933
threshold=-0.0013362326834584998 0.00042075913670360621 0.00051519239822791401 -0.0017832482846785499 0.0017727197457084504 0.12499999999979165 0.11287805048531256 0.71289164964600926 -0.68948354664225053 0.0022981226538820007 0.000450223917533567 0.9322843348036951 0.0018964995567450004 0.00052399243953533969
decision_type=2 2 2 2 2 2 2 2 2 2 2 2 2 2
left_child=1 -1 7 11 -4 6 -6 -2 10 -10 -9 -3 -5 -14
right_child=2 3 4 12 5 -7 -8 8 9 -11 -12 -13 13 -15
leaf_value=-0.025096180229085396 -0.023533535531921113 -0.018949645176307688 -0.042093948487053057 -0.0034414387796278811 0.003901061300936834 -0.039020545586524881 -0.025954654548714123 0.0048787551438623086 0.0059809658811348851 -0.0028821491625413238 -0.016832066937803921 0.016117249930633556 0.027343007845550625 0.0048924541645499788
leaf_weight=13.505863353610037 15.360547691583632 12.346272170543672 11.238537207245825 8.7105284035205823 36.47961038351059 12.083013519644735 13.652796447277067 33.455003038048744 311.61755318939686 222.5077581256628 57.801146000623703 10.191467702388762 55.30798864364624 11.667537167668341
leaf_count=55 62 50 47 35 146 50 56 134 1245 891 233 41 223 47
internal_value=-4.56194e-06 0.0100678 -0.00158837 0.0149795 -0.0159853 -0.011107 -0.00419336 5.8408e-05 0.000650569 0.00228054 -0.00882859 -0.00289248 0.0203559 0.0235187
internal_weight=825.926 111.73 714.196 98.2238 73.454 62.2154 50.1324 640.742 625.381 534.125 91.2561 22.5377 75.6861 66.9755
internal_count=3315 451 2864 396 299 252 202 2565 2503 2136 367 91 305 270
is_linear=0
shrinkage=0.03


Tree=11
num_leaves=20
num_cat=0
split_feature=7 29 8 31 24 7 29 23 28 23 17 8 8 17 8 2 27 8 17
split_gain=13.7664 15.3236 12.7807 9.83417 10.8829 20.4705 15.3207 12.0997 11.4809 9.37075 9.22604 8.31971 9.98002 9.70237 6.2054 13.936 7.64075 6.88892 4.89266
threshold=-0.0013362326834584998 0.7259244521051651 0.00045814289297656572 0.097601761960697558 1.0543050738907187 0.00052347970367420005 0.48610302454422993 0.023813462546367205 1.2367184271421643 0.088392416641917132 -0.20517464545893732 0.00043912579840057564 0.00053172440761672533 -0.68426520738565311 0.00050313114679289184 0.0021032826814878507 0.24870458611680227 0.00046386639609145418 0.0095555653941154523
decision_type=2 2 2 2 2 2 2 2 2 2 2 2 2 2 2 2 2 2 2
left_child=1 14 -3 4 8 7 -7 -6 9 -2 -4 -5 13 -13 15 -1 -16 -17 -14
right_child=3 2 10 11 5 6 -8 -9 -10 -11 -12 12 18 -15 16 17 -18 -19 -20
leaf_value=-0.0054824334939607726 -0.0010599898588702884 -0.036468747274836538 -0.010410789287468615 -0.034627886738793641 0.0025584003792767699 0.025915676786931539 -0.017894569978669575 0.03543078699598521 0.029117767721731445 -0.016599006429547484 0.028586916374026591 -0.027129655622893187 -0.0063340680038442999 0.0025247424933970797 -0.0080363686491549628 0.017503847843012923 0.023386000337220478 0.04327646079592784 -0.032979035786824533
leaf_weight=11.602859258651732 464.11210440099239 9.5346953570842725 13.830021187663077 10.629494234919546 15.98548313975334 9.5572996884584409 27.098888039588928 28.742992877960205 10.56705331802368 37.720306158065796 8.7402283251285571 11.369586944580076 10.867245689034464 70.983594760298729 16.05724057555199 18.550322264432907 11.927709355950354 21.259060606360435 16.266828313469887
leaf_count=47 1861 39 56 43 64 38 109 114 42 152 35 46 44 284 65 75 48 86 67
internal_value=-5.56944e-06 0.009785 -0.00758295 -0.00154277 3.41464e-05 0.010222 -0.00629068 0.0238306 -0.00157773 -0.00224156 0.00458187 -0.0093658 -0.00682819 -0.00155665 0.0168655 0.0230673 0.00524977 0.0314904 -0.0225661
internal_weight=825.403 111.502 32.1049 713.901 593.784 81.3847 36.6562 44.7285 512.399 501.832 22.5702 120.117 109.487 82.3532 79.3972 51.4122 27.9849 39.8094 27.1341
internal_count=3315 451 130 2864 2380 325 147 178 2055 2013 91 484 441 330 321 208 113 161 111
is_linear=0
shrinkage=0.03


Tree=12
num_leaves=18
num_cat=0
split_feature=7 29 8 22 23 27 17 2 16 26 17 28 8 2 22 27 7
split_gain=12.9825 14.4665 12.071 10.3417 9.52111 21.4687 18.0447 16.9688 18.6373 14.3292 8.70603 7.00478 5.90884 12.5533 8.73025 5.52335 3.52357
threshold=-0.0013362326834584998 0.7259244521051651 0.00045814289297656572 0.71289164964600926 0.020644499600070147 0.20211205949027647 -0.26454185229115862 0.0025764648080050002 0.00053079566373990009 -0.10526315789473688 -0.20517464545893732 1.0628471274444184 0.00051322689219079779 0.0021032826814878507 0.9322843348036951 0.23494621425639531 -0.00010411192084849998
decision_type=2 2 2 2 2 2 2 2 2 2 2 2 2 2 2 2 2
left_child=1 12 -3 16 5 6 -5 8 -6 -9 -4 -7 13 -1 -14 -15 -2
right_child=3 2 10 4 7 11 -8 9 -10 -11 -12 -13 14 15 -16 -17 -18
leaf_value=-0.0052718254590627001 -0.0098395535344967082 -0.035487500219677996 -0.010104169503583664 -0.024953219998148729 0.0010978691842424271 0.018087992054560284 -0.0037318671213585181 0.0078679565956118764 0.017600110265489428 -0.013377777444704801 0.027800959638590132 -0.0082050613288337116 -0.015792844503769984 0.038261377086439965 0.021641109080694786 0.016388024128148614 -0.037960033830098522
leaf_weight=12.098579719662665 8.6589436531066912 9.5089138448238355 13.826813086867331 58.593207851052284 274.81499579548836 34.876306042075157 95.171890422701836 39.213691920042038 79.510274395346642 102.33798256516457 8.7222119867801684 11.96177217364311 10.904659256339075 25.137713715434074 11.152306511998175 19.913662001490593 8.6203601062297803
leaf_count=49 35 39 56 237 1102 139 382 157 317 412 35 48 44 102 45 81 35
internal_value=-5.4309e-06 0.0095135 -0.00736895 -0.00149729 -0.000919179 -0.00643518 -0.0118641 0.00130448 0.00481953 -0.00745827 0.00444653 0.0112726 0.0164042 0.0214969 0.00294997 0.0287789 -0.0243325
internal_weight=825.024 111.265 32.0579 713.759 696.48 200.603 153.765 495.877 354.325 141.552 22.549 46.8381 79.2069 57.15 22.057 45.0514 17.2793
internal_count=3315 451 130 2864 2794 806 619 1988 1419 569 91 187 321 232 89 183 70
is_linear=0
shrinkage=0.03


Tree=13
num_leaves=24
num_cat=0
split_feature=25 25 17 0 29 19 23 17 29 24 5 25 5 0 17 9 16 22 25 23 1 6 11
split_gain=12.7398 13.2733 17.4346 16.038 13.4834 13.2682 12.7316 10.6248 8.47734 8.34095 11.0169 8.33247 7.52662 7.13608 9.88033 6.95729 6.6043 5.92207 6.23264 4.89265 6.47171 4.32982 3.72884
threshold=0.00051519239822791401 0.00041855210148967489 0.45895882466100241 41.768694727721432 0.71549962031087877 0.50000000000000011 0.02801231046586351 0.29963624542386108 0.62075396130779625 0.84918852388459198 -6.6842458803969556e-05 0.00049122358683731339 -5.6839300440513982e-05 41.206166036075011 -0.089997952722798938 0.00019529447659320004 0.00074632906287060011 0.94628255086092461 0.00052765877585386994 0.047620943200082415 0.49882738808951871 -0.00031039074447954996 -0.00082938513788934987
decision_type=2 2 2 2 2 2 2 2 2 2 2 2 2 2 2 2 2 2 2 2 2 2 2
left_child=1 8 3 4 -3 11 -7 -5 12 16 17 -4 21 22 -15 -14 19 18 -11 20 -2 -1 -10
right_child=9 2 5 7 -6 6 -8 -9 13 10 -12 -13 15 14 -16 -17 -18 -19 -20 -21 -22 -23 -24
leaf_value=0 -0.0046555101891345863 0.013985841550430117 0.040392853028821014 -0.0012737540733005165 -0.0035521110676123139 0.023413352684646269 -0.0076717144211286186 -0.022652480636379733 -0.01959952332004937 0.015494476709784939 -0.021838703137236095 0.0065863300632105909 -0.027161865003629233 -0.025002244890265011 0.014832277116557803 0.0057008233366237374 0.0019895218712818819 0.026153756090126917 -0.018864632870202878 -0.0406070464200858 -0.036940232377381747 0.029315771541344172 -0.046327393087269124
leaf_weight=8.9661856889724749 15.476820334792139 121.83985796570778 22.960308969020844 366.09736824035645 57.704888522624969 20.565530195832253 27.325046539306641 22.097084626555443 12.254081979393961 9.6173187941312843 15.384962350130079 9.7326782345771772 11.889463990926744 12.142645061016085 10.033044740557669 10.749512389302252 9.8838465362787229 11.38027700781822 9.0720811784267408 12.549446791410444 9.0046830177307111 8.8047148287296277 9.0912215262651426
leaf_count=36 63 490 91 1467 232 82 110 89 50 39 63 39 48 49 40 43 40 46 37 52 37 35 37
internal_value=-5.45423e-06 0.00131415 0.00277342 0.000909796 0.00832592 0.0158214 0.00561482 -0.00251056 -0.00988925 -0.0105004 -0.00122433 0.0305417 0 -0.0190525 -0.00679961 -0.0114256 -0.0193595 0.00923002 -0.000962434 -0.0251638 -0.0168657 0.0145597 -0.0314364
internal_weight=824.623 732.254 648.323 567.739 179.545 80.5836 47.8906 388.194 83.9309 92.3694 45.4546 32.693 40.4099 43.521 22.1757 22.639 46.9148 30.0697 18.6894 37.031 24.4815 17.7709 21.3453
internal_count=3315 2938 2600 2278 722 322 192 1556 338 377 185 130 162 176 89 91 192 122 76 152 100 71 87
is_linear=0
shrinkage=0.03


Tree=14
num_leaves=21
num_cat=0
split_feature=25 2 29 0 19 20 31 7 19 17 22 17 5 24 9 25 8 2 30 25
split_gain=12.0176 12.9971 12.5143 20.7119 17.6612 16.2595 19.31 15.3663 14.5386 32.8953 10.3104 10.0436 9.54848 9.15908 9.10777 8.74164 12.4884 8.3292 7.4402 5.63256
threshold=0.00051519239822791401 0.0017727197457084504 0.63317890052426751 44.638804936123016 0.90000000000000013 0.02181813925713021 0.07496896564846002 -0.0012223377093721999 0.90000000000000013 -0.57972103249113471 0.90320803190990817 -0.65184990888892946 -0.00017476780032384996 0.80972376800325396 2.704885089799328e-05 0.00054026678593243802 0.00051506737009010691 0.0022642838175284505 0.026888799697964448 0.00050561781216061619
decision_type=2 2 2 2 2 2 2 2 2 2 2 2 2 2 2 2 2 2 2 2
left_child=2 -2 3 4 12 6 10 -6 9 -5 -4 -10 -1 18 19 16 -15 -16 -3 -7
right_child=1 13 5 8 7 14 -8 -9 11 -11 -12 -13 -14 15 17 -17 -18 -19 -20 -21
leaf_value=0.011686796597957528 -0.040532375932497484 -0.0048090818105608595 0.0036769236145354264 -0.026029134229704907 0.020217967353616004 0.0016264476860506734 -0.0395936776631787 -0.028958181063504798 0.03984550350872753 0.0029628116030925695 -0.01060013604935702 0.0069603376352643338 0.029457783100824204 0.021264452200045289 0.025752940213156231 0.021500569150010425 -0.015931733533395324 0.0037391198305073933 -0.037206374427170265 -0.020707485411806469
leaf_weight=66.563665255904198 11.081160470843313 13.771547019481661 70.890540957450867 46.241015419363976 9.3099738508462924 63.785050943493843 16.025689259171486 14.125092655420302 10.595228508114813 145.46454957127571 124.91969409584999 40.551094487309456 47.899521842598915 10.881314739584921 27.901265069842339 13.851085245609282 30.173198163509369 35.889893427491188 12.4481133967638 11.887157261371611
leaf_count=268 47 56 284 187 38 256 65 57 42 582 503 162 191 44 111 56 123 144 51 48
internal_value=-6.28071e-06 -0.0102094 0.00127455 0.00504551 0.0143246 -0.00280015 -0.00804299 -0.00922699 -0.00021048 -0.00402172 -0.00540949 0.013957 0.0191915 -0.00594492 0.00513123 0.000953673 -0.00592232 0.0134758 -0.0204849 -0.00185661
internal_weight=824.256 92.2064 732.049 380.75 137.898 351.299 211.836 23.4351 242.852 191.706 195.81 51.1463 114.463 81.1253 139.463 54.9056 41.0545 63.7912 26.2197 75.6722
internal_count=3315 377 2938 1527 554 1411 852 95 973 769 787 204 459 330 559 223 167 255 107 304
is_linear=0
shrinkage=0.03


Tree=15
num_leaves=18
num_cat=0
split_feature=7 30 22 31 28 24 8 8 29 8 15 10 7 24 23 8 24
split_gain=11.5073 19.8999 9.97391 9.26312 8.90572 9.63801 7.53345 8.05984 7.51204 7.51638 8.44181 7.30656 3.31943 3.19249 3.09835 3.09291 3.22431
threshold=-0.0013362326834584998 0.044159164856278153 0.71289164964600926 0.097601761960697558 1.2367184271421643 1.0543050738907187 0.00044086014051012253 0.00053172440761672533 0.73116689159282333 0.00051322689219079779 0.0025948006341481003 -0.00027002318994899993 -0.00010411192084849998 0.90819582276382971 0.019331028568601642 0.00047009036150258936 0.85319056679330518
decision_type=2 2 2 2 2 2 2 2 2 2 2 2 2 2 2 2 2
left_child=1 11 12 4 5 -4 -5 -8 9 10 -3 14 -2 -10 -1 -13 -17
right_child=2 8 3 6 -6 -7 7 -9 13 -11 -12 15 -14 -15 -16 16 -18
leaf_value=-0.0061249217018820197 -0.0097500801270238285 -0.0060342147659201784 -0.0013925155569006649 -0.032913293697796914 0.027177041950963599 0.0098846353722299822 -0.0013466441037118593 -0.020759020274609179 -0.0073556433546947799 -0.015092896827284442 0.030710466738560281 0.016430195716977923 -0.037108007690113604 -0.033208445849270324 0.016871919970408669 0.02346185338363032 0.047026174765754054
leaf_weight=9.2775280624628085 8.6482323259115237 9.8530066758394259 490.09873500466347 10.363948613405226 11.062846273183821 79.06410439312458 79.801982685923576 25.48154716193676 9.8577511608600634 11.858338907361029 12.339936941862105 13.420702219009398 8.6015672236680967 8.5294628739356977 11.323808073997496 12.28303784132004 11.958627879619597
leaf_count=38 35 40 1967 42 44 316 320 105 40 48 50 55 35 35 46 50 49
internal_value=-5.7288e-06 0.00898099 -0.00140869 -0.000840842 0.00069792 0.000168314 -0.00859087 -0.00611051 -0.00435217 0.00388789 0.0142645 0.0210385 -0.023853 -0.0197627 0.00632934 0.0289084 0.0354885
internal_weight=823.825 110.702 713.123 695.873 580.226 569.163 115.647 105.284 52.4385 34.0513 22.1929 58.2637 17.2498 18.3872 20.6013 37.6624 24.2417
internal_count=3315 451 2864 2794 2327 2283 467 425 213 138 90 238 70 75 84 154 99
is_linear=0
shrinkage=0.03


Tree=16
num_leaves=15
num_cat=0
split_feature=7 30 8 29 9 7 22 0 31 22 24 17 28 29
split_gain=10.8864 15.6774 11.756 10.8739 9.77568 9.50349 9.29298 11.0631 9.35171 10.4874 8.95588 7.5526 6.57802 2.7477
threshold=-0.0011772470492635498 0.18655135738586223 0.0004625767220622111 0.7259244521051651 -0.00040174136662404997 -0.0015705928740981498 0.75020982576434314 23.114072974616978 0.086468182187081286 0.89306457696428099 1.0200642484157709 0.15541037853676998 1.184911366649575 0.58725900809078435
decision_type=2 2 2 2 2 2 2 2 2 2 2 2 2 2
left_child=1 2 3 13 -4 -3 11 -8 10 -10 -9 -2 -6 -1
right_child=6 5 4 -5 12 -7 7 8 9 -11 -12 -13 -14 -15
leaf_value=0.017987235078214623 -0.031129572754387474 -0.030208399177199689 -0.00096202286423225682 -0.025580993162596873 0.029564783187991935 0.0080333467641211954 -0.033374165467544917 -0.00054924979945903004 0.0034194060492179143 -0.014648108482351225 0.0092273041165344925 0 0.00058370551739611576 -0.00036399928244854995
leaf_weight=14.799796611070635 16.755307406187061 13.895614996552469 15.982782408595083 11.217772796750067 48.61520516872406 9.6752174943685514 9.1072546541690809 421.75416080653667 45.934309631586075 76.118629947304726 105.04497066140175 12.388336732983587 8.6190529316663724 13.500985264778135
leaf_count=60 68 57 65 46 198 39 37 1692 185 308 420 50 35 55
internal_value=-5.95606e-06 0.00772849 0.0124017 -0.00067717 0.0195092 -0.0143699 -0.0015482 -0.000804772 -0.000333088 -0.00781577 0.00139375 -0.0180886 0.0252918 0.00911878
internal_weight=823.409 136.306 112.736 39.5186 73.217 23.5708 687.103 657.959 648.852 122.053 526.799 29.1436 57.2343 28.3008
internal_count=3315 555 459 161 298 96 2760 2642 2605 493 2112 118 233 115
is_linear=0
shrinkage=0.03


Tree=17
num_leaves=18
num_cat=0
split_feature=25 25 2 17 7 28 2 2 7 24 6 7 29 5 30 11 29
split_gain=11.2747 12.014 21.1542 17.4275 19.6888 12.8259 11.1533 10.8844 9.39936 9.07895 9.50035 11.2632 8.2819 11.1308 7.97735 7.9334 5.88857
threshold=0.00051439172382789573 0.00041855210148967489 0.0012650941067140003 0.45895882466100241 -0.00064972780711189989 0.93822762088677647 0.0016918117782708001 0.0011528014686352003 0.00010236091423110001 0.80972376800325396 0.00039371382510855008 -0.00018174871319109998 0.61009573073842704 -0.00024075166517004997 0.026888799697964448 0.00038970145743720005 0.47458079440002321
decision_type=2 2 2 2 2 2 2 2 2 2 2 2 2 2 2 2 2
left_child=1 7 8 4 -4 -5 -2 -1 16 14 11 -11 13 -9 -8 -14 -3
right_child=6 2 3 5 -6 -7 9 12 -10 10 -12 -13 15 -15 -16 -17 -18
leaf_value=0.019128918073326527 -0.039420163042838012 -0.048036105995683684 0.010559003783165793 -6.3121422498581823e-05 -0.0018696043324290385 0.02581477381853128 -0.004360453153885291 0.026209125881939951 0.0032725668772336696 -0.0014009316748168964 -0.026907492763877192 0.033696471005699294 -0.030310157427072944 -0.012752206354320242 -0.037047970798248057 0.00037531342060017703 -0.017874245639348002
leaf_weight=10.281722068786619 10.069869786500929 8.622257277369501 169.04435484111309 25.141604349017143 354.95042152702808 52.375286236405373 14.430867359042169 8.7932150810956937 12.989889472723005 37.930217564105988 9.2287832498550397 10.282564789056776 30.122406125068665 24.830958142876625 13.111783206462858 9.7282713949680311 21.1063312292099
leaf_count=41 43 35 682 101 1423 209 59 35 52 155 38 41 123 100 54 39 85
internal_value=-6.41185e-06 0.00125754 0.00265314 0.00410938 0.00213324 0.0173798 -0.00972056 -0.00940898 -0.0176896 -0.00608531 0.000639561 0.0060727 -0.0134944 -0.00235886 -0.0202004 -0.0227335 -0.02697
internal_weight=823.041 727.987 644.23 601.512 523.995 77.5169 95.0541 83.7566 42.7185 84.9842 57.4416 48.2128 73.4749 33.6242 27.5427 39.8507 29.7286
internal_count=3315 2925 2587 2415 2105 310 390 338 172 347 234 196 297 135 113 162 120
is_linear=0
shrinkage=0.03


Tree=18
num_leaves=17
num_cat=0
split_feature=25 25 2 17 7 28 2 2 7 24 6 0 0 29 29 30
split_gain=10.6426 11.3065 19.9214 16.4165 18.537 12.1022 10.634 10.2578 8.94837 8.5758 8.96875 10.9114 7.9614 10.0524 7.94319 7.56415
threshold=0.00051439172382789573 0.00041855210148967489 0.0012650941067140003 0.45895882466100241 -0.00064972780711189989 0.93822762088677647 0.0016918117782708001 0.0011528014686352003 0.00034375306696700006 0.80972376800325396 0.00039371382510855008 44.802114282746068 63.745270389366688 0.61009573073842704 0.46120967760215492 0.026888799697964448
decision_type=2 2 2 2 2 2 2 2 2 2 2 2 2 2 2 2
left_child=1 7 8 4 -4 -5 -2 -1 14 15 11 -11 13 -9 -3 -8
right_child=6 2 3 5 -6 -7 9 12 -10 10 -12 -13 -14 -15 -16 -17
leaf_value=0.018565457807626265 -0.038594556665198468 -0.047721998337616485 0.010248004907837172 -6.1238509449601142e-05 -0.0018135502059634613 0.02507636658084144 -0.0042327123499914451 -0.0041651536811139261 0.0093832816465665367 -0.0024607785115924661 -0.026196452216801093 0.029867996197243001 0.0061292586807688348 -0.029400120127114952 -0.014780638612030194 -0.036112568755448243
leaf_weight=10.280524536967276 9.9812732934951764 9.3539516329765302 168.95506590604782 25.141650840640068 354.94842937588692 52.305471375584602 14.425008133053781 26.374202013015747 8.7544346451759321 35.731842443346977 9.1994141787290555 12.495036095380781 14.987389966845511 32.026608362793922 24.603013470768929 13.05264128744602
leaf_count=41 43 38 682 101 1423 209 59 106 35 146 38 50 60 131 99 54
internal_value=-7.3929e-06 0.0012199 0.00257366 0.00398727 0.00206945 0.0168736 -0.00945462 -0.00913334 -0.0171684 -0.00591401 0.000615933 0.00588886 -0.0131047 -0.0181206 -0.0241567 -0.0196533
internal_weight=822.616 727.731 644.062 601.351 523.903 77.4471 94.8852 83.6687 42.7114 84.9039 57.4263 48.2269 73.3882 58.4008 33.957 27.4776
internal_count=3315 2925 2587 2415 2105 310 390 338 172 347 234 196 297 237 137 113
is_linear=0
shrinkage=0.03


Tree=19
num_leaves=16
num_cat=0
split_feature=22 7 29 2 16 18 16 27 19 19 17 2 2 22 2
split_gain=10.1501 8.57269 12.1741 10.114 24.0026 13.4509 12.0449 10.9081 15.7285 7.22052 7.09977 6.85246 6.83637 5.86561 3.25207
threshold=0.71289164964600926 -0.0011772470492635498 0.7259244521051651 0.0025446293056533005 0.00049847192961435013 0.12499999999979165 -7.7610198435941477e-05 0.076863370342105178 0.25000000000000006 0.75000000000000011 0.097550142069807708 0.0018318239024359502 0.0032878954406793007 0.9322843348036951 0.0018372255584795003
decision_type=2 2 2 2 2 2 2 2 2 2 2 2 2 2 2
left_child=14 2 11 4 6 -6 -3 10 -9 -4 -5 -2 -11 -13 -1
right_child=1 3 9 7 5 -7 -8 8 -10 12 -12 13 -14 -15 -16
leaf_value=-0.0087950008969418791 -0.010898404298870864 0.0024059831300617981 0.0094764886615410077 -0.011073718390831435 0.018575867097340056 -0.0087205240080042157 -0.0089549226231073285 -0.038031084720370659 -0.00097719764558868685 -0.0017407679282591569 -0.039794028599604868 0.0072265177104393159 -0.033214423100031233 0.023326293034573682 -0.035880312065378422
leaf_weight=8.6266050338745135 9.1287079155445081 202.3198017925024 16.097517430782318 22.106341987848282 91.390688434243202 19.414424389600754 142.92742839455605 10.859209805727003 167.98882110416889 14.263236790895464 12.503226786851881 38.652821153402328 11.338890284299849 45.958561941981316 8.5509110987186414
leaf_count=35 37 813 65 89 365 78 576 44 675 58 51 158 47 189 35
internal_value=-8.54254e-06 0.000474919 0.00735757 -0.000912035 0.00160286 0.0137473 -0.00228609 -0.00630352 -0.00328214 -0.0060387 -0.0217058 0.0133649 -0.0159671 0.0160504 -0.0227316
internal_weight=822.127 804.95 135.44 669.51 456.052 110.805 345.247 213.458 178.848 41.6996 34.6096 93.7401 25.6021 84.6114 17.1775
internal_count=3315 3245 554 2691 1832 443 1389 859 719 170 140 384 105 347 70
is_linear=0
shrinkage=0.03


Tree=20
num_leaves=15
num_cat=0
split_feature=22 7 30 2 31 28 4 17 18 7 30 1 9 7
split_gain=9.58751 8.11207 17.6399 10.2278 8.58991 8.54799 7.69324 11.3828 7.60191 6.34582 7.38379 5.97622 5.65025 3.20458
threshold=0.71289164964600926 -0.0013362326834584998 0.044159164856278153 0.0021032826814878507 0.097601761960697558 1.2367184271421643 1.0000000180025095e-35 -0.68426520738565311 0.12499999999979165 -0.0015226745546566998 0.18655135738586223 0.5143617992175008 -0.00035530455430329995 -0.00010411192084849998
decision_type=2 2 2 2 2 2 2 2 2 2 2 2 2 2
left_child=13 2 3 -2 5 8 7 -6 -3 10 -4 -8 -5 -1
right_child=1 4 9 12 6 -7 11 -9 -10 -11 -12 -13 -14 -15
leaf_value=-0.0082692497842570319 -0.0011180800472265955 0.0019960790394204179 -0.00010074707886534911 0.0069420128153467797 -0.032558450425933042 0.026701690841691383 -0.012134387796103631 0.0017841964422220385 -0.0066012676584082958 0.017927064430252888 -0.026240076103425016 -0.040104016442455925 0.033349408226526989 -0.035162397942279391
leaf_weight=8.5983581095933932 15.438600167632101 452.47006385028362 27.966455116868019 10.152876839041708 9.8064964860677701 11.055152624845503 29.483388260006905 66.758485823869705 116.16377061605453 9.0600724965333921 15.054675176739691 9.2963252961635572 31.92799799144268 8.5404352992773038
leaf_count=35 63 1815 114 42 40 44 119 270 468 37 62 38 133 35
internal_value=-9.85906e-06 0.000459521 0.0080426 0.0194882 -0.000731267 0.000749939 -0.00820565 -0.00261084 0.000230575 -0.00453168 -0.00941149 -0.0190836 0.0271319 -0.0221195
internal_weight=821.773 804.634 109.601 57.5195 695.034 579.689 115.345 76.565 568.634 52.0812 43.0211 38.7797 42.0809 17.1388
internal_count=3315 3245 451 238 2794 2327 467 310 2283 213 176 157 175 70
is_linear=0
shrinkage=0.03


Tree=21
num_leaves=17
num_cat=0
split_feature=25 25 2 17 7 28 2 2 7 24 6 0 0 29 30 29
split_gain=10.1201 10.5398 18.5742 15.5509 16.7914 11.2732 10.092 9.64884 8.43863 8.00028 8.36468 10.4371 7.94107 8.59256 7.08351 5.21785
threshold=0.00051439172382789573 0.00041855210148967489 0.0012650941067140003 0.45895882466100241 -0.00064972780711189989 0.93822762088677647 0.0016918117782708001 0.0011869932048295003 0.00010236091423110001 0.80972376800325396 0.00039371382510855008 47.302669180836325 61.531456191724779 0.61009573073842704 0.026888799697964448 0.47458079440002321
decision_type=2 2 2 2 2 2 2 2 2 2 2 2 2 2 2 2
left_child=1 7 8 4 -4 -5 -2 -1 15 14 11 -11 13 -9 -8 -3
right_child=6 2 3 5 -6 -7 9 12 -10 10 -12 -13 -14 -15 -16 -17
leaf_value=0.016044827015245462 -0.037781888779252315 -0.045257766538457214 0.0097908902901799478 0 -0.0016999235624829757 0.024343624088732346 -0.0041717693188369999 -0.0046696130103797123 0.0032698114189124989 -0.0011356867079389853 -0.025438563060265526 0.033981602677254065 0.0048739867270641756 -0.028852886004313613 -0.035095098696587876 -0.016799839171630634
leaf_weight=11.770456328988073 9.8819322288036329 8.5991885811090487 168.48026996850967 25.118995577096939 354.82121008634567 52.185217291116714 14.415937155485155 23.865397542715073 12.988631740212439 38.860546052455902 9.1578923165798169 9.2574534118175489 16.727454036474228 31.175107583403587 12.96636690199375 21.095574468374252
leaf_count=47 43 35 682 101 1423 209 59 96 52 159 38 37 67 128 54 85
internal_value=-1.02335e-05 0.00118588 0.00249371 0.0038601 0.00199277 0.0164144 -0.00924082 -0.00881771 -0.0165742 -0.0057953 0.000515398 0.00561193 -0.0129829 -0.0184898 -0.0190898 -0.0253777
internal_weight=821.368 726.828 643.289 600.606 523.301 77.3042 94.5401 83.5384 42.6834 84.6582 57.2759 48.118 71.768 55.0405 27.3823 29.6948
internal_count=3315 2925 2587 2415 2105 310 390 338 172 347 234 196 291 224 113 120
is_linear=0
shrinkage=0.03


Tree=22
num_leaves=18
num_cat=0
split_feature=25 25 2 17 7 28 2 2 24 8 25 7 30 7 8 30 22
split_gain=9.56025 9.97729 17.5667 14.3847 15.7242 11.1974 9.71322 9.12902 9.06557 9.11669 13.7389 8.01931 7.32887 8.55009 7.25111 6.31319 4.73579
threshold=0.00051354260279093107 0.00041855210148967489 0.0012650941067140003 0.45895882466100241 -0.00064972780711189989 0.93822762088677647 0.0016918117782708001 0.0011528014686352003 0.80972376800325396 0.00051035078010420499 0.00054026678593243802 0.00034375306696700006 0.054913293050813085 0.00037330230756500005 0.00047780208202085061 0.026888799697964448 0.92847458269128136
decision_type=2 2 2 2 2 2 2 2 2 2 2 2 2 2 2 2 2
left_child=1 7 11 4 -4 -5 -2 -1 15 -10 -11 14 13 -9 -3 -8 -14
right_child=6 2 3 5 -6 -7 8 12 9 10 -12 -13 16 -15 -16 -17 -18
leaf_value=0.017564026887683264 -0.037028304359881803 -0.031314298175314725 0.0095478552249887855 -0.00042894386353612221 -0.0015947158551035769 0.023887211017272494 -0.0057635027097605431 -0.030231053647285334 0.024459156360336631 -0.014795783130473883 0.020881922515152643 0.0090173069928077311 0.011403567714277522 -0.00014631300049185021 0 -0.03471223158605543 -0.011485276906093722
leaf_weight=10.272087126970289 9.7850748598575574 24.435070127248764 167.88860873878002 24.87277664244175 352.83534529805183 51.587871462106705 14.897039711475374 27.56722716987133 11.819148182868956 34.637285813689232 13.267217203974722 8.7540485709905607 13.927093073725699 12.70165768265724 9.4626360088586789 13.139970541000364 18.965539559721947
leaf_count=41 43 99 680 100 1415 207 61 113 48 142 54 35 56 51 38 55 77
internal_value=-1.12579e-05 0.00117284 0.00245118 0.00378705 0.00199088 0.015933 -0.00882536 -0.00856347 -0.0055718 0.000972505 -0.00478681 -0.0160955 -0.0123217 -0.0208888 -0.0227241 -0.0196029 -0.00164993
internal_weight=820.816 723.27 639.836 597.185 520.724 76.4606 97.5457 83.4336 87.7607 59.7237 47.9045 42.6518 73.1615 40.2689 33.8977 28.037 32.8926
internal_count=3315 2912 2574 2402 2095 307 403 338 360 244 196 172 297 164 137 116 133
is_linear=0
shrinkage=0.03


Tree=23
num_leaves=18
num_cat=0
split_feature=25 25 2 2 7 17 2 2 17 15 0 5 30 7 6 23 31
split_gain=9.02419 9.39848 16.5445 14.2895 19.5966 11.7439 9.27874 8.62414 7.75514 7.36391 7.24667 8.18104 7.09686 9.95423 6.66104 4.66644 2.60369
threshold=0.00051354260279093107 0.00041855210148967489 0.0012650941067140003 0.0023117360544660003 -0.00064972780711189989 -0.68948354664225053 0.0016918117782708001 0.0011869932048295003 0.084255816018994567 0.0026052718758645503 61.531456191724779 -0.00048217703676934996 0.16038772794637929 -0.0013564914187389498 0.00013940257460595004 0.054873564801948028 0.056303794562739158
decision_type=2 2 2 2 2 2 2 2 2 2 2 2 2 2 2 2 2
left_child=1 7 8 5 -5 -4 -2 -1 14 12 11 -9 13 -8 -3 16 -11
right_child=6 2 3 4 -6 -7 9 10 -10 15 -12 -13 -14 -15 -16 -17 -18
leaf_value=0.015185311178248395 -0.036305740723314647 -0.016702942162579587 -0.0059125297594430212 0.0094877426131393331 -0.0066185968658461517 0.010789914824162899 0.030844143156268999 0.0063294466633251837 -0.040071141712291092 0.0018769190890051003 0.0047772923975735659 -0.023078152975065672 -0.020322043679427498 -0.0016002689003578449 0.01336700920352166 -0.036065036840031525 -0.019291904619040033
leaf_weight=11.760143786668776 9.6849292218685132 24.748890772461891 44.033591032028198 104.48494082689285 193.6980238109827 254.74750247597694 10.866185724735258 10.163574770092962 9.1187197715044004 9.2510658949613624 16.725609630346298 44.682421863079071 11.459177702665327 36.411595612764359 8.7487851083278638 8.7638601213693601 10.851082444190977
leaf_count=47 43 100 178 426 778 1020 45 42 37 38 67 182 47 148 35 37 45
internal_value=-1.17959e-05 0.00113766 0.00237833 0.0036749 -0.000957831 0.00831157 -0.00858778 -0.00831788 -0.0156278 -0.00541533 -0.0122662 -0.0175444 0.000617356 0.00583574 -0.00869108 -0.0177855 -0.00938601
internal_weight=820.2 722.912 639.58 596.964 298.183 298.781 97.2879 83.3318 42.6164 87.603 71.5716 54.846 58.737 47.2778 33.4977 28.866 20.1021
internal_count=3315 2912 2574 2402 1204 1198 403 338 172 360 291 224 240 193 135 120 83
is_linear=0
shrinkage=0.03


end of trees

feature_importances:
Column_25=50
Column_2=47
Column_7=37
Column_17=35
Column_8=31
Column_30=26
Column_22=24
Column_29=24
Column_31=16
Column_24=14
Column_28=13
Column_23=12
Column_0=11
Column_5=9
Column_19=9
Column_6=8
Column_18=8
Column_15=6
Column_16=6
Column_20=6
Column_27=5
Column_9=4
Column_11=3
Column_1=2
Column_4=2
Column_10=1
Column_26=1

parameters:
[boosting: gbdt]
[objective: binary]
[metric: binary_logloss]
[tree_learner: serial]
[device_type: cpu]
[data_sample_strategy: bagging]
[data: ]
[valid: ]
[num_iterations: 500]
[learning_rate: 0.03]
[num_leaves: 31]
[num_threads: 1]
[seed: 137]
[deterministic: 0]
[force_col_wise: 0]
[force_row_wise: 0]
[histogram_pool_size: -1]
[max_depth: 5]
[min_data_in_leaf: 35]
[min_sum_hessian_in_leaf: 0.001]
[bagging_fraction: 0.8]
[pos_bagging_fraction: 1]
[neg_bagging_fraction: 1]
[bagging_freq: 0]
[bagging_seed: 5691]
[bagging_by_query: 0]
[feature_fraction: 0.8]
[feature_fraction_bynode: 1]
[feature_fraction_seed: 22311]
[extra_trees: 0]
[extra_seed: 25471]
[early_stopping_round: 0]
[early_stopping_min_delta: 0]
[first_metric_only: 0]
[max_delta_step: 0]
[lambda_l1: 0.15]
[lambda_l2: 0.15]
[linear_lambda: 0]
[min_gain_to_split: 0]
[drop_rate: 0.1]
[max_drop: 50]
[skip_drop: 0.5]
[xgboost_dart_mode: 0]
[uniform_drop: 0]
[drop_seed: 11029]
[top_rate: 0.2]
[other_rate: 0.1]
[min_data_per_group: 100]
[max_cat_threshold: 32]
[cat_l2: 10]
[cat_smooth: 10]
[max_cat_to_onehot: 4]
[top_k: 20]
[monotone_constraints: ]
[monotone_constraints_method: basic]
[monotone_penalty: 0]
[feature_contri: ]
[forcedsplits_filename: ]
[refit_decay_rate: 0.9]
[cegb_tradeoff: 1]
[cegb_penalty_split: 0]
[cegb_penalty_feature_lazy: ]
[cegb_penalty_feature_coupled: ]
[path_smooth: 0]
[interaction_constraints: ]
[verbosity: -1]
[saved_feature_importance_type: 0]
[use_quantized_grad: 0]
[num_grad_quant_bins: 4]
[quant_train_renew_leaf: 0]
[stochastic_rounding: 1]
[linear_tree: 0]
[max_bin: 255]
[max_bin_by_feature: ]
[min_data_in_bin: 3]
[bin_construct_sample_cnt: 200000]
[data_random_seed: 486]
[is_enable_sparse: 1]
[enable_bundle: 1]
[use_missing: 1]
[zero_as_missing: 0]
[feature_pre_filter: 1]
[pre_partition: 0]
[two_round: 0]
[header: 0]
[label_column: ]
[weight_column: ]
[group_column: ]
[ignore_column: ]
[categorical_feature: ]
[forcedbins_filename: ]
[precise_float_parser: 0]
[parser_config_file: ]
[objective_seed: 12927]
[num_class: 1]
[is_unbalance: 0]
[scale_pos_weight: 1]
[sigmoid: 1]
[boost_from_average: 1]
[reg_sqrt: 0]
[alpha: 0.9]
[fair_c: 1]
[poisson_max_delta_step: 0.7]
[tweedie_variance_power: 1.5]
[lambdarank_truncation_level: 30]
[lambdarank_norm: 1]
[label_gain: ]
[lambdarank_position_bias_regularization: 0]
[eval_at: ]
[multi_error_top_k: 1]
[auc_mu_weights: ]
[num_machines: 1]
[local_listen_port: 12400]
[time_out: 120]
[machine_list_filename: ]
[machines: ]
[gpu_platform_id: -1]
[gpu_device_id: -1]
[gpu_use_dp: 0]
[num_gpu: 1]

end of parameters

pandas_categorical:null
