tree
version=v4
num_class=1
num_tree_per_iteration=1
label_index=0
max_feature_idx=47
objective=binary sigmoid:1
feature_names=Column_0 Column_1 Column_2 Column_3 Column_4 Column_5 Column_6 Column_7 Column_8 Column_9 Column_10 Column_11 Column_12 Column_13 Column_14 Column_15 Column_16 Column_17 Column_18 Column_19 Column_20 Column_21 Column_22 Column_23 Column_24 Column_25 Column_26 Column_27 Column_28 Column_29 Column_30 Column_31 Column_32 Column_33 Column_34 Column_35 Column_36 Column_37 Column_38 Column_39 Column_40 Column_41 Column_42 Column_43 Column_44 Column_45 Column_46 Column_47
feature_infos=[0:99.999999860055979] [-0.21323060233234509:0.28852345877518809] [-0.28639457485256098:1.2787295693072678] [0.0013390430733061999:0.017930433729753101] [0:1] [0:1] [-0.0029210894365156999:0.0034341619648544002] [-0.0069029154939484003:0.0090560422877282998] [0.00072632332368074146:0.0012194216906189241] [-1:1] [-0.0022503938189158:0.0022886312042522] [-0.0038291976033736999:0.0043354110014977004] [-0.0070178809593699999:0.0098592049205460993] [0:1] [0:1] [-5.0300561617442492:4.9368627996952519] [-0.0058625280552245:0.0074544416354553004] [0.0166666666666388:0.4833333333325277] [0.20000000000000001:1] none [-4.7194087680504175:4.6266374702825024] [0:11.136409559975579] [-2.673452837810038:2.5904338822873485] [-2.5613699928105933:2.6358480455406013] [-2.2701477243180097:2.1485578063058259] [-17.519089640649749:16.506126228472812] none [-0.78656812800840292:0.77110624504708369] [-0.89115094593667932:0.86347796076244954] [-0.85378999760353114:0.87861601518020038] [-0.1806231644683646:4.0013404045151235] [-4.719408768050414:4.6266374702824988] [-0.00042725392295928089:0.00041893860609910997] [0.00033257640615085796:1] [0.0531413527614924:0.05341700470283349] [0.10000000000000001:0.90000000000000002] [-0.20776381222912294:0.22735284427214711] [-0.40723978100201491:0.40956572323076007] [-0.54427769507844315:0.72523232409618288] [-0.45928210477975862:0.46871722720014974] [-0.61270972356197351:0.81991571849236777] [-0.20878543058935103:0.39138357003167246] [-0.33999659046091341:0.18000568209331441] [-0.45080069579153115:0.450394715010001] [-0.33974596830825249:0.15972229149110939] [-0.56431079512768267:0.4670739678993337] [-0.35901389485327928:0.37985735650788199] [-0.81735982016312625:0.57577274820205826]
tree_sizes=1206 887 1513 1516 1214 1602 889 1517 1207 893 1214 890

Tree=0
num_leaves=10
num_cat=0
split_feature=38 38 42 22 0 43 3 34 34
split_gain=20.7001 15.3377 11.8873 32.6468 13.1925 16.3633 14.2438 11.112 8.41809
threshold=0.67818296531838518 -0.50481562824268134 0.12131543510629916 0.2281597425574384 44.413395194778296 0.42056967403803874 0.0039317430504192509 0.053215136299974777 0.053239590081434494
decision_type=2 2 2 2 2 2 2 2 2
left_child=1 -1 4 8 6 -6 -3 -5 -4
right_child=-2 2 3 7 5 -7 -8 -9 -10
leaf_value=0.037633984052552694 -0.038936276022469012 0.015089272278231406 -0.047727155804334877 0.033331313098309084 -0.0031362160893435511 0.022547399604818663 0.00062593166902720813 -0.010954821618147644 -0.010954821618147644
leaf_weight=9.7874425053596479 11.952935934066771 104.40652042627335 18.163089126348499 11.538988113403322 453.85869279503822 23.302757680416107 149.75972703099251 8.739920496940611 8.739920496940611
leaf_count=39 48 417 73 46 1816 93 599 35 35
internal_value=-1.28855e-08 0.000597672 0.000119111 -0.0144447 0.00106763 -0.00186581 0.00659028 0.0140841 -0.0360743
internal_weight=800.25 788.297 778.51 47.1819 731.328 477.161 254.166 20.2789 26.903
internal_count=3201 3153 3114 189 2925 1909 1016 81 108
is_linear=0
shrinkage=1


Tree=1
num_leaves=7
num_cat=0
split_feature=38 45 22 46 22 8
split_gain=19.499 14.6613 10.9695 10.992 27.6423 11.3187
threshold=0.67818296531838518 0.44821957484622649 1.9858586378397287 0.33027343310417573 0.62777964787797536 0.0010408163017057573
decision_type=2 2 2 2 2 2
left_child=1 2 3 5 -5 -1
right_child=-2 -3 -4 4 -6 -7
leaf_value=-4.9693373591251752e-05 -0.037796942442978709 0.038266492394924537 0.024011476379571423 0.022587292419121923 -0.010327240701389582 -0.010734086815087638
leaf_weight=561.72611624002457 11.948406457900999 9.0332053154706937 16.790389627218246 56.12568199634552 38.459655836224556 106.1344376206398
leaf_count=2247 48 36 67 224 154 425
internal_value=0 0.000579982 0.000130051 -0.000394578 0.00916114 -0.00175639
internal_weight=800.218 788.269 779.236 762.446 94.5853 667.861
internal_count=3201 3153 3117 3050 378 2672
is_linear=0
shrinkage=0.03


Tree=2
num_leaves=13
num_cat=0
split_feature=42 46 23 38 30 38 22 46 30 33 24 33
split_gain=18.479 20.863 15.4093 14.8553 12.2106 12.006 10.8084 9.5678 6.34748 5.69428 4.16147 4.11101
threshold=-0.2404774878598171 0.33027343310417573 0.69237425229769545 -0.50481562824268134 0.35140373426230981 0.52947547306286558 1.9858586378397287 0.26417556338530684 0.84903169108151677 0.39959663195061196 0.61841253320411382 0.32444206303568029
decision_type=2 2 2 2 2 2 2 2 2 2 2 2
left_child=4 3 8 -2 -1 -4 7 -5 10 -7 -3 -6
right_child=1 2 5 6 11 9 -8 -9 -10 -11 -12 -13
leaf_value=0.001455676069869751 0.035810229130880923 0.039882263180724846 0.028368252917471828 0.00010908386970447203 -0.047666057858069676 0.0012388327025666915 0.023652091109363674 -0.0087223442076134316 0.0040874494400963308 -0.030138235381463971 0.015339375068199044 -0.020514015830081299
leaf_weight=13.246886119246481 9.7767933756113035 25.097462549805641 8.7748400121927279 527.97869561612606 11.190173432230951 10.750707373023035 15.285226911306379 139.1269438713789 8.7529641687870008 9.4701553583145124 9.5144777297973615 11.21553038060665
leaf_count=53 39 100 35 2112 45 43 61 557 35 38 38 45
internal_value=0 0.000986245 0.0162985 -0.000611215 -0.0210653 -0.000488862 -0.00114738 -0.00172754 0.0275897 -0.013349 0.0333604 -0.034501
internal_weight=800.181 764.528 72.3606 692.168 35.6526 28.9957 682.391 667.106 43.3649 20.2209 34.6119 22.4057
internal_count=3201 3058 289 2769 143 116 2730 2669 173 81 138 90
is_linear=0
shrinkage=0.03


Tree=3
num_leaves=13
num_cat=0
split_feature=42 45 45 8 16 21 0 42 21 23 35 11
split_gain=17.4112 18.0985 14.1212 11.6737 20.607 11.347 10.9921 10.7687 10.037 7.14605 6.33913 5.0402
threshold=-0.2404774878598171 -0.41406260269904432 0.44821957484622649 0.000969939631715691 0.0011447931157672502 5.4997150066068192 35.079808534708924 0.12131543510629916 0.88722847297139407 0.69237425229769545 0.67880045718454063 0.00049805261598495014
decision_type=2 2 2 2 2 2 2 2 2 2 2 2
left_child=8 3 5 4 6 7 -2 -3 -1 -5 -7 -10
right_child=1 2 -4 9 -6 10 -8 -9 11 -11 -12 -13
leaf_value=0.0029914136732135414 -0.012129686762878308 -0.0012094906374130567 0.036421609970264182 0.046633772718218496 -0.029113844214745086 0.020082701800103225 0.02576601604500715 -0.017168942521041057 -0.043849139549380176 0.014216327600800041 0.00015758999483631841 -0.015585767819946758
leaf_weight=10.997756063938139 8.7349488586187345 580.65968434512615 9.0138795971870405 13.305649146437647 11.213736578822134 33.310785904526711 29.060676530003548 40.66382808983326 13.172644376754763 12.515224963426588 25.997679144144058 11.465475052595137
leaf_count=44 35 2323 36 53 45 133 116 163 53 50 104 46
internal_value=0 0.000958275 -0.00055719 0.0149582 0.0062049 -0.00106144 0.016876 -0.00226512 -0.0204515 0.0312674 0.0114467 -0.0310521
internal_weight=800.112 764.476 689.646 74.8302 49.0094 680.632 37.7956 621.324 35.6359 25.8209 59.3085 24.6381
internal_count=3201 3058 2759 299 196 2723 151 2486 143 103 237 99
is_linear=0
shrinkage=0.03


Tree=4
num_leaves=10
num_cat=0
split_feature=38 38 42 16 34 38 12 34 16
split_gain=17.0947 12.58 10.7096 33.5029 12.3778 11.4384 13.3615 10.8566 6.24812
threshold=0.67818296531838518 -0.50481562824268134 0.12131543510629916 0.00066494050041290018 0.053217230100971784 -0.28900807814758428 -0.00025094207146164995 0.053240902672623304 -0.0014613647828265498
decision_type=2 2 2 2 2 2 2 2 2
left_child=1 -1 5 8 -5 7 -7 -3 -4
right_child=-2 2 3 4 -6 6 -8 -9 -10
leaf_value=0.034155157003843091 -0.035452340789862993 0.031415956260357016 -0.017768790474803953 0.042071252512791098 -0.0070042837001785584 0.0049106464040274377 -0.0034234190895478596 -0.0080490922307477099 -0.046625659611354883
leaf_weight=9.7468652725219709 11.905599161982535 20.313524112105373 13.464325025677683 9.2882493585348147 8.7403537482023221 309.09761533141136 393.0475856512785 8.7400031238794309 15.662868395447729
leaf_count=39 48 81 54 37 35 1236 1573 35 63
internal_value=0 0.000543598 0.000110421 -0.0137169 0.0181702 0.00101094 0.000239252 0.0194095 -0.0335994
internal_weight=800.007 788.101 778.355 47.1558 18.0286 731.199 702.145 29.0535 29.1272
internal_count=3201 3153 3114 189 72 2925 2809 116 117
is_linear=0
shrinkage=0.03


Tree=5
num_leaves=14
num_cat=0
split_feature=42 46 23 45 42 30 21 42 8 46 17 33 33
split_gain=15.8263 18.5654 13.8111 12.9679 11.2591 10.9474 10.147 9.59193 7.91473 7.52732 6.33514 6.08726 3.98001
threshold=-0.2404774878598171 0.33027343310417573 0.69237425229769545 0.44821957484622649 -0.1688646147278135 0.35140373426230981 5.4997150066068192 0.12131543510629916 0.0009801933539037716 0.28991363558176092 0.091666666666513866 0.39611442834529237 0.32444206303568029
decision_type=2 2 2 2 2 2 2 2 2 2 2 2 2
left_child=5 3 8 6 11 -1 7 -2 10 -8 -3 -4 -7
right_child=1 2 4 -5 -6 12 9 -9 -10 -11 -12 -13 -14
leaf_value=0.0017865165372400167 -0.0012267557722994034 0.027852632651355461 0.0024895831634480668 0.034914257444494362 0.027425318347566174 -0.045205913085663227 0.015703443197211946 -0.016297320861863591 0.048145105190226946 -0.011194464621788776 0 -0.029945524759221936 -0.018537998352379306
leaf_weight=13.240598589181898 581.89608490467072 21.033423811197281 10.499282583594328 8.977617070078848 8.7712951153516752 11.155791193246843 49.309127956628799 40.619098916649818 11.030658662319182 11.235092759132383 11.238397955894468 9.7118542641401273 11.181512475013731
leaf_count=53 2328 84 42 36 35 45 197 163 44 45 45 39 45
internal_value=0 0.000913026 0.0153659 -0.00059311 -0.000519585 -0.019515 -0.00107394 -0.00222103 0.0260667 0.0106226 0.0181936 -0.0129809 -0.0322694
internal_weight=799.9 764.322 72.2849 692.037 28.9824 35.5779 683.059 622.515 43.3025 60.5442 32.2718 20.2111 22.3373
internal_count=3201 3058 289 2769 116 143 2733 2491 173 242 129 81 90
is_linear=0
shrinkage=0.03


Tree=6
num_leaves=7
num_cat=0
split_feature=38 45 22 34 24 6
split_gain=15.6046 11.4556 9.5208 9.6788 9.59241 6.01838
threshold=0.67818296531838518 0.44821957484622649 1.9858586378397287 0.053300948455874429 0.19042892289033259 0.0008626808661646501
decision_type=2 2 2 2 2 2
left_child=1 2 3 4 -1 -5
right_child=-2 -3 -4 5 -6 -7
leaf_value=0.0032586527882636027 -0.033947758532073997 0.033981472350125198 0.022381205798838986 -0.019823129344241668 -0.0038453984237711769 0.0061906901599966899
leaf_weight=436.69434590637684 11.852587550878523 8.9518302083015424 16.774311184883118 34.665428534150124 280.78824961185455 10.005138725042341
leaf_count=1747 48 36 67 139 1124 40
internal_value=0 0.000518383 0.000121564 -0.000366756 0.000471975 -0.013895
internal_weight=799.732 787.879 778.927 762.153 717.483 44.6706
internal_count=3201 3153 3117 3050 2871 179
is_linear=0
shrinkage=0.03


Tree=7
num_leaves=13
num_cat=0
split_feature=42 40 23 8 45 30 22 8 34 39 33 42
split_gain=14.4027 16.2636 23.0756 11.8113 11.5126 10.2581 9.83148 10.2609 6.47771 5.1172 3.85962 3.41031
threshold=-0.2404774878598171 0.54906331723418955 0.69237425229769545 0.00093123260963350648 0.44821957484622649 0.35140373426230981 1.9498870497688208 0.0010408163017057573 0.053199245337177403 -0.19362231668507268 0.32444206303568029 0.060654094272552875
decision_type=2 2 2 2 2 2 2 2 2 2 2 2
left_child=5 4 8 -4 6 -1 7 -2 -3 -10 -7 -8
right_child=1 2 3 -5 -6 10 11 -9 9 -11 -12 -13
leaf_value=0.0019641076263578775 8.0232752423075167e-05 0.01037659908411971 -0.034914708231910375 0.0076909966152966559 0.033090235493403057 -0.043773390349365879 0.007196854922029791 -0.010064455636867392 0.046486664635231469 0.018683730252415074 -0.017499142462946624 0.033750741394964263
leaf_weight=13.234407812356947 564.13132548332214 12.738725274801252 8.957283169031145 15.998021155595778 8.921639144420622 11.110992252826692 9.495749771595003 106.36583140492439 18.277405962347984 10.24231092631817 11.148866802453993 9.0183614641427976
leaf_count=53 2257 51 36 64 36 45 38 426 73 41 45 36
internal_value=0 0.000870793 0.0150647 -0.00753959 -0.000472307 -0.0186387 -0.000920528 -0.00152427 0.0288235 0.0368087 -0.0310199 0.0205399
internal_weight=799.641 764.147 66.2137 24.9553 697.933 35.4943 689.011 670.497 41.2584 28.5197 22.2599 18.5141
internal_count=3201 3058 265 100 2793 143 2757 2683 165 114 90 74
is_linear=0
shrinkage=0.03


Tree=8
num_leaves=10
num_cat=0
split_feature=38 38 42 16 8 0 3 3 16
split_gain=14.2686 10.6119 9.77294 31.5149 28.2534 11.6464 16.5203 13.1117 5.93098
threshold=0.67818296531838518 -0.50481562824268134 0.12131543510629916 0.00066494050041290018 0.00091681930967998221 44.413395194778296 0.0057075241990579015 0.0039317430504192509 -0.0014613647828265498
decision_type=2 2 2 2 2 2 2 2 2
left_child=1 -1 5 8 -5 7 -7 -3 -4
right_child=-2 2 3 4 -6 6 -8 -9 -10
leaf_value=0.031526928615374691 -0.032555734226802364 0.014307457771137292 -0.016996446803200026 0.05394673968860645 -0.020456226612024408 -0.0047046393189202635 0.0089316247801250973 0.00042650720779852981 -0.045139565219876367
leaf_weight=9.6459560543298704 11.78357073664665 104.32987232506275 13.450237318873407 9.2923166602849978 8.717650428414343 375.60701994597912 101.28739009797573 149.70528829097748 15.623897135257719
leaf_count=39 48 417 54 37 35 1504 405 599 63
internal_value=0 0.000495796 9.92801e-05 -0.0131197 0.017813 0.000959479 -0.00179711 0.00615007 -0.0324281
internal_weight=799.443 787.66 778.014 47.0841 18.01 730.93 476.894 254.035 29.0741
internal_count=3201 3153 3114 189 72 2925 1909 1016 117
is_linear=0
shrinkage=0.03


Tree=9
num_leaves=7
num_cat=0
split_feature=38 38 22 34 24 6
split_gain=13.4899 10.0328 8.55368 9.48951 9.15943 6.00672
threshold=0.67818296531838518 -0.50481562824268134 1.9858586378397287 0.053300948455874429 0.19042892289033259 0.0008626808661646501
decision_type=2 2 2 2 2 2
left_child=1 -1 3 4 -3 -5
right_child=-2 2 -4 5 -6 -7
leaf_value=0.030709852583311183 -0.031718560031266198 0.0031907529113757026 0.021212911294962923 -0.019923993584870847 -0.0037467165922632651 0.0061306074301858311
leaf_weight=9.6100538522005063 11.736416339874266 435.31467765569687 16.746291324496269 33.901690512895584 281.94695562124252 10.004544511437414
leaf_count=39 48 1742 67 136 1129 40
internal_value=0 0.000481138 9.60721e-05 -0.000366692 0.000457231 -0.0138843
internal_weight=799.261 787.524 777.914 761.168 717.262 43.9062
internal_count=3201 3153 3114 3047 2871 176
is_linear=0
shrinkage=0.03


Tree=10
num_leaves=10
num_cat=0
split_feature=38 45 46 22 39 35 46 8 8
split_gain=12.7589 9.59036 8.05771 21.1678 11.2683 9.64655 9.61948 13.1385 12.6162
threshold=0.67818296531838518 0.44821957484622649 0.33027343310417573 0.62777964787797536 -0.18480307826905909 0.79250841028881114 0.26417556338530684 0.00090643328753815767 0.00084927492635205476
decision_type=2 2 2 2 2 2 2 2 2
left_child=1 2 6 5 -5 -4 7 -1 -8
right_child=-2 -3 3 4 -6 -7 8 -9 -10
leaf_value=0.0086868008014220535 -0.030915244566105338 0.031300625109902731 0.027079066862594054 0.0051656205582955948 -0.026880474402136912 -0.0019153536985301233 -0.030216162329751481 -0.0019730763506821346 -0.004331866125962691
leaf_weight=140.28376583755016 11.684816926717756 8.8264383971691114 42.706636860966682 22.972709774971008 16.895179077982903 13.20818507671356 19.686301052570343 400.69410444796085 122.16978266835213
leaf_count=561 48 36 171 92 68 53 79 1604 489
internal_value=0 0.000467164 0.000105894 0.00825258 -0.00835225 0.0201629 -0.00103183 0.000784517 -0.00798381
internal_weight=799.128 787.443 778.617 95.7827 39.8679 55.9148 682.834 540.978 141.856
internal_count=3201 3153 3117 384 160 224 2733 2165 568
is_linear=0
shrinkage=0.03


Tree=11
num_leaves=7
num_cat=0
split_feature=38 38 22 34 24 18
split_gain=12.0715 9.13985 8.11015 8.87875 8.55041 5.89237
threshold=0.67818296531838518 -0.50481562824268134 1.9858586378397287 0.053300948455874429 0.19042892289033259 0.50000000000000011
decision_type=2 2 2 2 2 2
left_child=1 -1 3 4 -3 -5
right_child=-2 2 -4 5 -6 -7
leaf_value=0.029419051785299875 -0.030143222638502349 0.0030744790016524444 0.020660266825558583 -0.025326218224304291 -0.0036288892532485573 -0.003043176639319029
leaf_weight=9.5343542098999006 11.629247054457663 435.23991374671459 16.727773144841194 20.178928092122078 281.90456774830818 23.709520608186722
leaf_count=39 48 1742 67 81 1129 95
internal_value=0 0.000452975 8.64984e-05 -0.000363791 0.00043295 -0.013442
internal_weight=798.924 787.295 777.761 761.033 717.144 43.8884
internal_count=3201 3153 3114 3047 2871 176
is_linear=0
shrinkage=0.03


end of trees

feature_importances:
Column_38=16
Column_42=11
Column_22=9
Column_8=8
Column_34=8
Column_45=7
Column_46=7
Column_16=5
Column_33=5
Column_23=4
Column_24=4
Column_30=4
Column_0=3
Column_3=3
Column_21=3
Column_6=2
Column_35=2
Column_39=2
Column_11=1
Column_12=1
Column_17=1
Column_18=1
Column_40=1
Column_43=1

parameters:
[boosting: gbdt]
[objective: binary]
[metric: binary_logloss]
[tree_learner: serial]
[device_type: cpu]
[data_sample_strategy: bagging]
[data: ]
[valid: ]
[num_iterations: 500]
[learning_rate: 0.03]
[num_leaves: 31]
[num_threads: 1]
[seed: 42]
[deterministic: 0]
[force_col_wise: 0]
[force_row_wise: 0]
[histogram_pool_size: -1]
[max_depth: 5]
[min_data_in_leaf: 35]
[min_sum_hessian_in_leaf: 0.001]
[bagging_fraction: 0.8]
[pos_bagging_fraction: 1]
[neg_bagging_fraction: 1]
[bagging_freq: 0]
[bagging_seed: 400]
[bagging_by_query: 0]
[feature_fraction: 0.8]
[feature_fraction_bynode: 1]
[feature_fraction_seed: 30056]
[extra_trees: 0]
[extra_seed: 12879]
[early_stopping_round: 0]
[early_stopping_min_delta: 0]
[first_metric_only: 0]
[max_delta_step: 0]
[lambda_l1: 0.15]
[lambda_l2: 0.15]
[linear_lambda: 0]
[min_gain_to_split: 0]
[drop_rate: 0.1]
[max_drop: 50]
[skip_drop: 0.5]
[xgboost_dart_mode: 0]
[uniform_drop: 0]
[drop_seed: 17869]
[top_rate: 0.2]
[other_rate: 0.1]
[min_data_per_group: 100]
[max_cat_threshold: 32]
[cat_l2: 10]
[cat_smooth: 10]
[max_cat_to_onehot: 4]
[top_k: 20]
[monotone_constraints: ]
[monotone_constraints_method: basic]
[monotone_penalty: 0]
[feature_contri: ]
[forcedsplits_filename: ]
[refit_decay_rate: 0.9]
[cegb_tradeoff: 1]
[cegb_penalty_split: 0]
[cegb_penalty_feature_lazy: ]
[cegb_penalty_feature_coupled: ]
[path_smooth: 0]
[interaction_constraints: ]
[verbosity: -1]
[saved_feature_importance_type: 0]
[use_quantized_grad: 0]
[num_grad_quant_bins: 4]
[quant_train_renew_leaf: 0]
[stochastic_rounding: 1]
[linear_tree: 0]
[max_bin: 255]
[max_bin_by_feature: ]
[min_data_in_bin: 3]
[bin_construct_sample_cnt: 200000]
[data_random_seed: 175]
[is_enable_sparse: 1]
[enable_bundle: 1]
[use_missing: 1]
[zero_as_missing: 0]
[feature_pre_filter: 1]
[pre_partition: 0]
[two_round: 0]
[header: 0]
[label_column: ]
[weight_column: ]
[group_column: ]
[ignore_column: ]
[categorical_feature: ]
[forcedbins_filename: ]
[precise_float_parser: 0]
[parser_config_file: ]
[objective_seed: 16083]
[num_class: 1]
[is_unbalance: 0]
[scale_pos_weight: 1]
[sigmoid: 1]
[boost_from_average: 1]
[reg_sqrt: 0]
[alpha: 0.9]
[fair_c: 1]
[poisson_max_delta_step: 0.7]
[tweedie_variance_power: 1.5]
[lambdarank_truncation_level: 30]
[lambdarank_norm: 1]
[label_gain: ]
[lambdarank_position_bias_regularization: 0]
[eval_at: ]
[multi_error_top_k: 1]
[auc_mu_weights: ]
[num_machines: 1]
[local_listen_port: 12400]
[time_out: 120]
[machine_list_filename: ]
[machines: ]
[gpu_platform_id: -1]
[gpu_device_id: -1]
[gpu_use_dp: 0]
[num_gpu: 1]

end of parameters

pandas_categorical:null
