tree
version=v4
num_class=1
num_tree_per_iteration=1
label_index=0
max_feature_idx=47
objective=binary sigmoid:1
feature_names=Column_0 Column_1 Column_2 Column_3 Column_4 Column_5 Column_6 Column_7 Column_8 Column_9 Column_10 Column_11 Column_12 Column_13 Column_14 Column_15 Column_16 Column_17 Column_18 Column_19 Column_20 Column_21 Column_22 Column_23 Column_24 Column_25 Column_26 Column_27 Column_28 Column_29 Column_30 Column_31 Column_32 Column_33 Column_34 Column_35 Column_36 Column_37 Column_38 Column_39 Column_40 Column_41 Column_42 Column_43 Column_44 Column_45 Column_46 Column_47
feature_infos=[0.0021562517061897001:0.022219921850590799] [0:1] [0:1] [-0.0043214121398242999:0.0038074472752998001] [-0.0061993047783904997:0.0062551602800097004] [0.0010853500127215585:0.0019675521494340992] [-1:1] [-0.0037397082172632998:0.0034816060213405001] [-0.0055584184584705999:0.0054473874011616999] [-0.0078922589627704008:0.0064568863199471003] [-0.012275390074546901:0.0092901645545063992] [0:1] [0:1] [-1:1] [-5.1811695503952766:4.5313040831648186] [0.0026167696397365:0.0030158478354533002] [-0.0085829220823586006:0.0078981920892917997] [-1.194620474704174:0.83166554540362603] [-1.2387494432419599:2.2226674794294894] [0.0166666666666388:0.4666666666658888] [0.20000000000000001:1] none none [1.0786675970343934e-06:12.258741148104834] [-2.6398103064450291:2.6853471910206999] [-2.8431446468675174:2.7846166045448495] [-17.618450187872096:20.233105925477762] none [-0.1753684786540666:4.118826954229351] [-0.17394836402568789:4.5408004335038221] [-4.7283140883213335:4.9515131319839654] [0.00064960807456858425:0.0014711856671563394] [9.9648797851112846e-05:1] [0.020125387317238414:0.020278957745819993] [0.10000000000000001:0.90000000000000002] [-0.26869494691479379:0.25850817892488892] [-0.4202146639744318:0.41795555288946423] [-0.72921772765133064:0.8570417655749698] [-0.54930136954740605:0.61850368686749424] [-0.33438290677697285:0.22984344794346959] [-0.15059368060933623:0.16003929948081805] [-0.83159661796780249:0.95173537239672845] [-0.40432755390195407:0.62421776434097098] [-0.56833004818353439:0.34412728726699526] [-0.47415930802534373:0.46961005684144158] [-0.57338717337910716:0.34668501007649094] [-0.66238832491350685:0.57210200764660157] [-0.96758029950160729:0.89370422036810826]
tree_sizes=2274 2178 2469 2688 2695 2059 2497 2501 2501

Tree=0
num_leaves=20
num_cat=0
split_feature=37 46 32 46 31 37 37 25 46 18 17 5 18 43 43 44 18 31 0
split_gain=45.2156 18.5873 22.2013 23.8293 37.1414 27.3807 22.2777 17.7948 16.9934 14.8091 26.506 18.1949 17.927 27.1135 18.1176 13.723 12.6534 11.7828 10.4235
threshold=-0.19600182096974647 0.53203044399175659 0.64169143192328881 0.41870469787873404 0.001074888346832732 -0.33163055842540962 -0.390764637626353 -0.67668291738379793 0.32508949668876713 0.57508338868354836 -0.22423110859665826 0.0016133058504954206 -0.36609885901024003 -0.32610354066585123 -0.15090986849117666 -0.38653070124334149 -0.095427976481215329 0.0011358191016837165 0.0068616058205356011
decision_type=2 2 2 2 2 2 2 2 2 2 2 2 2 2 2 2 2 2 2
left_child=1 2 3 5 -5 -1 7 -4 -8 10 11 16 13 -12 -14 -11 -2 18 -17
right_child=9 -3 6 4 -6 -7 8 -9 -10 15 12 -13 14 -15 -16 17 -18 -19 -20
leaf_value=0.040755024399108858 -0.042729918165553112 0.045102605098543989 0.032093549750698058 -0.015248963407383506 0.032382362878936179 0.011352832245764645 2.1896327400211852e-08 -0.016381600426839203 -0.043151963377186832 -0.026302894481666061 -0.037866212575838609 0.0099675496093435435 0.011527855742588539 0.006732918783090654 -0.013263102325795723 0.01858360165927541 -0.012616077921641499 0.036443528899105723 -0.013047266720350609
leaf_weight=38.033448621630669 35.002379760146141 12.377117425203322 15.842857196927072 53.208227470517159 20.189112856984138 116.37900334596634 14.002237662672995 11.61935020983219 19.194265887141228 8.5947101414203626 13.16319917142391 11.077082291245459 30.486847475171089 153.93997597694397 191.31544736027718 21.772755697369576 20.573888778686523 15.121516823768614 16.106567963957787
leaf_count=148 144 48 62 215 79 462 56 47 79 35 54 44 121 613 772 86 83 59 65
internal_value=2.18963e-08 0.00924492 0.00766817 0.0119695 -0.0020467 0.0186565 -0.0084017 0.011443 -0.024931 -0.00537916 -0.00725134 -0.0247234 -0.00423691 0.003162 -0.00982981 0.00837853 -0.0317267 0.0141456 0.00501718
internal_weight=818 300.846 288.469 227.81 73.3973 154.412 60.6587 27.4622 33.1965 517.154 455.559 66.6534 388.905 167.103 221.802 61.5956 55.5763 53.0008 37.8793
internal_count=3272 1196 1148 904 294 610 244 109 135 2076 1831 271 1560 667 893 245 227 210 151
is_linear=0
shrinkage=1


Tree=1
num_leaves=19
num_cat=0
split_feature=37 4 17 43 32 31 26 5 4 28 20 17 17 25 31 9 31 10
split_gain=42.565 15.1581 11.4719 12.8123 14.2851 11.2634 16.2596 20.4026 17.9236 15.1708 12.4109 16.0406 12.6935 12.1756 10.912 8.8148 8.02374 6.07938
threshold=-0.19600182096974647 0.0023049741195592002 0.32526712896039928 0.27007791932457187 0.64493350744105893 0.00097828020100975744 0.00050710748875461688 0.0012653369895653771 -0.0024090335604386496 -0.058142755256618141 0.75000000000000011 0.32526712896039928 -0.23179784422361352 0.82021155024109271 0.0010388944385672958 0.00028997247344050007 0.0008229691355557796 0.0019580522749980006
decision_type=2 2 2 2 2 2 2 2 2 2 2 2 2 2 2 2 2 2
left_child=1 2 3 4 -1 6 7 16 -9 -7 11 -11 -12 15 -3 -8 -2 -15
right_child=5 14 -4 -5 -6 9 13 8 -10 10 12 -13 -14 17 -16 -17 -18 -19
leaf_value=0.011348744952516388 -0.011168820640430014 -0.03605000238635396 0.037632750002489786 0.035916645182162983 -0.0063016315864466953 0.036376196834686486 -0.0069049607338417113 0.0024543662569132857 -0.034397143844019831 -0.0016184954477098323 -0.031376657691120469 0.025393100802916825 -0.0056297711071341327 -0.0012382636976027556 0.0078658861903763665 0.023565749577845376 0.026351932732684179 -0.019351571084418349
leaf_weight=200.28197938203812 10.416669398546221 10.97813004255295 13.597958892583845 15.375759556889532 51.51088659465313 8.9718618839979154 13.681307107210158 14.521436303853987 59.619090765714645 193.51179231703281 22.752926751971245 21.870820224285126 72.714641481637955 35.214068546891212 9.0529042631387693 21.590982928872108 9.6738123148679716 32.572933927178383
leaf_count=795 42 45 53 60 207 35 55 58 244 775 93 86 292 141 36 85 38 132
internal_value=0 0.0089711 0.0107812 0.00937734 0.00771843 -0.00521879 -0.0108575 -0.0198612 -0.0271283 -0.00172288 -0.00285399 0.00111926 -0.0118527 -0.00256462 -0.0160686 0.0116406 0.00673695 -0.0100318
internal_weight=817.91 300.798 280.767 267.169 251.793 517.112 197.29 94.231 74.1405 319.822 310.85 215.383 95.4676 103.059 20.031 35.2723 20.0905 67.787
internal_count=3272 1196 1115 1062 1002 2076 795 382 302 1281 1246 861 385 413 81 140 80 273
is_linear=0
shrinkage=0.03


Tree=2
num_leaves=22
num_cat=0
split_feature=37 46 32 47 31 37 37 25 46 31 30 5 24 28 20 17 14 25 9 31 10
split_gain=40.0656 16.8031 19.7307 22.6741 34.719 24.9562 21.0981 16.534 15.9111 10.6029 15.2995 19.208 17.1928 14.293 11.6863 15.1009 14.513 11.4595 8.30243 7.55959 5.72012
threshold=-0.19600182096974647 0.53203044399175659 0.64169143192328881 0.64338863222881748 0.001074888346832732 -0.33163055842540962 -0.390764637626353 -0.67668291738379793 0.32508949668876713 0.00097828020100975744 0.14489084147672657 0.0012653369895653771 -1.0906422939385547 -0.058142755256618141 0.75000000000000011 0.32526712896039928 1.4779573878860333 0.82021155024109271 0.00028997247344050007 0.0008229691355557796 0.0019580522749980006
decision_type=2 2 2 2 2 2 2 2 2 2 2 2 2 2 2 2 2 2 2 2 2
left_child=1 2 3 5 -5 -1 7 -4 -8 10 11 19 -13 -11 15 -15 -16 18 -12 -2 -19
right_child=9 -3 6 4 -6 -7 8 -9 -10 13 17 12 -14 14 16 -17 -18 20 -20 -21 -22
leaf_value=0.0383862824815875 -0.010839364003039736 0.042827864332061358 0.031274287148498538 -0.015277084450455848 0.031482202633959178 0.010645025573812776 0 -0.015449432470306753 -0.041676425489210606 0.035314626338423361 -0.0067002733193119134 -0.0088106781971464664 -0.038423854879159558 -0.0015699835666575514 -0.01813016875226869 0.024639743503364394 0.0090083357192760772 -0.0012012759790581567 0.022866683537191339 0.025577497907942049 -0.018776317349840678
leaf_weight=39.268022134900093 10.415851548314096 12.357671052217482 15.839532911777498 52.704893738031387 19.418360456824303 116.35990165174007 14.001430228352545 11.615761905908583 19.181795343756676 8.9688524156808835 13.680870443582533 30.539134189486504 43.573971718549728 193.51124297082424 72.318776056170464 21.867946207523346 23.132290735840797 35.213998392224312 21.588130697607994 9.6722713708877546 32.568400055170059
leaf_count=153 42 48 62 213 76 462 56 47 79 35 55 123 179 775 293 86 92 141 85 38 132
internal_value=0 0.00870466 0.00720536 0.0112612 -0.00258621 0.0177038 -0.00794422 0.0113669 -0.0240362 -0.00506335 -0.010535 -0.0192709 -0.0263245 -0.001671 -0.00276919 0.00108557 -0.0115023 -0.00248935 0.0112908 0.00653233 -0.00973487
internal_weight=817.799 300.747 288.39 227.751 72.1233 155.628 60.6385 27.4553 33.1832 517.052 197.253 94.2012 74.1131 319.799 310.83 215.379 95.4511 103.051 35.269 20.0881 67.7824
internal_count=3272 1196 1148 904 289 615 244 109 135 2076 795 382 302 1281 1246 861 385 413 140 80 273
is_linear=0
shrinkage=0.03


Tree=3
num_leaves=24
num_cat=0
split_feature=36 17 20 47 12 29 32 40 10 9 14 38 29 20 18 23 31 34 17 14 20 28 18
split_gain=37.1845 16.6808 24.2523 18.9302 21.4486 15.4792 12.9554 12.1114 11.4944 14.8599 12.1542 18.361 18.4232 15.3224 29.8298 13.8002 11.8811 13.2115 11.0247 10.2751 8.77585 8.23508 3.57079
threshold=-0.32069810710611452 0.0028280891655312504 0.90000000000000013 0.46054355505619921 1.0000000180025095e-35 0.056961614243137206 0.72746914949279973 -0.10719340863830354 -0.0026984845433266494 -0.0037758302951409494 1.1211190862144014 -0.20052030683952682 0.6977946821908626 0.75000000000000011 -0.68975938313493901 0.50138564724398704 0.0011399782910450449 0.71159704081305686 -0.063575967377618087 0.25623822033237803 0.50000000000000011 0.66245542065669116 -0.17684125683070867
decision_type=2 2 2 2 2 2 2 2 2 2 2 2 2 2 2 2 2 2 2 2 2 2 2
left_child=1 2 3 5 -5 -1 7 19 9 22 13 21 -13 15 -15 -10 17 -11 -4 -3 -9 -12 -2
right_child=8 6 18 4 -6 -7 -8 20 10 16 11 12 -14 14 -16 -17 -18 -19 -20 -21 -22 -23 -24
leaf_value=0.020626690331000088 -0.007093649889603649 0.022819922247438545 -0.049396518784330108 0.019889736029397833 -0.016185751368242626 -0.012601171592092841 -0.0069053069589241137 0.010604153197639974 -0.01901498433685387 -0.002430594756620857 0 0.021933311308205576 -0.004340521526789428 0.027661813316464067 -0.026924378716581876 -0.00058071907075137378 0.039722512652292534 0.02754098525843067 -0.0031605829584857685 -0.022769788559014761 0.034980319023543809 -0.026808584936951887 -0.03311922463851575
leaf_weight=15.978397369384764 11.936610192060472 8.8867040127515811 10.390449956059458 95.716515824198723 17.292166471481323 57.004143580794334 15.40062530338764 19.13683246076107 50.822830229997635 49.376346349716187 16.501314982771873 42.866821780800819 53.811642274260521 9.9305562973022443 81.182104796171188 131.12036101520061 10.531400501728056 17.821139007806778 8.7254585325717908 8.6105044931173307 49.900917634367943 26.017597541213036 8.5509490966796857
leaf_count=63 48 35 43 378 70 230 62 76 206 198 66 169 216 39 331 525 41 70 35 35 195 106 35
internal_value=0 0.00824849 0.00328709 0.00662084 0.0143157 -0.00523753 0.0181679 0.0226863 -0.00496066 0.00422857 -0.00716159 2.1441e-05 0.00727864 -0.0108378 -0.0208899 -0.00576616 0.0102577 0.00549485 -0.0287146 0.000127048 0.0283261 -0.0163419 -0.0183358
internal_weight=817.512 307.043 205.107 185.991 113.009 72.9825 101.936 86.535 510.47 98.2164 412.253 139.197 96.6785 273.056 91.1127 181.943 77.7289 67.1975 19.1159 17.4972 69.0378 42.5189 20.4876
internal_count=3272 1222 819 741 448 293 403 341 2050 392 1658 557 385 1101 370 731 309 268 78 70 271 172 83
is_linear=0
shrinkage=0.03


Tree=4
num_leaves=24
num_cat=0
split_feature=37 46 32 47 31 37 37 46 0 31 26 24 24 0 40 20 44 17 0 0 17 1 14
split_gain=35.9651 15.5377 18.0462 21.2904 32.3627 23.1121 19.7992 15.0201 12.2642 9.91428 14.2907 15.271 17.4413 13.6021 21.4651 17.2717 27.4089 18.6872 15.3416 7.47728 7.81012 6.77506 6.22551
threshold=-0.19600182096974647 0.53203044399175659 0.64169143192328881 0.64338863222881748 0.001074888346832732 -0.33163055842540962 -0.390764637626353 0.32508949668876713 0.0071537759763421506 0.00097828020100975744 0.00050710748875461688 -1.0906422939385547 -1.5773621472833479 0.0047364181505341009 0.084354460211903251 0.25000000000000006 -0.081409323269282977 -0.61853977670194238 0.0042204798223275013 0.0056655120554602511 -0.21045743472179748 1.0000000180025095e-35 0.57807037749485957
decision_type=2 2 2 2 2 2 2 2 2 2 2 2 2 2 2 2 2 2 2 2 2 2 2
left_child=1 2 3 5 -5 -1 8 -8 -4 10 11 12 -2 14 18 16 -15 -17 -11 21 -21 -12 -13
right_child=9 -3 6 4 -6 -7 7 -9 -10 13 19 22 -14 15 -16 17 -18 -19 -20 20 -22 -23 -24
leaf_value=0.036868732954826143 -0.029031757760634228 0.041124136133194954 -0.013315012291929759 -0.014978397747745455 0.030190921390520639 0.010146087778576 5.325670517677203e-05 -0.040444689584536904 0.027290225093831753 -0.017280374958184859 -0.009798680942937902 -0.033722545595358797 0.010962281527080477 -0.0065855509387544395 0.045839910476216869 0.032656882882363396 0.042242240526785747 -0.0089477929225068933 0.02687717039594131 -0.031567468658969894 -0.0035438064133472679 0.018985302820956961 -0.0055526136398529567
leaf_weight=39.181568935513496 15.918652355670927 12.314784124493597 10.888646170496942 52.693463578820229 19.38821342587471 116.31430248916149 14.00009363889694 19.148961216211319 16.546102195978165 18.018060564994816 10.672681018710135 44.350334137678146 24.902722641825676 24.63515317440033 13.152483448386191 9.9688074439764005 17.493866994976997 224.98395702242851 11.453631579875944 10.511438965797423 59.804012075066566 22.022517219185829 8.941421911120413
leaf_count=153 65 48 44 213 76 462 56 79 65 73 43 182 99 99 51 39 68 906 45 43 240 87 36
internal_value=0 0.00825146 0.00681035 0.010691 -0.00272919 0.0169376 -0.00768314 -0.0232825 0.0110264 -0.00479774 -0.0100907 -0.0185387 -0.0045731 -0.00151695 0.0142073 -0.00395846 0.0136614 -0.0071437 0 -0.00231305 -0.0078552 0.00945051 -0.0291092
internal_weight=817.306 300.476 288.161 227.578 72.0817 155.496 60.5838 33.1491 27.4347 516.83 197.124 94.1131 40.8214 319.706 42.6242 277.082 42.129 234.953 29.4717 103.011 70.3155 32.6952 53.2918
internal_count=3272 1196 1148 904 289 615 244 135 109 2076 795 382 164 1281 169 1112 167 945 118 413 283 130 218
is_linear=0
shrinkage=0.03


Tree=5
num_leaves=18
num_cat=0
split_feature=37 16 18 17 18 37 5 44 19 41 46 18 5 0 18 36 36
split_gain=33.9831 14.4141 13.4906 29.9627 17.3016 27.0596 14.9692 12.6758 12.5363 12.2988 12.187 16.2474 14.1412 11.5368 10.046 8.63994 8.34523
threshold=-0.22076597806522485 0.0026205666161869504 0.57508338868354836 -0.22423110859665826 -0.37869580109677464 0.61480952852754744 0.0016133058504954206 -0.38653070124334149 0.14166666666643057 0.56540673155801457 0.53203044399175659 -0.47332881085315764 0.0014363443348554465 0.0037290713881455505 -0.052066669672597696 -0.39111316429851756 -0.26890963379349997
decision_type=2 2 2 2 2 2 2 2 2 2 2 2 2 2 2 2 2
left_child=1 10 3 6 5 -5 14 -4 16 -6 11 12 -1 -13 -2 -3 -9
right_child=2 15 7 4 9 -7 -8 8 -10 -11 -12 13 -14 -15 -16 -17 -18
leaf_value=-0.025286023374553535 -0.038586316687621733 -0.025339281500785352 -0.024825060438382403 0.0092362791528843476 -0.010638803523431099 -0.025424776996928872 0.0072446114656772214 0.046014260898062043 -0.014121503664572871 0.0098881133477940319 0.040038371601180053 0.044971215599751806 0.011515880856719927 0.011156087127980014 -0.012769070776587298 0.0099865022033685507 0.013992187146942345
leaf_weight=20.59293395280838 39.815095707774162 16.683013498783115 8.5867989361286146 146.81279689073563 209.17596814036369 23.323157221078873 11.55229142308235 9.5388379096984846 11.132161065936087 29.694763079285622 12.273946255445479 9.5334173589944822 16.865938395261765 185.42647068202496 21.77862286567688 9.5662422180175763 34.557401403784752
leaf_count=84 164 68 35 584 844 95 46 37 45 118 48 37 67 737 88 38 137
internal_value=0 0.00868399 -0.00430927 -0.00603068 -0.00285167 0.00444012 -0.023703 0.00861007 0.0139429 -0.00806361 0.0109608 0.00938101 -0.00861639 0.012866 -0.0295838 -0.0123111 0.0211534
internal_weight=816.91 270.942 545.968 482.153 409.007 170.136 73.146 63.8152 55.2284 238.871 244.693 232.419 37.4589 194.96 61.5937 26.2493 44.0962
internal_count=3272 1079 2193 1939 1641 679 298 254 219 962 973 925 151 774 252 106 174
is_linear=0
shrinkage=0.03


Tree=6
num_leaves=22
num_cat=0
split_feature=43 46 31 32 47 47 0 5 10 24 0 17 9 31 1 38 5 5 3 18 17
split_gain=32.5971 14.7803 15.6818 18.2062 15.1674 14.8795 12.7161 12.2803 11.3339 17.1231 14.2465 17.6248 15.0359 13.3133 16.1671 13.116 12.2146 11.9038 8.76108 2.72516 1.76859
threshold=0.084229786574359408 0.53203044399175659 0.001056021295067577 0.78947096855468402 0.64338863222881748 0.27540428918660975 0.0044580943980795503 0.00154801388047672 -0.0018053839165830998 -1.5773621472833479 0.0060241839535085011 0.32526712896039928 0.00016824051691475002 0.0010388944385672958 1.0000000180025095e-35 -0.37653152667316858 0.0014188352952162378 0.0014088623204932137 -0.0017631511184727996 0.15214528234007263 -0.013134511669100199
decision_type=2 2 2 2 2 2 2 2 2 2 2 2 2 2 2 2 2 2 2 2 2
left_child=8 2 4 7 5 -2 -6 -4 9 19 13 16 -13 14 -10 -11 -12 -15 -17 20 -1
right_child=1 -3 3 -5 6 -7 -8 -9 10 15 11 12 -14 17 -16 18 -18 -19 -20 -21 -22
leaf_value=-0.020952915318119575 -0.0065250398498710909 0.039009401667078579 0.023932058684646738 -0.024938392880112993 0.017083314205060294 0.012443391043479916 -0.018347611519358445 0.0031058170129742513 -0.01855456405558438 -0.023459672568375754 -0.0068741823812741637 -0.01772934571630012 0.031978669330947736 0.031387188398947517 0.0076530617796220163 -0.010541338527304499 -0.023627066746849591 0.0012328971280078066 0.016483429281925113 -0.032646234409129338 -0.0012446443650070841
leaf_weight=8.5986302495002782 57.868040144443512 12.224465131759642 79.65668585896492 9.7848971188068372 10.874258384108542 102.69178859889507 50.317837759852409 38.283415079116821 54.669412687420845 10.064064159989355 66.068393498659134 9.1256249547004717 13.023635074496267 16.587774157524109 34.125189960002899 12.387304916977881 100.0356726795435 40.996011883020401 71.703127562999725 8.7831979095935804 8.7265750765800476
leaf_count=35 233 48 314 40 43 408 204 153 222 41 266 37 51 65 136 50 407 164 284 36 35
internal_value=0 0.00672172 0.00556319 0.0139319 0.00071652 0.00557919 -0.0119516 0.0172225 -0.00534258 0.0025256 -0.00818362 -0.0136408 0.0113154 -0.00112783 -0.00843604 0.00852141 -0.0170028 0.0100562 0.0124373 -0.0188508 -0.0113794
internal_weight=816.596 361.701 349.477 127.725 221.752 160.56 61.1921 117.94 454.895 120.263 334.632 188.253 22.1493 146.378 88.7946 94.1545 166.104 57.5838 84.0904 26.1084 17.3252
internal_count=3272 1443 1395 507 888 641 247 467 1829 481 1348 761 88 587 358 375 673 229 334 106 70
is_linear=0
shrinkage=0.03


Tree=7
num_leaves=22
num_cat=0
split_feature=43 46 32 0 47 36 20 47 10 28 5 46 47 32 38 34 10 5 7 40 35
split_gain=30.698 14.006 12.5815 16.7497 13.4277 23.9574 15.339 12.1079 10.6631 13.4148 13.1045 21.3243 16.5334 21.4759 11.9562 9.74879 12.6353 9.55222 8.69105 7.89108 1.26219
threshold=0.084229786574359408 0.53203044399175659 0.64169143192328881 0.005783436884549951 0.64338863222881748 -0.32069810710611452 0.90000000000000013 0.58065528961038282 -0.0013908844898244998 1.8615174008011515 0.0014188352952162378 -0.24726068306716401 -0.039734525242140287 0.58637759770265008 0.20061354990946065 0.74629273865476875 -0.0025949103989447494 0.0012769193398978562 -8.2206094014548905e-05 0.021983728696450693 0.035819954585195359
decision_type=2 2 2 2 2 2 2 2 2 2 2 2 2 2 2 2 2 2 2 2 2
left_child=8 2 4 -4 5 -2 -6 -5 9 15 12 19 13 -10 -14 17 -17 -1 -13 -12 -11
right_child=1 -3 3 7 6 -7 -8 -9 10 20 11 18 14 -15 -16 16 -18 -19 -20 -21 -22
leaf_value=0.028310593996444259 0.019464223230536853 0.038031999397503069 -0.032985742004714984 -0.0073081868323089348 0.0026727328920082625 -0.0025794909734856018 -0.037963048906099757 0.021687070232642106 0.015799841354287983 -0.031781250708845923 -0.042923406675123107 -0.017982867729259156 -0.033689634763726189 -0.014557466610605217 -0.0036407725463599217 0.042608288170616827 -0.00091415456274852999 -0.0020780147520373265 0.00062435445262927611 -0.019987822368395664 -0.01374658000181643
leaf_weight=10.182773470878599 137.06637327373028 12.167182132601736 15.572709485888479 40.91744039952755 62.515293374657631 65.032616212964058 9.4785826951265317 18.749266609549522 63.08752977848053 8.5443207323551196 20.848367407917976 33.255644306540489 19.71993400156498 31.117870762944221 30.864487290382385 12.60630837082863 10.955373749136923 92.944147989153862 68.424696579575539 43.583991885185242 8.6372237801551801
leaf_count=40 542 48 64 165 250 261 39 74 250 35 86 135 81 126 124 49 44 373 274 177 35
internal_value=0 0.00652481 0.00539869 -0.00542363 0.0083872 0.012352 -0.00268273 0.00175939 -0.0051853 0.00154032 -0.00831129 -0.0140614 -0.00167563 0.00571734 -0.0155088 0.00495077 0.0223043 0.000915751 -0.00543467 -0.0275612 -0.0231722
internal_weight=816.272 361.499 349.332 75.2394 274.093 202.099 71.9939 59.6667 454.773 143.87 310.903 166.113 144.79 94.2054 50.5844 126.689 23.5617 103.127 101.68 64.4324 17.1815
internal_count=3272 1443 1395 303 1092 803 289 239 1829 576 1253 672 581 376 205 506 93 413 409 263 70
is_linear=0
shrinkage=0.03


Tree=8
num_leaves=22
num_cat=0
split_feature=43 38 31 32 37 34 18 10 34 3 0 17 9 31 1 31 5 5 40 35 40
split_gain=28.9111 13.3626 13.3138 18.3695 14.0304 13.1687 14.1026 10.0692 16.8532 13.4718 13.2424 16.5138 13.9783 12.7346 15.1026 11.4278 11.0472 10.773 6.20511 4.48647 3.65592
threshold=0.084229786574359408 0.050491995333655608 0.001056021295067577 0.78947096855468402 -0.34233905041512352 0.82909310858144003 -0.50375476557459742 -0.0018053839165830998 0.74629273865476875 -0.0017328848846449498 0.0060241839535085011 0.32526712896039928 0.00016824051691475002 0.0010388944385672958 1.0000000180025095e-35 0.0011318103981618952 0.0014188352952162378 0.0014088623204932137 0.03688983104833423 -0.1410836615012159 -0.0050219359341785418
decision_type=2 2 2 2 2 2 2 2 2 2 2 2 2 2 2 2 2 2 2 2 2
left_child=7 -2 5 4 -4 6 -3 8 9 20 13 16 -13 14 -9 -11 -12 -15 -10 -7 -1
right_child=1 2 3 -5 -6 19 -8 10 18 15 11 12 -14 17 -16 -17 -18 -19 -20 -21 -22
leaf_value=-0.038260389478980021 0.034776116655893093 -0.017760892896764961 0.028848545276745241 -0.027844052892174682 0.0074978215120718086 -0.033841237434357879 0.0063053996590158911 -0.017847877432000493 0.041151166357963016 -0.0020513424126265573 -0.0065937634729263056 -0.01681297382850383 0.031118727368069556 0.030337489899274209 0.0074862146500017657 0.027783658436513221 -0.022537167132013203 0.0016287572981446132 0.0070857700377647583 -0.0070643252063441846 -0.012913598147664594
leaf_weight=8.4977227747440356 14.18596415221691 24.874659597873688 46.95977158844471 9.002776622772215 69.517076686024666 11.458509504795076 173.09761233627796 54.617424815893173 11.815262779593469 61.798417136073112 66.041122645139694 9.1215183734893817 13.013874366879461 16.576221942901611 34.120730459690094 14.003880545496939 99.943100452423096 40.983240619301796 8.7785252928733808 12.145209416747091 15.317662820219992
leaf_count=35 56 101 185 37 277 47 691 222 46 248 266 37 51 65 136 55 407 164 35 49 62
internal_value=0 0.00633338 0.00514329 0.0129472 0.0161704 0.00069785 0.00324767 -0.00503385 0.00238208 -0.00269566 -0.00771295 -0.0129761 0.011185 -0.000908151 -0.00805984 0.00344518 -0.0162324 0.0100318 0.0270033 -0.0203843 -0.0223284
internal_weight=815.87 361.242 347.056 125.48 116.477 221.576 197.972 454.629 120.211 99.6177 334.417 188.12 22.1354 146.298 88.7382 75.8023 165.984 57.5595 20.5938 23.6037 23.8154
internal_count=3272 1443 1387 499 462 888 792 1829 481 400 1348 761 88 587 358 303 673 229 81 96 97
is_linear=0
shrinkage=0.03


end of trees

feature_importances:
Column_31=16
Column_17=13
Column_37=13
Column_5=12
Column_18=11
Column_46=11
Column_0=10
Column_32=9
Column_47=8
Column_10=7
Column_20=7
Column_43=6
Column_9=5
Column_40=5
Column_14=4
Column_24=4
Column_25=4
Column_28=4
Column_34=4
Column_36=4
Column_38=4
Column_1=3
Column_44=3
Column_3=2
Column_4=2
Column_26=2
Column_29=2
Column_35=2
Column_7=1
Column_12=1
Column_16=1
Column_19=1
Column_23=1
Column_30=1
Column_41=1

parameters:
[boosting: gbdt]
[objective: binary]
[metric: binary_logloss]
[tree_learner: serial]
[device_type: cpu]
[data_sample_strategy: bagging]
[data: ]
[valid: ]
[num_iterations: 500]
[learning_rate: 0.03]
[num_leaves: 31]
[num_threads: 1]
[seed: 2024]
[deterministic: 0]
[force_col_wise: 0]
[force_row_wise: 0]
[histogram_pool_size: -1]
[max_depth: 5]
[min_data_in_leaf: 35]
[min_sum_hessian_in_leaf: 0.001]
[bagging_fraction: 0.8]
[pos_bagging_fraction: 1]
[neg_bagging_fraction: 1]
[bagging_freq: 0]
[bagging_seed: 4542]
[bagging_by_query: 0]
[feature_fraction: 0.8]
[feature_fraction_bynode: 1]
[feature_fraction_seed: 13336]
[extra_trees: 0]
[extra_seed: 29642]
[early_stopping_round: 0]
[early_stopping_min_delta: 0]
[first_metric_only: 0]
[max_delta_step: 0]
[lambda_l1: 0.15]
[lambda_l2: 0.15]
[linear_lambda: 0]
[min_gain_to_split: 0]
[drop_rate: 0.1]
[max_drop: 50]
[skip_drop: 0.5]
[xgboost_dart_mode: 0]
[uniform_drop: 0]
[drop_seed: 2449]
[top_rate: 0.2]
[other_rate: 0.1]
[min_data_per_group: 100]
[max_cat_threshold: 32]
[cat_l2: 10]
[cat_smooth: 10]
[max_cat_to_onehot: 4]
[top_k: 20]
[monotone_constraints: ]
[monotone_constraints_method: basic]
[monotone_penalty: 0]
[feature_contri: ]
[forcedsplits_filename: ]
[refit_decay_rate: 0.9]
[cegb_tradeoff: 1]
[cegb_penalty_split: 0]
[cegb_penalty_feature_lazy: ]
[cegb_penalty_feature_coupled: ]
[path_smooth: 0]
[interaction_constraints: ]
[verbosity: -1]
[saved_feature_importance_type: 0]
[use_quantized_grad: 0]
[num_grad_quant_bins: 4]
[quant_train_renew_leaf: 0]
[stochastic_rounding: 1]
[linear_tree: 0]
[max_bin: 255]
[max_bin_by_feature: ]
[min_data_in_bin: 3]
[bin_construct_sample_cnt: 200000]
[data_random_seed: 6648]
[is_enable_sparse: 1]
[enable_bundle: 1]
[use_missing: 1]
[zero_as_missing: 0]
[feature_pre_filter: 1]
[pre_partition: 0]
[two_round: 0]
[header: 0]
[label_column: ]
[weight_column: ]
[group_column: ]
[ignore_column: ]
[categorical_feature: ]
[forcedbins_filename: ]
[precise_float_parser: 0]
[parser_config_file: ]
[objective_seed: 12337]
[num_class: 1]
[is_unbalance: 0]
[scale_pos_weight: 1]
[sigmoid: 1]
[boost_from_average: 1]
[reg_sqrt: 0]
[alpha: 0.9]
[fair_c: 1]
[poisson_max_delta_step: 0.7]
[tweedie_variance_power: 1.5]
[lambdarank_truncation_level: 30]
[lambdarank_norm: 1]
[label_gain: ]
[lambdarank_position_bias_regularization: 0]
[eval_at: ]
[multi_error_top_k: 1]
[auc_mu_weights: ]
[num_machines: 1]
[local_listen_port: 12400]
[time_out: 120]
[machine_list_filename: ]
[machines: ]
[gpu_platform_id: -1]
[gpu_device_id: -1]
[gpu_use_dp: 0]
[num_gpu: 1]

end of parameters

pandas_categorical:null
