tree
version=v4
num_class=1
num_tree_per_iteration=1
label_index=0
max_feature_idx=31
objective=binary sigmoid:1
feature_names=Column_0 Column_1 Column_2 Column_3 Column_4 Column_5 Column_6 Column_7 Column_8 Column_9 Column_10 Column_11 Column_12 Column_13 Column_14 Column_15 Column_16 Column_17 Column_18 Column_19 Column_20 Column_21 Column_22 Column_23 Column_24 Column_25 Column_26 Column_27 Column_28 Column_29 Column_30 Column_31
feature_infos=[5.4945151461675437:92.939872522026278] [-0.30578252422816848:1.2748261817658093] [0.0021562517061897001:0.022219921850590799] [0:1] [0:1] [-0.0042433970264111999:0.0038074472752998001] [-0.0066276371993166999:0.0062551602800097004] [-0.0094150542266065:0.0095889359755103008] [0.0010469052688153577:0.0019675521494340992] [-0.0037397082172632998:0.0044043378184702] [-0.0037397082172632998:0.0044043378184702] [-0.012275390074546901:0.0096937075365162995] [0:1] [0:1] [-1:1] [0.0026150310596969001:0.0030069822229779998] [-0.0085829220823586006:0.0078981920892917997] [-1.1511766019586509:3.4922214524066373] [0:0.4666666666658888] [0.20000000000000001:1] [0.020124641879588821:85.768031499586854] none [0:0.98748613130515106] [0:0.22068462938264125] [0.66357477416204391:1.4452723824815219] [0:0.0018455249128352461] [-0.68421052631578949:0.68421052631578938] [0:0.49546627510618069] [0:1.5047655508529771] [0.10000000000000001:0.90000000000000002] [0:0.61707222500554604] [0:0.45019141113781941]
tree_sizes=2507 2392 2707 2384 2906 2495

Tree=0
num_leaves=22
num_cat=0
split_feature=31 20 16 23 7 29 1 25 25 19 23 24 5 19 8 7 6 20 23 31 27
split_gain=18.7042 19.934 18.5101 17.8471 15.7248 15.4659 12.8333 12.1851 14.7978 11.5878 23.7646 14.6836 10.2197 10.1148 14.2731 11.875 7.64766 4.6902 4.30795 3.88991 0.721534
threshold=0.099665965454292613 0.020166657100649004 -0.0015748042485386998 0.022541114658740122 0.0024863220193275001 0.37643047587888806 0.026728277483727154 0.0014365498861407661 0.0016017181414647653 0.90000000000000013 0.013955399359771846 0.90759102738911035 -0.0012892487631194498 0.25000000000000006 0.001328425975334867 0.0047443441220984513 -0.0013653421904204499 0.0201597398943766 0.034586771419135943 0.16365849560439497 0.067748861762034318
decision_type=2 2 2 2 2 2 2 2 2 2 2 2 2 2 2 2 2 2 2 2 2
left_child=3 2 -2 7 6 17 -3 9 16 10 -1 -11 -8 14 -7 -15 -9 -5 20 -6 -4
right_child=1 4 18 5 19 13 12 8 -10 11 -12 -13 -14 15 -16 -17 -18 -19 -20 -21 -22
leaf_value=0.0078355824216395521 0.0044929234662179881 -0.027571070505996165 -0.058588622074005337 -0.006080729762781443 -0.010605786183576361 -0.010410752103370538 0.033352485037249378 -0.0043197138982432621 -0.027571070505996165 -0.044738781222274628 -0.019407571749363965 -0.0042223230861174934 0.0022997499285113093 0.0060989147525968715 0.024716458739703535 -0.021843684646780038 0.016833219165296745 -0.033629416298444834 -0.023022138161780743 -0.037916288390286081 -0.040544589784832122
leaf_weight=59.530071184039116 10.531137287616728 10.817944541573523 9.4148982614278847 13.946482181549074 8.9401400983333605 12.668168291449545 11.227779537439345 22.439444810152054 10.817944541573523 17.04108664393425 55.358274817466736 15.707611367106436 61.837234184145927 335.46690988540649 52.778714179992676 14.063157439231871 46.468182161450386 9.7988572120666486 8.6274567991495115 11.730118393898008 8.5383622348308545
leaf_count=237 42 44 39 56 36 51 44 90 44 70 224 63 247 1337 208 57 184 40 35 48 35
internal_value=-3.28001e-08 -0.00989296 -0.0287491 0.00210578 -0.00312525 0.00564493 0.00261367 -0.00470286 0.00470427 -0.00981288 -0.00526044 -0.0255501 0.00719159 0.00700194 0.0178402 0.0049529 0.00988528 -0.0177772 -0.0420391 -0.0264818 -0.0506627
internal_weight=807.75 141.665 37.1119 666.085 104.553 438.722 83.883 227.363 79.7256 147.637 114.888 32.7487 73.065 414.977 65.4469 349.53 68.9076 23.7453 26.5807 20.6703 17.9533
internal_count=3231 570 151 2661 419 1749 335 912 318 594 461 133 291 1653 259 1394 274 96 109 84 74
is_linear=0
shrinkage=1


Tree=1
num_leaves=21
num_cat=0
split_feature=31 20 7 23 7 29 1 28 8 25 28 11 19 8 7 8 6 22 20 31
split_gain=17.6163 18.7864 18.093 16.7983 14.818 14.5701 12.0884 13.5398 11.5212 16.3002 10.2543 14.1374 9.51656 13.4417 11.1813 8.54314 8.20034 6.62745 4.41467 3.65801
threshold=0.099665965454292613 0.020166657100649004 -0.0027230347475410998 0.022541114658740122 0.0024863220193275001 0.37643047587888806 0.026728277483727154 1.1556678033858978 0.001497123115638528 0.0016017181414647653 0.91256058408151475 0.00086745999327435014 0.25000000000000006 0.001328425975334867 0.0047443441220984513 0.0013249832079383881 -0.0012622736459268499 0.9053195438678745 0.0201597398943766 0.16365849560439497
decision_type=2 2 2 2 2 2 2 2 2 2 2 2 2 2 2 2 2 2 2 2
left_child=3 2 -2 8 6 18 -3 -8 10 16 11 -1 13 -7 -14 -12 -10 -4 -5 -6
right_child=1 4 17 5 19 12 7 -9 9 -11 15 -13 14 -15 -16 -17 -18 -19 -20 -21
leaf_value=0.013971471500376696 0.0066227268758494284 -0.026760283100282205 -0.018802592762670618 -0.0059002686126583314 -0.010293119039453725 -0.010102325940109097 -0.0039915395487532413 0.022033137487121914 -0.0047189119390655971 -0.027450021938181152 -0.025249757545623908 -0.017669553042975749 0.0059161162077780317 0.023980787852597385 -0.021197783854701557 -0.0077367421844689293 0.022100871221153524 -0.051242966732889632 -0.032644894051915049 -0.036806322277566493
leaf_weight=34.031313553452492 9.786914795637129 10.815889075398443 9.3856707960367221 13.946353435516359 8.9398883879184741 12.667824834585188 42.150453686714172 30.911355793476105 14.205115407705305 10.073988214135168 38.161973208189011 20.033249527215958 335.46378466486931 52.770655632019043 14.061480492353438 76.627811148762703 34.208989799022675 17.926489889621735 9.7960870265960676 11.725903749465941
leaf_count=135 39 44 38 56 36 51 169 122 57 41 155 81 1337 208 57 308 135 74 40 48
internal_value=0 -0.00960463 -0.0279142 0.00204074 -0.00303349 0.00547447 0.00253589 0.00698023 -0.00456485 0.00685517 -0.00854974 0.00214766 0.00679179 0.0173062 0.00480382 -0.0136235 0.0141488 -0.0404225 -0.0172591 -0.0257099
internal_weight=807.691 141.643 37.0991 666.049 104.543 438.706 83.8777 73.0618 227.342 58.4881 168.854 54.0646 414.964 65.4385 349.525 114.79 48.4141 27.3122 23.7424 20.6658
internal_count=3231 570 151 2661 419 1749 335 291 912 233 679 216 1653 259 1394 463 192 112 96 84
is_linear=0
shrinkage=0.03


Tree=2
num_leaves=24
num_cat=0
split_feature=17 30 25 17 8 19 3 17 14 7 17 18 17 11 7 14 2 22 24 19 24 6 25
split_gain=17.497 14.0171 29.7334 14.4409 25.0815 11.9615 22.2701 14.5807 26.6724 14.2934 14.0307 13.4621 11.3384 18.3064 9.61835 8.18151 7.5248 7.37539 5.85237 5.66921 5.59007 2.86591 1.57596
threshold=0.55661245065915643 0.22004754125410511 0.0014630064369890573 -0.30612808817336806 0.0013413501433753507 0.25000000000000006 1.0000000180025095e-35 0.12625981918493467 1.0000000180025095e-35 -0.0032268345555091496 -0.0096578597211666988 0.091666666666513866 0.91908139568477665 -0.00016469886943689996 0.0016332666045753503 1.0000000180025095e-35 0.0070916680194662513 0.91233224305178462 1.0112853552764911 0.50000000000000011 0.91069946429688098 0.0013872960560199004 0.0014949373688630007
decision_type=2 2 2 2 2 2 2 2 2 2 2 2 2 2 2 2 2 2 2 2 2 2 2
left_child=1 5 3 16 -5 7 9 8 -1 -7 -8 -9 15 17 22 19 -3 -14 21 -2 -21 -15 -4
right_child=12 2 14 4 -6 6 10 11 -10 -11 -12 -13 13 18 -16 -17 -18 -19 -20 20 -22 -23 -24
leaf_value=0.039469653973020956 0.04932278314350922 -0.0019755809100185902 0.026368954178765263 -0.021521930708182424 0.036664968207624632 -0.0092156786240277008 -0.0092773935957235192 -0.034698261531109206 8.6349414220480943e-06 0.0031778882239095951 -0.030281125396179966 0.011118377457607891 0.041470043458814908 -0.032142453839358841 0.0061446560315845614 0.002672173151017324 -0.036820451206703519 0.0034504440530877161 0.0065979923016820331 0.0098489391267895486 0.04005155631067453 -0.0083376008987671463 0.044493923120074552
leaf_weight=23.553688645362854 10.052757218480108 9.7345680296421069 8.8928080797195452 12.336258277297022 14.059742555022238 126.02354617416859 117.79530449211597 12.486096411943437 44.74494406580925 248.42917276918888 38.287671163678169 10.320839270949362 10.259652867913248 11.520483359694486 12.047677576541899 14.274753987789152 13.93636395037174 8.7670985609292966 8.7870151698589307 15.08641277253628 9.2243762761354429 8.6937585622072202 18.240781411528587
leaf_count=92 39 39 35 50 55 507 474 51 179 992 156 41 40 47 48 57 57 35 35 60 36 35 71
internal_value=0 -0.00163464 0.00946054 -0.00578336 0.00933366 -0.00323669 -0.00496618 0.00677693 0.0137397 -0.000983223 -0.0144826 -0.0138316 0.0119594 0.00150628 0.0290018 0.0221527 -0.0227822 0.0243501 -0.0133746 0.0300679 0.0216682 -0.0222622 0.0388962
internal_weight=807.556 710.889 89.2482 50.0669 26.396 621.641 530.536 91.1056 68.2986 374.453 156.083 22.8069 96.6663 48.028 39.1813 48.6383 23.6709 19.0268 29.0013 34.3635 24.3108 20.2142 27.1336
internal_count=3231 2847 355 201 105 2492 2129 363 271 1499 630 92 384 192 154 192 96 75 117 135 96 82 106
is_linear=0
shrinkage=0.03


Tree=3
num_leaves=21
num_cat=0
split_feature=17 31 28 7 25 19 2 24 28 23 19 0 2 25 6 17 2 29 1 2
split_gain=16.4936 19.639 16.3468 16.3357 17.2347 15.983 14.93 15.535 14.5988 13.2337 18.1546 11.6831 11.0931 16.7426 16.0785 12.6546 8.67031 7.34983 6.61613 4.97681
threshold=0.55661245065915643 0.099665965454292613 1.1637915509946828 -0.0032268345555091496 0.001450096929757955 0.25000000000000006 0.0075035518700908516 0.92547717584629663 0.86165579851565466 0.01848612522070683 0.50000000000000011 54.283196640523336 0.0038852986820611508 0.0013627853317096825 -0.00015731826469044996 1.3933827776309278 0.006242331030178001 0.73973647362409667 0.014492488283776353 0.0062284172760243015
decision_type=2 2 2 2 2 2 2 2 2 2 2 2 2 2 2 2 2 2 2 2
left_child=1 3 11 6 5 -5 18 -8 -6 -4 -11 16 -2 14 -14 17 -3 -15 -1 -13
right_child=12 2 9 4 8 -7 7 -9 -10 10 -12 19 13 15 -16 -17 -18 -19 -20 -21
leaf_value=-0.0020609900853159543 0.039851383397872739 -0.023298375074798667 0.03261406730078676 0.014048466376891656 -0.0073473236754882897 -0.0040928919474778197 -0.013003204279295865 0.014769698161767016 0.015549529082954304 0.020590143201939384 -0.025633436795338967 -0.020138030241624829 0.019375788201380716 0.029098627467423772 -0.030390364975521389 -0.011302283216226153 0.00034877096464133305 9.0079976324349345e-05 -0.02762817466236353 -0.049205910716901405
leaf_weight=12.477962911128996 11.016738727688788 30.774738475680351 9.9434467107057554 52.682645127177238 30.609637290239334 252.07524359226227 39.425788551568985 33.284413620829582 130.70678712427616 12.650380507111551 18.687877908349037 9.8603111654520053 8.8555095940828341 38.66374459862709 16.195656388998032 11.654953941702841 24.748822227120399 10.249678626656531 38.344195604324341 14.539436027407644
leaf_count=50 43 125 39 209 123 1011 159 132 518 50 76 40 35 152 66 47 99 41 156 60
internal_value=0 -0.00158523 -0.0125775 0.00066943 0.00324768 -0.000936719 -0.00901379 -0.000223659 0.0111742 0.00265185 -0.00682216 -0.0204901 0.0116152 0.00786618 -0.012609 0.0164191 -0.0127046 0.0231305 -0.0214637 -0.0378373
internal_weight=807.448 710.812 121.205 589.607 466.074 304.758 123.532 72.7102 161.316 41.2817 31.3383 79.9233 96.6363 85.6195 25.0512 60.5684 55.5236 48.9134 50.8222 24.3997
internal_count=3231 2847 489 2358 1861 1220 497 291 641 165 126 324 384 341 101 240 224 193 206 100
is_linear=0
shrinkage=0.03


Tree=4
num_leaves=26
num_cat=0
split_feature=23 24 25 17 24 16 19 29 16 17 7 7 7 17 18 20 28 1 22 22 16 17 22 18 27
split_gain=16.0125 22.3829 20.0807 14.7738 15.3441 18.5861 17.4497 14.6379 13.992 13.9268 11.4198 19.9956 13.3086 11.1968 12.8902 11.1087 10.5187 8.93574 8.73739 8.68811 7.66013 7.50254 5.22191 5.14076 2.74871
threshold=0.044935843587131923 0.96178708396172674 0.0014334533159660061 -0.50375476557459742 0.85679351460969222 -0.0013580318826737498 0.90000000000000013 0.57596257928128558 -0.0022199297800721998 -0.74193863250256376 -0.0031556281578308996 0.0037443897434981505 -0.006636334603266349 0.58014478278684833 0.091666666666513866 0.020157999879426913 0.84739869141105417 0.45499253136283963 0.81655487480264644 0.9360039494406357 0.0013389554784241002 -0.40905332944080114 0.94350408753188419 0.058333333333236058 0.077328210714087006
decision_type=2 2 2 2 2 2 2 2 2 2 2 2 2 2 2 2 2 2 2 2 2 2 2 2 2
left_child=2 13 3 7 6 -6 -5 22 -9 19 12 -12 -11 14 16 -15 -2 24 20 -4 -19 -16 -1 -20 -3
right_child=1 17 9 4 5 -7 -8 8 -10 10 11 -13 -14 15 21 -17 -18 18 23 -21 -22 -23 -24 -25 -26
leaf_value=0.013559480246490788 0.016108734040972655 0.023121124283733439 0.0095659484071480404 0.020414219715173182 0.0050489660700819622 -0.014265577394859801 -0.020366019292735127 0.0019709760654126511 -0.03960403971186726 0.022562764076661235 0.01249013408820236 -0.01438562723745521 -0.014372731610762057 -0.0044584756110896484 -0.010687122917132721 0.038167814784498051 -0.010232695879463533 0.0028290438250368035 0.013211412556529892 0.046600009467523108 0.039368614975769677 0.018088125075494402 -0.016255932048273327 -0.017522337207535009 0.045427043515260224
leaf_weight=11.340799301862718 15.400810331106184 10.650201499462129 14.078553676605226 37.932624042034149 65.168890371918678 141.15259552001953 12.325644940137861 9.0095911026000959 33.667548507452011 10.13150519132614 107.01985415816307 32.192896902561188 57.720471039414406 8.9688260257244128 10.178467631340025 13.303064525127409 106.06088022887707 8.7664898782968539 9.5756552666425723 10.034609928727148 13.570015028119085 36.388481557369232 9.6398658007383329 9.6402504593133909 13.364114880561827
leaf_count=45 61 42 56 150 260 570 50 36 138 40 425 130 233 36 41 52 427 35 38 39 53 144 39 39 52
internal_value=0 0.00619666 -0.00288177 -0.0077491 -0.00451106 -0.00814384 0.0102929 -0.0206886 -0.0307459 0.00384185 0.00129824 0.00623404 -0.00875383 0.000958408 -0.00167256 0.0208866 -0.00683997 0.0212948 0.0126325 0.0253558 0.0253425 0.0116881 0 -0.00199105 0.0359257
internal_weight=807.283 255.867 551.415 320.238 256.58 206.321 50.2583 63.6578 42.6771 231.178 207.065 139.213 67.852 190.301 168.029 22.2719 121.462 65.5667 41.5524 24.1132 22.3365 46.5669 20.9807 19.2159 24.0143
internal_count=3231 1020 2211 1288 1030 830 200 258 174 923 828 555 273 761 673 88 488 259 165 95 88 185 84 77 94
is_linear=0
shrinkage=0.03


Tree=5
num_leaves=22
num_cat=0
split_feature=31 20 7 23 29 7 1 28 24 19 25 2 25 2 19 8 7 23 23 20 31
split_gain=15.5534 16.937 16.624 14.6988 13.6216 13.0349 11.0761 12.1932 10.6728 25.2682 15.3742 12.2001 12.1655 9.63076 8.32511 12.2035 10.0456 7.57019 5.25585 3.48227 3.42302
threshold=0.099665965454292613 0.020166657100649004 -0.0027230347475410998 0.022541114658740122 0.37006224458605552 0.0024863220193275001 0.026728277483727154 1.1556678033858978 0.8923244156279454 0.90000000000000013 0.0013915713761500496 0.0088079079604403508 0.0015698759718173188 0.011018242861468403 0.25000000000000006 0.001328425975334867 0.0047443441220984513 0.013020591000215869 0.038621386094490361 0.0201597398943766 0.16365849560439497
decision_type=2 2 2 2 2 2 2 2 2 2 2 2 2 2 2 2 2 2 2 2 2
left_child=3 2 -2 8 19 6 -3 -8 9 12 -11 17 -1 -13 15 -6 -16 -10 -4 -5 -7
right_child=1 5 18 4 14 20 7 -9 11 10 -12 13 -14 -15 16 -17 -18 -19 -20 -21 -22
leaf_value=0.015891324059724887 0.0066444335613282286 -0.025624864796385045 -0.047578067875148303 -0.0073997017979933336 -0.0099355335716937391 -0.0091783224109085373 -0.0037195809347430092 0.020982358217631836 -0.0067990551190636487 -0.052573405194454803 -0.0044151340599903333 0.018065286316185335 -0.019001791772977068 -0.012577108578531023 0.0055508501531457127 0.022525517546213656 -0.020155737333246129 -0.024783588701120431 -0.017827436541434923 -0.032365527851607713 -0.034826868501029014
leaf_weight=68.114270567893982 9.7836484313011152 10.803314313292502 18.597792193293575 13.181924238801004 12.664010629057882 8.9315220713615435 42.133339390158653 30.880317434668541 40.800202459096909 9.6465310007333773 15.933795690536497 20.212532207369804 10.117299407720564 16.612350434064865 336.83825880289078 52.931910812854767 14.048701763153074 45.755179956555367 8.6345479786396009 8.8045890778303129 11.6926853954792
leaf_count=270 39 44 77 53 51 36 169 122 164 40 64 80 41 67 1343 209 57 186 35 36 48
internal_value=0 -0.00903024 -0.0264378 0.00191852 0.00513155 -0.00278858 0.00243114 0.00668792 -0.00426195 0.00279106 -0.0229515 -0.0102289 0.0112936 0.00412532 0.00635636 0.0161817 0.00450063 -0.0163844 -0.0384587 -0.0177522 -0.0240826
internal_weight=807.119 141.457 37.016 665.662 438.469 104.441 83.817 73.0137 227.192 103.812 25.5803 123.38 78.2316 36.8249 416.483 65.5959 350.887 86.5554 27.2323 21.9865 20.6242
internal_count=3231 570 151 2661 1749 419 335 291 912 415 104 497 311 147 1660 260 1400 350 112 89 84
is_linear=0
shrinkage=0.03


end of trees

feature_importances:
Column_7=14
Column_17=11
Column_19=10
Column_25=10
Column_23=9
Column_2=7
Column_20=7
Column_24=7
Column_31=7
Column_8=6
Column_28=6
Column_1=5
Column_22=5
Column_29=5
Column_6=4
Column_16=4
Column_18=3
Column_11=2
Column_14=2
Column_27=2
Column_0=1
Column_3=1
Column_5=1
Column_30=1

parameters:
[boosting: gbdt]
[objective: binary]
[metric: binary_logloss]
[tree_learner: serial]
[device_type: cpu]
[data_sample_strategy: bagging]
[data: ]
[valid: ]
[num_iterations: 500]
[learning_rate: 0.03]
[num_leaves: 31]
[num_threads: 1]
[seed: 137]
[deterministic: 0]
[force_col_wise: 0]
[force_row_wise: 0]
[histogram_pool_size: -1]
[max_depth: 5]
[min_data_in_leaf: 35]
[min_sum_hessian_in_leaf: 0.001]
[bagging_fraction: 0.8]
[pos_bagging_fraction: 1]
[neg_bagging_fraction: 1]
[bagging_freq: 0]
[bagging_seed: 5691]
[bagging_by_query: 0]
[feature_fraction: 0.8]
[feature_fraction_bynode: 1]
[feature_fraction_seed: 22311]
[extra_trees: 0]
[extra_seed: 25471]
[early_stopping_round: 0]
[early_stopping_min_delta: 0]
[first_metric_only: 0]
[max_delta_step: 0]
[lambda_l1: 0.15]
[lambda_l2: 0.15]
[linear_lambda: 0]
[min_gain_to_split: 0]
[drop_rate: 0.1]
[max_drop: 50]
[skip_drop: 0.5]
[xgboost_dart_mode: 0]
[uniform_drop: 0]
[drop_seed: 11029]
[top_rate: 0.2]
[other_rate: 0.1]
[min_data_per_group: 100]
[max_cat_threshold: 32]
[cat_l2: 10]
[cat_smooth: 10]
[max_cat_to_onehot: 4]
[top_k: 20]
[monotone_constraints: ]
[monotone_constraints_method: basic]
[monotone_penalty: 0]
[feature_contri: ]
[forcedsplits_filename: ]
[refit_decay_rate: 0.9]
[cegb_tradeoff: 1]
[cegb_penalty_split: 0]
[cegb_penalty_feature_lazy: ]
[cegb_penalty_feature_coupled: ]
[path_smooth: 0]
[interaction_constraints: ]
[verbosity: -1]
[saved_feature_importance_type: 0]
[use_quantized_grad: 0]
[num_grad_quant_bins: 4]
[quant_train_renew_leaf: 0]
[stochastic_rounding: 1]
[linear_tree: 0]
[max_bin: 255]
[max_bin_by_feature: ]
[min_data_in_bin: 3]
[bin_construct_sample_cnt: 200000]
[data_random_seed: 486]
[is_enable_sparse: 1]
[enable_bundle: 1]
[use_missing: 1]
[zero_as_missing: 0]
[feature_pre_filter: 1]
[pre_partition: 0]
[two_round: 0]
[header: 0]
[label_column: ]
[weight_column: ]
[group_column: ]
[ignore_column: ]
[categorical_feature: ]
[forcedbins_filename: ]
[precise_float_parser: 0]
[parser_config_file: ]
[objective_seed: 12927]
[num_class: 1]
[is_unbalance: 0]
[scale_pos_weight: 1]
[sigmoid: 1]
[boost_from_average: 1]
[reg_sqrt: 0]
[alpha: 0.9]
[fair_c: 1]
[poisson_max_delta_step: 0.7]
[tweedie_variance_power: 1.5]
[lambdarank_truncation_level: 30]
[lambdarank_norm: 1]
[label_gain: ]
[lambdarank_position_bias_regularization: 0]
[eval_at: ]
[multi_error_top_k: 1]
[auc_mu_weights: ]
[num_machines: 1]
[local_listen_port: 12400]
[time_out: 120]
[machine_list_filename: ]
[machines: ]
[gpu_platform_id: -1]
[gpu_device_id: -1]
[gpu_use_dp: 0]
[num_gpu: 1]

end of parameters

pandas_categorical:null
