tree
version=v4
num_class=1
num_tree_per_iteration=1
label_index=0
max_feature_idx=41
objective=binary sigmoid:1
feature_names=Column_0 Column_1 Column_2 Column_3 Column_4 Column_5 Column_6 Column_7 Column_8 Column_9 Column_10 Column_11 Column_12 Column_13 Column_14 Column_15 Column_16 Column_17 Column_18 Column_19 Column_20 Column_21 Column_22 Column_23 Column_24 Column_25 Column_26 Column_27 Column_28 Column_29 Column_30 Column_31 Column_32 Column_33 Column_34 Column_35 Column_36 Column_37 Column_38 Column_39 Column_40 Column_41
feature_infos=[5.9221654284829839:93.946469290507679] [-101.06299142361968:135.7850241117485] [-0.14799228160609801:1.270905598283028] [0.0026180070059489001:0.019315111438081501] [0:1] [0:1] [-0.0035812051979317999:0.0038706291653379001] [-0.0057034655560057003:0.0075058646871412] [-0.0084640682897114006:0.0116089496887338] [0.0011333003872677:0.0018960029719054001] [-0.0032031982402486998:0.0037570540297474] [-1:1] [0.00057650230107539997:0.0034171381893766] [-0.0032031982402486998:0.0037570540297474] [-0.005383605650693:0.0057112154397102001] [-0.0053148727047478:0.0077545797622108996] [-0.0085677419968782:0.0103130487114288] [0:1] [0:1] [0:1] [-1:1] [-0.0036148866632161:0.0041087310720902001] [-0.00062338931505449998:0.00076498484079459998] [-1:1] [0.00051240434549780002:0.0022117786898386998] [0:1] [-0.00011712413657139999:0.0001277243805646] [0.0026165773377970999:0.002933896884439] [-0.57251558970864602:-0.32749906864480138] [0:0.97464548024238085] [-3.5037447954327128:4.653861711941139] [0.020520260838603002:1] [-0.0068198123145799998:0.0085958966618206994] [-0.0070133821876512004:0.0081673129017723004] [-1:1] [0:1] [0:1] none none [0:1] [0.20000000000000001:0.69999999999999996] [0.050458035274847074:0.93827109995252655]
tree_sizes=1263 986 989 986 1319 996 1098 1302 986 995 1313 1412 890 1312 996 992 1006 789 997 1411 1100 789 1311 785 897 898 783 1117 785 687 787 902 788 792 1306 685 998 786 1215 1213 679 890 887 798 1009 686 682 877 1095 673

Tree=0
num_leaves=11
num_cat=0
split_feature=41 41 9 29 28 35 22 24 28 2
split_gain=21.8485 20.2706 9.78704 12.9253 6.90656 6.14867 4.31986 2.89743 1.994 0.452526
threshold=0.24354592730872471 0.76488539816449019 0.0014211309962123002 0.58867681598922184 -0.44866402008254141 1.0000000180025095e-35 0.00013740902593005003 0.0011666474852093502 -0.47711817557224484 0.79909824736631929
decision_type=2 2 2 2 2 2 2 2 2 2
left_child=6 2 5 -4 8 -2 7 -1 -3 -8
right_child=1 4 3 -5 -6 -7 9 -9 -10 -11
leaf_value=0.5529106675192309 0.51634250357907785 0.54230521131059894 0.42814672568402257 0.54454337577021283 0.47806989131968042 0.45878049474094407 0.5711327695504258 0.46960962966233993 0.60497381617978774 0.60497381617978774
leaf_weight=6.1463820040226 19.857541859149933 6.3827813118696222 78.720969513058662 6.6191806197166434 7.5647778511047354 29.549913480877876 4.7279861569404584 4.7279861569404602 6.6191806197166452 5.4371840804815292
leaf_count=26 84 27 333 28 32 125 20 20 28 23
internal_value=0.475235 0.464871 0.45358 0.437175 0.538848 0.481915 0.551741 0.516693 0.574209 0.589234
internal_weight=176.354 155.314 134.748 85.3402 20.5667 49.4075 21.0395 10.8744 13.002 10.1652
internal_count=746 657 570 361 87 209 89 46 55 43
is_linear=0
shrinkage=1


Tree=1
num_leaves=8
num_cat=0
split_feature=24 41 41 30 14 14 14
split_gain=20.5866 18.4694 21.6092 9.51544 4.05664 2.84643 3.65347
threshold=0.0018654500971316502 0.76488539816449019 0.24354592730872471 -1.2456250635586958 0.0014097161408725503 0.0013581660770073502 -0.0013904441476017498
decision_type=2 2 2 2 2 2 2
left_child=1 2 4 -4 -1 6 -3
right_child=-2 5 3 -5 -6 -7 -8
leaf_value=0.090993699088571009 -0.14946484942442093 0.1115783670485691 -0.057551661417336225 -0.0049782317774254422 0.0060668958474442702 0.12639078269644552 0.024833054811281233
leaf_weight=15.983549296855928 5.7045225799083701 5.12803938984871 28.024105459451675 103.06484903395176 4.645919829607009 5.8021183460950843 7.885861963033677
leaf_count=69 24 22 118 434 20 25 34
internal_value=3.05893e-05 0.00503134 -0.00424026 -0.0162173 0.0718675 0.0797907 0.0590145
internal_weight=176.239 170.534 151.718 131.089 20.6295 18.816 13.0139
internal_count=746 722 641 552 89 81 56
is_linear=0
shrinkage=0.08


Tree=2
num_leaves=8
num_cat=0
split_feature=24 41 41 41 16 10 14
split_gain=16.9284 16.0315 18.6012 8.21023 4.10247 2.73149 2.99865
threshold=0.0018654500971316502 0.76488539816449019 0.24354592730872471 0.60045562000475272 -0.00059048576335229985 0.00071398116038355012 -0.0013904441476017498
decision_type=2 2 2 2 2 2 2
left_child=1 2 4 -4 -1 6 -3
right_child=-2 5 3 -5 -6 -7 -8
leaf_value=0.0087428440705026172 -0.13357383883494114 0.10521614697442422 -0.02859657334867146 0.014222401414893534 0.089667713804677321 0.12167141931258509 0.024965848853196193
leaf_weight=5.5141138732433346 5.8649133145809165 4.738470822572709 89.349838763475418 42.192412108182907 14.690504133701323 5.6216490715742102 8.0299093872308731
leaf_count=24 24 21 375 177 65 25 35
internal_value=5.72911e-05 0.00466379 -0.00388508 -0.0148623 0.0675822 0.0752055 0.0547475
internal_weight=176.002 170.137 151.747 131.542 20.2046 18.39 12.7684
internal_count=746 722 641 552 89 81 56
is_linear=0
shrinkage=0.08


Tree=3
num_leaves=8
num_cat=0
split_feature=24 41 41 30 22 32 8
split_gain=14.101 13.9464 16.0334 7.99925 3.82922 2.57606 1.22317
threshold=0.0018654500971316502 0.76488539816449019 0.24354592730872471 -1.2456250635586958 0.00013740902593005003 -0.0012265486030710998 0.0027318197469196003
decision_type=2 2 2 2 2 2 2
left_child=1 2 4 -4 -1 -3 -7
right_child=-2 5 3 -5 -6 6 -8
leaf_value=0.030215948859429794 -0.12090059539028492 0.034798157040218783 -0.051216758730597091 -0.0033044603449501483 0.10073768632459247 0.11932938263774809 0.064046293747895139
leaf_weight=10.398223206400873 5.9568826854228965 7.386829316616061 28.42519822716713 103.52124302089214 9.3664359599351865 6.1747284531593305 4.3772146701812744
leaf_count=46 24 33 118 434 43 28 20
internal_value=7.88421e-05 0.00432677 -0.0035606 -0.0136262 0.0636361 0.0710316 0.0963965
internal_weight=175.607 169.65 151.711 131.946 19.7647 17.9388 10.5519
internal_count=746 722 641 552 89 81 48
is_linear=0
shrinkage=0.08


Tree=4
num_leaves=11
num_cat=0
split_feature=41 41 24 8 10 16 26 14 14 21
split_gain=12.1679 11.0602 16.5237 9.68246 9.57404 6.14608 5.33149 3.80143 4.87826 0.142172
threshold=0.24354592730872471 0.60045562000475272 0.0017256016700927502 -0.0021878745709476496 0.0011396336139431501 -0.0024213293450129499 2.0381155230747137e-05 0.0014097161408725503 -0.00059646538540484987 -0.00048492473527504996
decision_type=2 2 2 2 2 2 2 2 2 2
left_child=7 3 6 5 -5 -2 -3 8 -1 -10
right_child=1 2 -4 4 -6 -7 -8 -9 9 -11
leaf_value=0.0083066964828131147 -0.040022235568278719 0.011347944927950318 -0.10900443440378398 -0.0013619293146212867 -0.077866877632208772 -0.14428247638826971 0.06094722114972264 -0.0048485960127887771 0.097732029240423346 0.11667764008670052
leaf_weight=4.3622498661279687 8.5278435945510846 34.180333450436592 5.9092442542314521 65.041697025299072 12.477016672492026 6.2858712524175635 23.341996788978577 4.4532610774040213 4.2783243954181671 6.2211539596319199
leaf_count=20 35 147 24 271 52 26 102 20 20 29
internal_value=9.5056e-05 -0.00733161 0.0183879 -0.0250007 -0.0136758 -0.0842628 0.0314748 0.0599867 0.0794144 0.108958
internal_weight=175.079 155.764 63.4316 92.3324 77.5187 14.8137 57.5223 19.315 14.8617 10.4995
internal_count=746 657 273 384 323 61 249 89 69 49
is_linear=0
shrinkage=0.08


Tree=5
num_leaves=8
num_cat=0
split_feature=24 41 41 33 16 14 16
split_gain=10.6671 11.3981 12.0403 6.52483 3.6521 2.48904 3.28695
threshold=0.0018654500971316502 0.76488539816449019 0.24354592730872471 -0.0031300004288341995 -0.00059048576335229985 0.0013581660770073502 -0.0018755453908981497
decision_type=2 2 2 2 2 2 2
left_child=1 2 4 -4 -1 6 -3
right_child=-2 5 3 -5 -6 -7 -8
leaf_value=0.00052733901629174924 -0.10476562108057502 0.090218385926619113 -0.061118718110586195 -0.0053235346025618611 0.078700636850941794 0.11228517882292836 0.0068758690759269207
leaf_weight=5.3316043913364437 5.9932984411716452 5.674310266971589 15.146644085645674 117.25833371281624 13.533210605382918 5.1059056818485251 6.4954235106706628
leaf_count=24 24 26 62 490 65 25 30
internal_value=0.000114165 0.00384358 -0.00318694 -0.0117063 0.0566072 0.0654046 0.0457355
internal_weight=174.539 168.545 151.27 132.405 18.8648 17.2756 12.1697
internal_count=746 722 641 552 89 81 56
is_linear=0
shrinkage=0.08


Tree=6
num_leaves=9
num_cat=0
split_feature=24 41 41 8 14 12 8 16
split_gain=9.16821 10.0068 10.469 5.54694 3.54124 2.4175 2.80421 0.525094
threshold=0.0018848580196419503 0.76488539816449019 0.24354592730872471 -0.0019507169191773997 0.0014097161408725503 0.0014052384553199001 1.0000000180025095e-35 -0.00053725883409734988
decision_type=2 2 2 2 2 2 2 2
left_child=1 2 4 -4 -1 6 -3 -7
right_child=-2 5 3 -5 -6 7 -8 -9
leaf_value=0.072931144776618856 -0.10426415334223914 -0.013514568266472982 -0.043639028302866763 -0.0027982791336039993 -0.0095774157807888352 0.1132159711777625 0.077577077456328608 0.072650137114155175
leaf_weight=14.062597766518595 5.2228446751832953 4.2879270911216754 26.579576373100281 106.82029055058956 4.3617909401655188 4.1210620403289795 4.3642868101596832 4.0483503341674787
leaf_count=69 21 20 109 446 20 20 21 20
internal_value=0.000125116 0.00335798 -0.00312857 -0.0109357 0.0533981 0.0619026 0.0324332 0.0931136
internal_weight=173.869 168.646 151.824 133.4 18.4244 16.8216 8.65221 8.16941
internal_count=746 725 644 555 89 81 41 40
is_linear=0
shrinkage=0.08


Tree=7
num_leaves=11
num_cat=0
split_feature=41 28 41 1 24 41 0 7 14 16
split_gain=7.9175 8.5732 8.05313 8.00404 7.52561 11.3842 6.93535 3.57591 2.4203 0.190839
threshold=0.24354592730872471 -0.45776674759146024 0.66395046636631505 29.7669148333589 0.0018267948049715502 0.61912292144380232 42.137424507852863 -0.00035626440925944997 0.00094967755942795015 0.0017263046354971002
decision_type=2 2 2 2 2 2 2 2 2 2
left_child=7 2 3 -2 5 -3 -4 -1 9 -9
right_child=1 4 6 -5 -6 -7 -8 8 -10 -11
leaf_value=-0.013343708906646328 -0.016651657829132634 -0.043593383873242686 -0.0078153105943807137 0.057284370575171314 -0.11906518525892525 0.025770123771064597 0.086853127325231372 0.10987133478968755 0.030119509637342761 0.085191614975747121
leaf_weight=4.2939781546592739 50.799884825944901 42.438604816794395 7.6395560055971172 11.490376651287077 5.1707731485366812 23.544755443930626 14.081678122282026 4.3278777748346311 5.6400474011898032 3.7364739328622818
leaf_count=20 211 175 34 48 21 103 65 22 27 20
internal_value=0.000133415 -0.00569263 0.0116133 -0.00301304 -0.0261257 -0.0188425 0.0535574 0.0503603 0.0703206 0.0984364
internal_weight=173.164 155.166 84.0115 62.2903 71.1541 65.9834 21.7212 17.9984 13.7044 8.06435
internal_count=746 657 358 259 299 278 99 89 69 42
is_linear=0
shrinkage=0.08


Tree=8
num_leaves=8
num_cat=0
split_feature=8 28 41 29 30 16 1
split_gain=7.19916 6.96982 7.87406 7.61138 6.24725 6.22338 6.00878
threshold=0.0060131090016094504 -0.45776674759146024 0.20433793102476436 0.57581842300330599 -1.0904156055171221 -0.0032047760679210498 -3.6805123320191337
decision_type=2 2 2 2 2 2 2
left_child=1 4 -3 -4 5 -1 -6
right_child=-2 2 3 -5 6 -7 -8
leaf_value=0.021796445357181286 0.076921401915953952 0.089577997633228781 -0.035166204381003971 0.0564423645630307 0.069460912102400255 -0.060409582549937932 0.011502503457350115
leaf_weight=10.768977954983713 7.4775248616933814 3.9026180058717719 65.824426427483559 6.3659575134515753 14.828881680965422 13.019285917282103 50.213810503482819
leaf_count=45 36 20 278 27 65 55 220
internal_value=0.000145781 -0.00333517 -0.0211044 -0.0270879 0.011886 -0.0231948 0.0247163
internal_weight=172.401 164.924 76.093 72.1904 88.831 23.7883 65.0427
internal_count=746 710 325 305 385 100 285
is_linear=0
shrinkage=0.08


Tree=9
num_leaves=8
num_cat=0
split_feature=24 41 41 24 24 10 16
split_gain=6.64984 7.82785 7.32032 5.58053 3.57854 2.34486 3.08226
threshold=0.0018848580196419503 0.76488539816449019 0.24354592730872471 0.0013444166441170502 0.0013691121291250002 0.00071398116038355012 -0.0018755453908981497
decision_type=2 2 2 2 2 2 2
left_child=1 2 4 -4 -1 6 -3
right_child=-2 5 3 -5 -6 -7 -8
leaf_value=0.069957749731027197 -0.090000135062926215 0.082755641699639462 -0.019216309024695479 0.01731104701027775 -0.0093386309044680531 0.10507826416381461 -0.00053219775991674215
leaf_weight=12.136451214551927 5.0816867649555197 5.1708725690841666 96.5507503002882 37.036262944340706 5.2041722685098639 4.499785602092742 6.3186251670122138
leaf_count=63 21 25 402 153 26 25 31
internal_value=0.000152674 0.00289732 -0.00274154 -0.0090893 0.0461598 0.0561242 0.0369517
internal_weight=171.999 166.917 150.928 133.587 17.3406 15.9893 11.4895
internal_count=746 725 644 555 89 81 56
is_linear=0
shrinkage=0.08


Tree=10
num_leaves=11
num_cat=0
split_feature=27 41 41 28 9 7 8 16 27 6
split_gain=6.27731 9.04457 8.30279 7.47242 8.92735 7.46354 6.69364 4.66105 3.21658 0.547936
threshold=0.0027711535557606005 0.24354592730872471 0.61230614281547924 -0.45776674759146024 0.0014421976216112003 0.0015995886900889002 -0.0037092700311403492 0.00070151434847525015 0.0026817685197431502 0.0006054837424005001
decision_type=2 2 2 2 2 2 2 2 2 2
left_child=1 8 5 4 -3 -2 -5 -4 -1 -10
right_child=2 3 7 6 -6 -7 -8 -9 9 -11
leaf_value=0.013951141869098529 -0.11945009068185597 0.0035272568311819474 0.068728996524119165 0.068626914659852573 0.076275246319243803 -0.00040322227403643684 -0.031623565973925946 -0.040501959454045326 0.10945011215291375 0.071426384393254369
leaf_weight=5.0926419496536246 9.2190174311399478 64.590543821454048 5.4473070502281171 4.6631020307540885 12.962560340762137 5.3128101378679267 49.6232078820467 4.6212173998355865 5.3868590146303159 4.4120896756649017
leaf_count=27 38 277 24 20 57 23 208 20 28 24
internal_value=0.000157277 0.00642728 -0.0372407 -0.000248018 0.0156867 -0.0759268 -0.0230122 0.0185945 0.0655256 0.0923295
internal_weight=171.331 146.731 24.6004 131.839 77.5531 14.5318 54.2863 10.0685 14.8916 9.79895
internal_count=746 641 105 562 334 61 228 44 79 52
is_linear=0
shrinkage=0.08


Tree=11
num_leaves=12
num_cat=0
split_feature=1 9 29 24 14 41 27 29 21 22 3
split_gain=6.05155 7.21721 11.0676 8.15222 6.60055 6.65148 4.7872 4.70843 5.90874 4.34925 0.355323
threshold=37.239717095326348 0.0014211309962123002 0.58867681598922184 0.0018654500971316502 -0.00076941842280169991 0.46361915225060585 0.0027067692850826007 0.34954470677820587 8.6976827461678755e-05 -0.00028534668605744996 0.011137598797020301
decision_type=2 2 2 2 2 2 2 2 2 2 2
left_child=1 7 3 -3 -2 10 -7 9 -9 -1 -6
right_child=4 2 -4 -5 5 6 -8 8 -10 -11 -12
leaf_value=-0.024185023488678552 -0.046987598629832886 -0.022077859821689982 0.073927440152410526 -0.13033511608783138 0.12480291204906152 -0.037720960615198494 0.063510152130473493 -0.047481209085818633 0.041899873700652943 0.048902444789710703 0.091812094977231667
leaf_weight=6.4223177134990683 4.9333098679780987 78.988127157092094 7.3941027373075476 4.7177599519491187 4.7640665918588656 5.4399099797010404 6.6378829479217529 12.520428583025934 7.6109342575073233 27.624226912856102 3.7215374559164047
leaf_count=27 22 338 32 20 22 25 31 54 34 121 20
internal_value=0.000167767 -0.00614113 -0.0198919 -0.0281794 0.0361153 0.0560523 0.0179151 0.0169807 -0.0136895 0.0351157 0.110334
internal_weight=170.775 145.278 91.1 83.7059 25.4967 20.5634 12.0778 54.1779 20.1314 34.0465 8.4856
internal_count=746 626 390 358 120 98 56 236 88 148 42
is_linear=0
shrinkage=0.08


Tree=12
num_leaves=7
num_cat=0
split_feature=8 12 27 24 41 29
split_gain=5.43677 5.12404 8.01793 9.35529 6.63416 4.99232
threshold=0.0060131090016094504 0.0020508890862488507 0.0027418560112605003 0.0010506492080166504 0.17323098587452848 0.59098668598534221
decision_type=2 2 2 2 2 2
left_child=1 4 3 -3 -1 -6
right_child=-2 2 -4 -5 5 -7
leaf_value=0.1052660144797806 0.069217231338925642 -0.076728819326443376 -0.12478136329778369 0.050679131127131349 -0.0047459069595692039 0.052028522783155284
leaf_weight=3.9124064892530432 6.9987738728523246 7.0726835280656832 5.3243018686771384 7.7084678411483765 128.3967824280262 10.741627305746077
leaf_count=22 36 30 22 34 555 47
internal_value=0.000172767 -0.00278897 -0.0406056 -0.0102847 0.00252606 -0.000362863
internal_weight=170.155 163.156 20.1055 14.7812 143.051 139.138
internal_count=746 710 86 64 624 602
is_linear=0
shrinkage=0.08


Tree=13
num_leaves=11
num_cat=0
split_feature=1 14 27 6 27 41 26 30 8 1
split_gain=4.87229 6.02895 5.90732 5.41378 6.37452 5.25306 5.9987 5.05995 5.37979 4.38885
threshold=32.697475746885182 -0.00076941842280169991 0.0027423912569830501 0.0009139940678130501 0.0027067692850826007 0.66395046636631505 -2.6561795413049386e-05 -1.8102654807702088 -0.0021878745709476496 16.416435194460067
decision_type=2 2 2 2 2 2 2 2 2 2
left_child=2 -2 5 -3 -5 9 -7 -4 -9 -1
right_child=1 3 7 4 -6 6 -8 8 -10 -11
leaf_value=-0.018584961212763387 -0.039610124812851741 0.10657624559664231 0.043844753402364239 -0.040984363595941674 0.060852622663308646 -0.042167114170760626 0.060072123210061286 -0.10799138099688121 -0.02737127379968626 0.023289797408455607
leaf_weight=50.910776168107986 6.4186470210552242 7.0508696138858822 5.1084718853235236 6.2516055703163174 10.610545068979262 4.6352010369300869 17.690229862928391 6.3744858950376502 31.349619403481483 23.372681885957718
leaf_count=215 28 36 22 29 51 20 82 27 133 103
internal_value=0.000174299 0.0292326 -0.00614654 0.0477111 0.0230968 0.00481743 0.0388452 -0.0308758 -0.0409942 -0.00540941
internal_weight=169.773 30.3317 139.441 23.913 16.8622 96.6089 22.3254 42.8326 37.7241 74.2835
internal_count=746 144 602 116 80 420 102 182 160 318
is_linear=0
shrinkage=0.08


Tree=14
num_leaves=8
num_cat=0
split_feature=24 41 30 8 0 10 14
split_gain=4.50089 6.14131 5.03924 8.94461 6.76346 2.25519 2.97641
threshold=0.0018848580196419503 0.76488539816449019 -1.2456250635586958 0.00056495309637985016 21.244089604589536 0.00071398116038355012 -0.0013904441476017498
decision_type=2 2 2 2 2 2 2
left_child=1 2 4 -4 -1 6 -3
right_child=-2 5 3 -5 -6 -7 -8
leaf_value=0.052182162765780832 -0.076209404476163353 0.087533424461063838 0.036063043704112001 -0.010544890358421502 -0.048622463609954758 0.10159824963762804 0.0010655766942679697
leaf_weight=5.1248526424169567 4.7961725145578376 3.9768597185611716 39.426613509654999 79.469266250729561 25.235907152295113 4.0996372997760764 7.0900481343269339
leaf_count=21 21 21 168 352 103 25 35
internal_value=0.000182654 0.00241099 -0.00251752 0.00491059 -0.0316068 0.0509133 0.0321375
internal_weight=169.219 164.423 149.257 118.896 30.3608 15.1665 11.0669
internal_count=746 725 644 520 124 81 56
is_linear=0
shrinkage=0.08


Tree=15
num_leaves=8
num_cat=0
split_feature=41 41 41 28 24 10 8
split_gain=4.44715 4.16302 9.55573 7.83384 6.9666 6.27796 4.32334
threshold=0.1509603075089683 0.60045562000475272 0.42638996295345494 -0.49359241034276691 0.0017256016700927502 0.0012868897236452002 0.0025904633119479504
decision_type=2 2 2 2 2 2 2
left_child=-1 2 5 -4 6 -2 -3
right_child=1 4 3 -5 -6 -7 -8
leaf_value=0.10111251120357263 0.019852619175970206 0.034319072446395121 0.041810917525250714 -0.051641326248495656 -0.070536682506377804 -0.059870986603921345 -0.025448108152581108
leaf_weight=2.748337671160697 52.326411947607994 45.036993026733398 6.7077211439609519 39.826913341879845 5.4875624328851691 7.1902141124010077 9.3548985123634321
leaf_count=17 233 203 28 164 24 31 46
internal_value=0.000180536 -0.00149122 -0.0110129 -0.0381707 0.0153724 0.0102212 0.0240397
internal_weight=168.679 165.931 106.051 46.5346 59.8795 59.5166 54.3919
internal_count=746 729 456 192 273 264 249
is_linear=0
shrinkage=0.08


Tree=16
num_leaves=8
num_cat=0
split_feature=7 12 21 21 21 6 29
split_gain=4.54194 4.26633 4.68391 8.57379 6.55061 2.70567 0.672709
threshold=0.0032467738734750502 0.00070263398770970009 -0.00050330838017569989 -0.00017950497103124999 -0.00071173374634534998 0.0026259774272078006 0.030276132185677953
decision_type=2 2 2 2 2 2 2
left_child=1 -1 4 -4 -3 6 -2
right_child=5 2 3 -5 -6 -7 -8
leaf_value=0.074232646944391578 0.050212369379487989 0.00029155143984477239 -0.071028544785058975 -0.0059833954937319944 0.073139146142113837 -0.00457564151464151 0.097124302063265069
leaf_weight=4.3948373049497595 3.6748039424419385 48.297637179493904 15.541121393442152 78.378590375185013 9.4449973404407483 4.164171501994133 4.1834011748433113
leaf_count=20 19 211 66 347 42 19 22
internal_value=0.000178868 -0.00347124 -0.00572293 -0.0167466 0.0122073 0.0475594 0.0751864
internal_weight=168.08 156.057 151.662 93.9197 57.7426 12.0224 7.85821
internal_count=746 686 666 413 253 60 41
is_linear=0
shrinkage=0.08


Tree=17
num_leaves=6
num_cat=0
split_feature=8 3 8 33 15
split_gain=4.12931 4.33426 6.64089 5.3501 2.51565
threshold=0.0060131090016094504 0.011258842949933052 -0.0048619521137853996 0.004029092566391751 0.00034419360171705006
decision_type=2 2 2 2 2
left_child=1 2 -1 -4 -3
right_child=-2 4 3 -5 -6
leaf_value=0.11432504170145366 0.062570762561605958 -0.010143719872209673 -0.0044075737485254271 0.078153970563137998 -0.092123338284550618
leaf_weight=3.2365212291479102 6.5246434509754172 4.4420575201511365 143.23168563842773 5.2058402597904196 5.1999991238117218
leaf_count=14 36 21 628 25 22
internal_value=0.000177072 -0.00234652 0.000959744 -0.00151206 -0.0543557
internal_weight=167.841 161.316 151.674 148.438 9.64206
internal_count=746 710 667 653 43
is_linear=0
shrinkage=0.08


Tree=18
num_leaves=8
num_cat=0
split_feature=12 27 24 41 22 22 1
split_gain=3.9798 7.94384 7.87504 6.21204 5.16834 8.98481 7.17949
threshold=0.0020508890862488507 0.0027418560112605003 0.0010506492080166504 0.17323098587452848 -0.00029050601062609993 -0.00035920307586609997 -35.03213473997311
decision_type=2 2 2 2 2 2 2
left_child=3 2 -2 -1 5 -5 -6
right_child=1 -3 -4 4 6 -7 -8
leaf_value=0.10012553512206046 -0.062189656324582981 -0.11389879134194333 0.052582463175732556 0.0017029608652606332 0.093977620264854789 -0.12110975753994589 0.0033780948587231593
leaf_weight=4.2509285286068907 7.3743404000997561 5.6108511239290229 7.9519529491662979 11.452359423041345 5.8731511235237113 5.7148878127336493 119.42560321092606
leaf_count=28 31 23 36 49 26 24 529
internal_value=0.000171979 -0.0324564 -0.00264085 0.00482819 0.00198468 -0.0391808 0.00762478
internal_weight=167.654 20.9371 15.3263 146.717 142.466 17.1672 125.299
internal_count=746 90 67 656 628 73 555
is_linear=0
shrinkage=0.08


Tree=19
num_leaves=12
num_cat=0
split_feature=1 27 9 31 9 3 21 8 28 41 28
split_gain=3.76786 4.80178 4.78147 8.67439 7.93908 4.14746 6.54444 4.59189 3.60476 5.24032 3.01954
threshold=37.239717095326348 0.0026791719709028006 0.0014211309962123002 0.033974491043406406 0.0014407527064890001 0.0050669804908516003 8.6976827461678755e-05 -0.0014249982308217998 -0.44158014827824849 0.3478538564682086 -0.47010725737081932
decision_type=2 2 2 2 2 2 2 2 2 2 2
left_child=2 -2 5 -4 -5 6 -1 -7 10 -10 -3
right_child=1 8 3 4 -6 7 -8 -9 9 -11 -12
leaf_value=-0.03695734510400165 -0.048186745235954107 0.030628842572000103 0.068555085747232167 -0.097448132264969359 -0.014995527983537212 -0.011536082114944265 0.042009855296220346 0.06205888975100194 0.088668166287156 -0.036177867808786172 0.11689630683877576
leaf_weight=17.463898524641994 4.1954403519630459 4.7140956670045879 7.1552394181489936 8.3050710856914503 74.669220611453056 8.0268649309873599 10.914582744240759 16.745302945375443 3.4004509896039927 5.8594872355461121 5.7813565880060205
leaf_count=76 20 25 32 35 323 34 51 75 20 25 30
internal_value=0.000172079 0.0295426 -0.00473752 -0.0159603 -0.0232484 0.0142933 -0.00658595 0.0382121 0.0460499 0.00966831 0.0781488
internal_weight=167.231 23.9508 143.28 90.1295 82.9743 53.1506 28.3785 24.7722 19.7554 9.25994 10.4955
internal_count=746 120 626 390 358 236 127 109 100 45 55
is_linear=0
shrinkage=0.08


Tree=20
num_leaves=9
num_cat=0
split_feature=27 16 8 12 16 2 3 7
split_gain=3.51969 4.66027 8.70841 7.13735 6.86829 5.9993 4.63173 3.42994
threshold=0.0028027471961051503 -0.00032772744952174994 4.37596762822207e-05 0.00087961987033360011 -0.00074350569163409992 0.48862975606268727 0.0076992865749701015 -0.00041535098412999997
decision_type=2 2 2 2 2 2 2 2
left_child=1 4 7 -4 5 -1 -2 -3
right_child=6 2 3 -5 -6 -7 -8 -9
leaf_value=-0.0095440242716338074 -0.10243247324319794 0.023410163518494193 0.080034010890001575 -0.0039971852001489281 -0.076908545940826731 0.082856889224379698 0.0082958601114126 0.10602675412418132
leaf_weight=58.877006739377975 4.799758166074751 5.2056517750024787 7.2045776695013037 63.358133532106876 9.0650173127651197 4.8689415156841269 4.8716417551040649 8.4150210618972761
leaf_count=252 20 24 36 292 39 22 22 39
internal_value=0.000183165 0.00306867 0.0158872 0.00458255 -0.011752 -0.0024864 -0.0466568 0.0744517
internal_weight=166.666 156.994 84.1834 70.5627 72.811 63.7459 9.6714 13.6207
internal_count=746 704 391 328 313 274 42 63
is_linear=0
shrinkage=0.08


Tree=21
num_leaves=6
num_cat=0
split_feature=26 24 41 41 8
split_gain=3.52572 4.71209 6.37504 8.71232 4.30461
threshold=-7.7124353876889586e-05 0.0018654500971316502 0.60045562000475272 0.42638996295345494 0.0025904633119479504
decision_type=2 2 2 2 2
left_child=-1 2 3 -2 -4
right_child=1 -3 4 -5 -6
leaf_value=0.058387186178176169 0.0089381696447668624 -0.084096686060364217 0.032197299849451695 -0.038448647970895172 -0.028106479925605787
leaf_weight=6.4048374593257895 56.853320486843586 4.367699831724166 45.548726096749306 44.086424961686134 9.087106414139269
leaf_count=30 261 20 207 182 46
internal_value=0.000185707 -0.00214494 0.000155812 -0.0117585 0.0221675
internal_weight=166.348 159.943 155.576 100.94 54.6358
internal_count=746 716 696 443 253
is_linear=0
shrinkage=0.08


Tree=22
num_leaves=11
num_cat=0
split_feature=1 27 8 33 8 27 20 1 41 6
split_gain=3.44832 4.59743 4.35998 13.3301 6.78741 6.45392 4.37404 4.23949 3.56125 5.36626
threshold=37.239717095326348 0.0026710446117181505 0.00056495309637985016 -0.00082744234483214999 -0.00080688703685569986 0.0028027471961051503 1.0000000180025095e-35 16.416435194460067 0.34154135351076231 0.0010899199124298502
decision_type=2 2 2 2 2 2 2 2 2 2
left_child=2 -2 3 4 -1 7 -5 -4 -3 -10
right_child=1 8 5 6 -6 -7 -8 -9 9 -11
leaf_value=-0.027331760242106606 -0.055344363197455809 0.096072256553497173 -0.037713552110115352 0.0080547048349371344 0.048163493562539655 -0.10909861572911156 0.08071234540998648 0.0053292946244375044 -0.050442960539391839 0.055265071334697345
leaf_weight=43.76191034913063 3.5538635477423695 5.824006266891959 25.177572891116142 7.8139577060937908 9.2288743257522565 4.7968463450670233 16.500069335103035 35.008566685020924 4.4980285763740531 9.7049088552594167
leaf_count=188 17 36 109 35 40 20 77 157 19 48
internal_value=0.000175421 0.02851 -0.00452035 0.00831906 -0.0141835 -0.0197943 0.0573619 -0.0126768 0.0433902 0.0217876
internal_weight=165.869 23.5808 142.288 77.3048 52.9908 64.983 24.314 60.1861 20.0269 14.2029
internal_count=746 120 626 340 228 286 112 266 103 67
is_linear=0
shrinkage=0.08


Tree=23
num_leaves=6
num_cat=0
split_feature=41 10 26 7 29
split_gain=3.25683 3.24539 6.42708 4.65505 4.9354
threshold=0.1509603075089683 0.0014214539194149502 3.8038169632702047e-05 0.003906378912883951 0.59098668598534221
decision_type=2 2 2 2 2
left_child=-1 3 -3 4 -2
right_child=1 2 -4 -5 -6
leaf_value=0.096260667832768529 -0.0044515381092598352 -0.089943719367320873 0.014458148675404356 0.078341164035759109 0.051520351668366202
leaf_weight=2.2275886312127104 132.04801773279905 7.3656369000673276 7.7387203946709633 5.0013522356748572 10.915820986032484
leaf_count=17 584 31 36 28 50
internal_value=0.000182737 -0.00112972 -0.0364534 0.00247614 -0.000177876
internal_weight=165.297 163.07 15.1044 147.965 142.964
internal_count=746 729 67 662 634
is_linear=0
shrinkage=0.08


Tree=24
num_leaves=7
num_cat=0
split_feature=24 41 0 22 24 26
split_gain=3.11448 4.67252 5.90755 10.6159 3.94459 4.04554
threshold=0.0018654500971316502 0.66395046636631505 20.94250288460869 -0.00029775597757849995 0.0014651328130870502 2.4217151734830618e-05
decision_type=2 2 2 2 2 2
left_child=1 2 -1 -4 5 -3
right_child=-2 4 3 -5 -6 -7
leaf_value=0.098580287386729373 -0.060948597248007615 -0.0032505905665134705 -0.084430355911621152 -0.00087541761045672366 0.092436055058705627 0.056859420971841414
leaf_weight=3.3985414654016486 5.1673547178506842 21.703828245401382 10.693644374608992 108.19178863614798 5.0768340080976477 10.697777420282362
leaf_count=14 24 101 44 482 24 57
internal_value=0.000178904 0.00215601 -0.00541814 -0.00839111 0.0268688 0.0165954
internal_weight=164.93 159.762 122.284 118.885 37.4784 32.4016
internal_count=746 722 540 526 182 158
is_linear=0
shrinkage=0.08


Tree=25
num_leaves=7
num_cat=0
split_feature=12 27 24 41 26 26
split_gain=3.04101 6.33842 6.49639 5.10077 4.13666 4.16368
threshold=0.0020508890862488507 0.0027418560112605003 0.0011332012891593502 0.17323098587452848 -7.3632685404662906e-05 -6.0692390091994637e-05
decision_type=2 2 2 2 2 2
left_child=3 2 -2 -1 -5 -6
right_child=1 -3 -4 4 5 -7
leaf_value=0.097181844342624335 -0.046947675805984738 -0.10145596376091211 0.05906185819624734 0.073625492069763335 -0.077857266288307317 0.0017789895828909609
leaf_weight=3.6868829354643813 8.6535988450050372 5.5703060925006858 6.4626269340515128 4.9575581029057494 4.3413379639387122 130.73409516364336
leaf_count=28 37 23 30 23 19 586
internal_value=0.000171272 -0.0285071 -0.00162551 0.00429913 0.00185365 -0.000780528
internal_weight=164.406 20.6865 15.1162 143.72 140.033 135.075
internal_count=746 90 67 656 628 605
is_linear=0
shrinkage=0.08


Tree=26
num_leaves=6
num_cat=0
split_feature=12 24 41 29 27
split_gain=2.93303 3.81143 5.16166 3.47768 2.09
threshold=0.00070263398770970009 0.0018848580196419503 0.76488539816449019 0.28171266841697412 0.0027109511865886504
decision_type=2 2 2 2 2
left_child=-1 2 3 -2 -4
right_child=1 -3 4 -5 -6
leaf_value=0.066890731991823535 0.006603777451202995 -0.077399810524563531 0.010852384310046764 -0.018743508366681812 0.074559392418242845
leaf_weight=4.1106573417782775 82.608628712594509 4.1302408277988425 5.6970101222395879 59.661789439618587 7.81912811845541
leaf_count=20 369 20 32 258 47
internal_value=0.000166791 -0.00154835 0.000462642 -0.00402573 0.0477071
internal_weight=164.027 159.917 155.787 142.27 13.5161
internal_count=746 726 706 627 79
is_linear=0
shrinkage=0.08


Tree=27
num_leaves=9
num_cat=0
split_feature=21 21 6 26 14 12 26 29
split_gain=2.7926 6.54233 5.91268 5.81701 4.26711 3.6953 3.57158 3.3167
threshold=-0.00050330838017569989 -0.00025303858675754996 -0.00020200644974564997 -2.0392308083040335e-05 -0.00082517723953814991 0.0012276017064263502 -1.5771128882804808e-05 0.30533998283965674
decision_type=2 2 2 2 2 2 2 2
left_child=2 5 6 -3 -5 -2 7 -1
right_child=1 3 -4 4 -6 -7 -8 -9
leaf_value=0.010509576785596796 -0.10042548232939699 0.11522169660954928 0.084459014736984597 -0.067870414641739929 0.00081869927819593752 -0.010612528265015941 0.056363226969325532 -0.037492857102770172
leaf_weight=31.277847811579704 7.0471291840076429 2.7016035243868819 6.7719184979796401 6.2161982953548423 84.052530407905579 5.020789623260498 7.413227215409278 13.058021396398543
leaf_count=137 30 15 38 26 388 21 36 55
internal_value=0.000159721 -0.00764287 0.0141644 -0.000449594 -0.00391146 -0.0630593 0.00496565 -0.00362834
internal_weight=163.559 105.038 58.521 92.9703 90.2687 12.0679 51.7491 44.3359
internal_count=746 480 266 429 414 51 228 192
is_linear=0
shrinkage=0.08


Tree=28
num_leaves=6
num_cat=0
split_feature=24 24 8 1 1
split_gain=2.65008 5.0053 3.05163 8.48368 6.51897
threshold=0.00065014704760815018 0.00067879624480945012 -0.0019507169191773997 -24.574752889526277 -4.4403048222047792
decision_type=2 2 2 2 2
left_child=-1 -2 3 -3 -4
right_child=1 2 4 -5 -6
leaf_value=-0.064937760078430523 0.12845704514145539 -0.0041018499006982411 0.038341506290722041 -0.11985840737373891 -0.0044277664963630085
leaf_weight=3.9064147174358359 1.9708289355039585 25.01009821891785 29.760929450392723 4.8354513049125663 97.633803687989712
leaf_count=17 9 110 136 20 454
internal_value=0.0001601 0.00175735 0.000169308 -0.0228562 0.00556365
internal_weight=163.118 159.211 157.24 29.8455 127.395
internal_count=746 729 720 130 590
is_linear=0
shrinkage=0.08


Tree=29
num_leaves=5
num_cat=0
split_feature=31 24 24 9
split_gain=2.73274 3.58893 4.56338 4.21447
threshold=0.031682253799332608 0.00065014704760815018 0.00067879624480945012 0.0013503732920465002
decision_type=2 2 2 2
left_child=-1 -2 -3 -4
right_child=1 2 3 -5
leaf_value=0.046005957251604827 -0.082258488899964302 0.12295043742851311 0.031698790266299473 -0.0072661776729523809
leaf_weight=7.9143710881471625 3.5016978532075873 1.8973674923181523 20.602122955024242 129.02296044677496
leaf_count=36 15 9 96 590
internal_value=0.000152847 -0.00218807 -0.000337635 -0.00190103
internal_weight=162.939 155.024 151.522 149.625
internal_count=746 710 695 686
is_linear=0
shrinkage=0.08


Tree=30
num_leaves=6
num_cat=0
split_feature=41 10 26 7 29
split_gain=2.64311 2.70301 5.28419 3.92803 4.25341
threshold=0.1509603075089683 0.0014214539194149502 3.8038169632702047e-05 0.003906378912883951 0.59098668598534221
decision_type=2 2 2 2 2
left_child=-1 3 -3 4 -2
right_child=1 2 -4 -5 -6
leaf_value=0.093510131429174997 -0.0040079631889224244 -0.081765146236068301 0.013491648187835124 0.074154555729301241 0.048664406298752114
leaf_weight=1.9177618920803059 130.58674131333828 7.342003792524336 7.5697121322154999 4.7180748805403701 10.608985409140585
leaf_count=17 584 31 36 28 50
internal_value=0.000146844 -0.000966465 -0.0334094 0.00234906 -5.03335e-05
internal_weight=162.743 160.826 14.9117 145.914 141.196
internal_count=746 729 67 662 634
is_linear=0
shrinkage=0.08


Tree=31
num_leaves=7
num_cat=0
split_feature=26 21 21 3 15 10
split_gain=2.63646 3.52744 3.90984 5.56263 4.99624 2.71566
threshold=-7.7124353876889586e-05 -0.0016600199263746499 -0.0010149367412565999 0.0054256980220327511 -0.0034697437458510497 -0.00098709104217449984
decision_type=2 2 2 2 2 2
left_child=-1 5 3 -3 -4 -2
right_child=1 2 4 -5 -6 -7
leaf_value=0.051728652207139902 -0.095579684517179728 -0.020439447279052822 0.13442145926367785 0.063728991195875814 -0.0061149126068428799 -0.0082962713505277674
leaf_weight=6.102733962237834 4.3772379010915756 7.9750742167234447 1.6404294371604908 13.586464218795298 123.91568650305271 4.7645786777138692
leaf_count=30 19 35 7 62 572 21
internal_value=0.000144146 -0.00187049 0.00112577 0.0325972 -0.00427876 -0.0500889
internal_weight=162.362 156.259 147.118 21.5615 125.556 9.14182
internal_count=746 716 676 97 579 40
is_linear=0
shrinkage=0.08


Tree=32
num_leaves=6
num_cat=0
split_feature=12 24 41 41 24
split_gain=2.53534 3.27114 4.25374 4.6873 3.30032
threshold=0.00070263398770970009 0.0018654500971316502 0.66395046636631505 0.42638996295345494 0.0014651328130870502
decision_type=2 2 2 2 2
left_child=-1 2 3 -2 -4
right_child=1 -3 4 -5 -6
leaf_value=0.062941595188787045 0.0096855745491799729 -0.06737610291957033 0.015135129812513887 -0.022223680860566204 0.086253876324508399
leaf_weight=4.0122049003839484 57.154805410653353 4.6750668585300437 30.792471624910831 60.80840639770031 4.8312975093722335
leaf_count=20 270 23 154 255 24
internal_value=0.000138676 -0.00145348 0.00055315 -0.00676321 0.0247803
internal_weight=162.274 158.262 153.587 117.963 35.6238
internal_count=746 726 703 525 178
is_linear=0
shrinkage=0.08


Tree=33
num_leaves=6
num_cat=0
split_feature=41 26 41 41 26
split_gain=2.37727 2.28416 3.30663 5.67723 5.38226
threshold=0.1509603075089683 -7.7124353876889586e-05 0.56140663344920172 0.42638996295345494 2.0381155230747137e-05
decision_type=2 2 2 2 2
left_child=-1 -2 3 -3 -4
right_child=1 2 4 -5 -6
leaf_value=0.092267949682609041 0.048088567266064183 0.0033064659944639059 -0.0071837005894503534 -0.038254137503517464 0.039973205731575472
leaf_weight=1.7726238258182991 5.8706202656030646 54.152605034410954 40.475518703460693 34.396964907646179 25.093384146690369
leaf_count=17 28 248 184 143 126
internal_value=0.000132248 -0.000888584 -0.0027542 -0.0128377 0.0108634
internal_weight=161.762 159.989 154.118 88.5496 65.5689
internal_count=746 729 701 391 310
is_linear=0
shrinkage=0.08


Tree=34
num_leaves=11
num_cat=0
split_feature=28 1 28 2 16 41 8 22 6 9
split_gain=2.37973 4.61046 6.37459 5.48064 6.22305 4.34975 4.84726 6.71495 4.26315 1.22815
threshold=-0.45404033854505105 29.7669148333589 -0.48275249255087277 0.89327104358165987 -0.00032772744952174994 0.20433793102476436 0.00088552715403705004 6.6718983479409748e-05 0.00035533044042565005 0.0014294532457263002
decision_type=2 2 2 2 2 2 2 2 2 2
left_child=1 3 -3 4 -1 -2 8 -8 -7 -4
right_child=5 2 9 -5 -6 6 7 -9 -10 -11
leaf_value=-0.014636099797013016 0.077789331498166317 -0.015954298835528555 0.046751548312035561 -0.074664837917503307 0.03412536324143111 -0.0077062138643527846 -0.10002249306241787 -0.016198666595560587 0.06539396661330317 0.10565347696487405
leaf_weight=38.6216761469841 3.3738463521003714 6.3667876645922687 3.3952185362577421 5.7734587341547003 29.579428382217884 29.508899539709091 8.2695418447256106 23.48943105340004 6.1742408722639075 6.8089964687824249
leaf_count=172 25 32 19 26 138 128 35 105 28 38
internal_value=0.000128777 0.0087206 0.0468619 0.000176597 0.00651218 -0.0108568 -0.0152914 -0.0380251 0.00494228 0.0860552
internal_weight=161.362 90.5456 16.571 73.9746 68.2011 70.816 67.4421 31.759 35.6831 10.2042
internal_count=746 425 89 336 310 321 296 140 156 57
is_linear=0
shrinkage=0.08


Tree=35
num_leaves=5
num_cat=0
split_feature=24 24 24 3
split_gain=2.21993 5.26268 3.80091 3.14888
threshold=0.00058890011485030012 0.00065014704760815018 0.00067879624480945012 0.0030903655550978005
decision_type=2 2 2 2
left_child=-1 -2 -3 -4
right_child=1 2 3 -5
leaf_value=0.13017672375749872 -0.10402406048837014 0.1173566205079159 -0.20572406945594321 0.00078519750159100231
leaf_weight=0.83580271154642005 3.0846338272094718 1.7913492619991291 0.47400903701782127 154.60228169709444
leaf_count=4 13 9 2 718
internal_value=0.000137018 -0.000542482 0.00149237 0.000153977
internal_weight=160.788 159.952 156.868 155.076
internal_count=746 742 729 720
is_linear=0
shrinkage=0.08


Tree=36
num_leaves=8
num_cat=0
split_feature=31 29 2 26 28 12 3
split_gain=2.22696 2.97924 7.89019 6.83277 4.41357 5.00468 2.89437
threshold=0.031682253799332608 0.28171266841697412 0.83182886587450422 3.5966106760584904e-05 -0.49054535043044217 0.0011486558488639502 0.0078127253848874513
decision_type=2 2 2 2 2 2 2
left_child=-1 4 3 -3 6 -6 -2
right_child=1 2 -4 -5 5 -7 -8
leaf_value=0.042044365723163155 0.069021249702621829 -0.015231906451339537 -0.086576857684787942 0.072351388298106334 -0.033194100155832802 0.011851799835742582 -0.0028351583817239822
leaf_weight=7.723138064146041 10.731697551906111 44.280023090541363 8.6577491238713247 6.5431669801473609 22.096436355262995 55.264064900577068 5.389190010726451
leaf_count=36 54 196 39 32 102 262 25
internal_value=0.000130908 -0.00198532 -0.015982 -0.00395611 0.00692056 -0.00101464 0.0449998
internal_weight=160.685 152.962 59.4809 50.8232 93.4814 77.3605 16.1209
internal_count=746 710 267 228 443 364 79
is_linear=0
shrinkage=0.08


Tree=37
num_leaves=6
num_cat=0
split_feature=12 24 41 33 27
split_gain=2.18816 2.86286 3.59009 3.27528 2.01323
threshold=0.00070263398770970009 0.0018654500971316502 0.76488539816449019 -0.0031300004288341995 0.0027109511865886504
decision_type=2 2 2 2 2
left_child=-1 2 3 -2 -4
right_child=1 -3 4 -5 -6
leaf_value=0.059401769437916176 -0.037492981243595659 -0.063947541245730863 0.0046426173216553143 0.0012220307612808698 0.069396666883370164
leaf_weight=3.889944188296794 15.769283413887022 4.5388685464859 5.3930049538612348 123.61513459309936 7.1425168439745903
leaf_count=20 66 23 32 558 47
internal_value=0.000133139 -0.00134042 0.000530072 -0.003158 0.0415383
internal_weight=160.349 156.459 151.92 139.384 12.5355
internal_count=746 726 703 624 79
is_linear=0
shrinkage=0.08


Tree=38
num_leaves=10
num_cat=0
split_feature=21 6 21 26 3 41 8 24 14
split_gain=2.17896 5.08968 5.07161 5.0126 4.02463 3.74782 4.30998 3.77415 2.89198
threshold=-0.00050330838017569989 -0.00020200644974564997 -0.00025303858675754996 -2.0392308083040335e-05 0.011258842949933052 0.3573524822299598 -0.00083452231196679981 0.0014078973259037 -0.00047037970694139994
decision_type=2 2 2 2 2 2 2 2 2
left_child=1 5 8 -4 -5 7 -7 -1 -2
right_child=2 -3 3 4 -6 6 -8 -9 -10
leaf_value=-0.065856665453707677 -0.10468734834499782 0.080298960876487704 0.11141151577024631 0.0019209340295495969 -0.05702623300942717 -0.0090576521547411411 0.044740163926732149 0.02623505730576102 -0.02421445933173914
leaf_weight=8.1637291163206083 4.6965297013521194 6.3305934332311145 2.496757097542285 80.113888472318649 8.1685900539159757 19.920648857951161 18.273300185799602 4.3741426095366469 7.3013499379158002
leaf_count=36 20 38 15 376 38 90 81 21 31
internal_value=0.000127301 0.0126629 -0.00683254 -0.000371924 -0.00353332 0.00422291 0.0166811 -0.0337282 -0.0557153
internal_weight=159.84 57.0624 102.777 90.7792 88.2825 50.7318 38.1939 12.5379 11.9979
internal_count=746 266 480 429 414 228 171 57 51
is_linear=0
shrinkage=0.08


Tree=39
num_leaves=10
num_cat=0
split_feature=8 3 8 10 16 8 33 1 41
split_gain=2.21591 5.60122 4.78783 8.68825 5.73667 4.77919 6.57227 5.64937 3.24688
threshold=-0.0037092700311403492 0.0093186555133961003 -0.0019507169191773997 -0.00022822531604979997 -0.0028398232027574996 0.00056495309637985016 -0.00082744234483214999 16.709738666435445 0.56140663344920172
decision_type=2 2 2 2 2 2 2 2 2
left_child=1 -1 3 4 -2 6 -4 -7 -5
right_child=2 -3 5 8 -6 7 -8 -9 -10
leaf_value=0.10472267441749615 -0.033608617240692772 -0.015667998385089983 -0.0049912618294226802 -0.023482000844367339 -0.14960384594308471 -0.037254400924448788 0.057901866622341924 0.0068860120474252499 0.064828770888869111
leaf_weight=4.3609730303287488 5.9140321910381317 5.7139125913381577 21.938308522105217 6.3444624394178373 5.0663117021322268 27.38832026720047 20.636706098914146 57.550213050097227 4.5938084796071053
leaf_count=20 27 26 96 27 21 121 103 284 21
internal_value=0.000129494 0.0364438 -0.00231886 -0.0368578 -0.0871286 0.00361813 0.0254939 -0.00734701 0.0136064
internal_weight=159.507 10.0749 149.432 21.9186 10.9803 127.514 42.575 84.9385 10.9383
internal_count=746 46 700 96 48 604 199 405 48
is_linear=0
shrinkage=0.08


Tree=40
num_leaves=5
num_cat=0
split_feature=0 0 8 27
split_gain=2.14869 5.09522 3.05618 3.21174
threshold=20.94250288460869 27.616074990573157 -0.0037092700311403492 0.0026552449491591005
decision_type=2 2 2 2
left_child=-1 -2 -3 -4
right_child=1 2 3 -5
leaf_value=0.053372686517615446 -0.065946008448659124 0.069073392945141962 -0.042947614661827754 0.0031755808536231729
leaf_weight=4.7071691900491706 7.4702963531017295 4.1963314786553374 10.424384564161299 132.17296516522765
leaf_count=20 33 20 50 623
internal_value=0.000128806 -0.00149586 0.00178399 -0.000196192
internal_weight=158.971 154.264 146.794 142.597
internal_count=746 726 693 673
is_linear=0
shrinkage=0.08


Tree=41
num_leaves=7
num_cat=0
split_feature=27 2 10 14 22 3
split_gain=2.10698 3.15234 5.09442 3.81177 3.49129 2.89597
threshold=0.0028027471961051503 1.0523575017710223 0.0014214539194149502 0.0015265668249051002 -5.98682123153741e-05 0.0076992865749701015
decision_type=2 2 2 2 2 2
left_child=1 2 3 -1 -4 -2
right_child=5 -3 4 -5 -6 -7
leaf_value=-0.00021380244296524917 -0.080969200014032044 0.069443198373871279 0.0061907826894553354 0.041241428511526269 -0.085230297307282113 0.0080008179583254107
leaf_weight=117.6261098831892 4.7043930739164335 4.3611165061593047 4.2798527777194977 16.14366489648819 7.1227682903408986 4.6616413295269012
leaf_count=547 20 25 20 79 33 22
internal_value=0.000121428 0.00242694 0.000413708 0.00478912 -0.0509164 -0.0366872
internal_weight=158.9 149.534 145.172 133.77 11.4026 9.36603
internal_count=746 704 679 626 53 42
is_linear=0
shrinkage=0.08


Tree=42
num_leaves=7
num_cat=0
split_feature=41 29 0 29 33 28
split_gain=2.01668 2.12191 3.75509 2.79724 6.32025 3.5732
threshold=0.1509603075089683 0.59098668598534221 47.893262628186953 0.28171266841697412 0.0020724291122598505 -0.49054535043044217
decision_type=2 2 2 2 2 2
left_child=-1 3 -3 5 -5 -2
right_child=1 2 -4 4 -6 -7
leaf_value=0.091079822641519856 0.040285780984144245 0.090785962686308161 -0.0042741426738442372 -0.0088905123951843329 -0.1021110014127089 -0.0019191993508213781
leaf_weight=1.5446594059467305 15.472454659640787 4.3610644638538343 6.8164006173610687 49.871371671557426 5.1338591128587714 75.411714620888233
leaf_count=17 76 21 33 224 22 353
internal_value=0.00011639 -0.000778182 0.0328151 -0.00335196 -0.0175912 0.00526593
internal_weight=158.612 157.067 11.1775 145.889 55.0052 90.8842
internal_count=746 729 54 675 246 429
is_linear=0
shrinkage=0.08


Tree=43
num_leaves=6
num_cat=0
split_feature=26 21 26 2 10
split_gain=1.95341 2.94534 3.3491 2.91551 2.15588
threshold=-7.7124353876889586e-05 -0.0016600199263746499 -5.1637011336931435e-05 0.046085637409359906 -0.00098709104217449984
decision_type=2 2 2 2 2
left_child=-1 4 -3 -4 -2
right_child=1 2 3 -5 -6
leaf_value=0.045729702557840105 -0.086860987265446388 0.067240330297124937 0.049809293539289916 -0.0037338467783895484 -0.0085277562046504555
leaf_weight=5.7887109071016303 4.3086471557617188 4.7476518861949435 6.8464745953679076 131.87894259020686 4.7030032649636251
leaf_count=30 19 24 32 620 21
internal_value=0.000114944 -0.00161671 0.00116981 -0.00109135 -0.0459804
internal_weight=158.273 152.485 143.473 138.725 9.01165
internal_count=746 716 676 652 40
is_linear=0
shrinkage=0.08


Tree=44
num_leaves=8
num_cat=0
split_feature=24 16 8 12 16 41 32
split_gain=1.83933 2.96605 7.91978 5.54314 5.51379 5.84819 1.59741
threshold=0.0018654500971316502 -0.00032772744952174994 0.00058550969096005003 0.00087961987033360011 -0.00074350569163409992 0.62429120466451782 -0.00046557810497409991
decision_type=2 2 2 2 2 2 2
left_child=1 4 6 -4 5 -1 -3
right_child=-2 2 3 -5 -6 -7 -8
leaf_value=-0.019378628236605966 -0.049473516777680235 0.015888266052252405 0.075159667348492359 -0.0071101228471977477 -0.068868666908250997 0.032635659804141695 0.077019403580063456
leaf_weight=41.120748303830624 4.6475607454776755 3.5353219509124765 5.7329499721527091 61.142953239381313 9.0064529329538328 20.848249696195126 12.095585532486435
leaf_count=177 24 18 33 291 39 101 63
internal_value=0.00010913 0.00161053 0.0119253 -5.75289e-05 -0.0103801 -0.00187944 0.0631931
internal_weight=158.13 153.482 82.5068 66.8759 70.9755 61.969 15.6309
internal_count=746 722 405 324 317 278 81
is_linear=0
shrinkage=0.08


Tree=45
num_leaves=5
num_cat=0
split_feature=41 24 24 3
split_gain=1.84008 1.86233 3.39217 2.65849
threshold=0.1509603075089683 0.00065014704760815018 0.00067879624480945012 0.0030903655550978005
decision_type=2 2 2 2
left_child=-1 -2 -3 -4
right_child=1 2 3 -5
leaf_value=0.090327861785930039 -0.056448552132841175 0.11381334920473768 -0.18788698642801671 -1.1432872953582881e-06
leaf_weight=1.4338268376886834 3.7450105249881736 1.6767940595746029 0.48353075981140037 150.13676502928138
leaf_count=17 16 9 2 702
internal_value=0.000113889 -0.000715061 0.000655434 -0.000604306
internal_weight=157.476 156.042 152.297 150.62
internal_count=746 729 713 704
is_linear=0
shrinkage=0.08


Tree=46
num_leaves=5
num_cat=0
split_feature=24 24 24 31
split_gain=1.87943 4.16792 2.99302 2.48237
threshold=0.00058890011485030012 0.00065014704760815018 0.00067879624480945012 0.488018853347152
decision_type=2 2 2 2
left_child=-1 -2 -3 -4
right_child=1 2 3 -5
leaf_value=0.12404742763025041 -0.092991598715855037 0.1103931910898043 0.0021089164331643709 -0.054357291291311914
leaf_weight=0.77919655293226142 3.0576748102903357 1.5938416942954052 146.72860429063439 5.1579073257744303
leaf_count=4 13 9 696 24
internal_value=0.000110204 -0.000506716 0.00133579 0.000191383
internal_weight=157.317 156.538 153.48 151.887
internal_count=746 742 729 720
is_linear=0
shrinkage=0.08


Tree=47
num_leaves=7
num_cat=0
split_feature=33 3 2 30 41 30
split_gain=1.88746 5.0535 4.04336 4.9256 4.92201 4.37617
threshold=0.004029092566391751 0.011258842949933052 0.88092158549284993 1.4629914929562993 0.33357045259628854 1.1572160548865928
decision_type=2 2 2 2 2 2
left_child=2 -2 3 5 -4 -1
right_child=1 -3 4 -5 -6 -7
leaf_value=0.0026059436064209008 0.07927390484330897 -0.027575220179544196 0.019423829044020242 0.071703087411459018 -0.084979259856658426 -0.05313850088302452
leaf_weight=117.4623463563621 6.3193563893437368 5.1347428895533085 4.6039409041404706 6.1377784982323638 7.7629376202821732 9.7621031627058965
leaf_count=544 37 29 25 30 34 47
internal_value=0.000105356 0.0313747 -0.00235237 0.00170554 -0.0461121 -0.0016714
internal_weight=157.183 11.4541 145.729 133.362 12.3669 127.224
internal_count=746 66 680 621 59 591
is_linear=0
shrinkage=0.08


Tree=48
num_leaves=9
num_cat=0
split_feature=12 27 1 22 41 12 41 22
split_gain=1.80291 5.26952 5.70988 5.26768 3.48448 3.32756 5.60351 4.31992
threshold=0.0020508890862488507 0.0027418560112605003 20.162740090127048 -5.98682123153741e-05 0.17323098587452848 0.0017896531502984002 0.53857414739651277 -0.00029050601062609993
decision_type=2 2 2 2 2 2 2 2
left_child=4 2 3 -2 -1 7 -7 -6
right_child=1 -3 -4 -5 5 6 -8 -9
leaf_value=0.093446738336111113 0.023734835736607614 -0.09041111062227962 0.073694249294333755 -0.094503877861091684 -0.042842525654642166 -0.010031235740946873 0.093582776718838162 0.0030558465041705192
leaf_weight=2.6943058632314196 5.0352286621928215 5.3355808407068244 4.8217734768986693 4.6277813166379946 14.978570967912672 7.001581132411955 6.3882580697536469 105.9875138476491
leaf_count=28 23 23 23 21 65 32 32 499
internal_value=0.000106078 -0.0224462 0.0025892 -0.0328917 0.00336761 0.00156121 0.0394027 -0.0026275
internal_weight=156.871 19.8204 14.4848 9.66301 137.05 134.356 13.3898 120.966
internal_count=746 90 67 44 656 628 64 564
is_linear=0
shrinkage=0.08


Tree=49
num_leaves=5
num_cat=0
split_feature=0 0 16 26
split_gain=1.9092 4.2152 2.552 3.6036
threshold=20.94250288460869 27.616074990573157 -0.0055627062190559493 -7.7124353876889586e-05
decision_type=2 2 2 2
left_child=-1 -2 -3 -4
right_child=1 2 3 -5
leaf_value=0.050819610055452755 -0.060573081892748799 -0.07923350615495596 0.076315237485337417 0.00075645199385905625
leaf_weight=4.6109724938869467 7.3403962403535834 2.4587576091289511 4.1617251597344866 137.74800391495228
leaf_count=20 33 11 23 659
internal_value=0.000106731 -0.00143461 0.00157227 0.00297233
internal_weight=156.32 151.709 144.368 141.91
internal_count=746 726 693 682
is_linear=0
shrinkage=0.08


end of trees

feature_importances:
Column_41=55
Column_24=38
Column_8=25
Column_26=18
Column_27=17
Column_16=16
Column_14=15
Column_1=14
Column_12=14
Column_21=13
Column_29=13
Column_3=12
Column_28=12
Column_10=11
Column_22=10
Column_0=8
Column_2=7
Column_6=7
Column_9=7
Column_30=7
Column_33=7
Column_7=6
Column_31=4
Column_15=2
Column_32=2
Column_20=1
Column_35=1

parameters:
[boosting: gbdt]
[objective: binary]
[metric: binary_logloss]
[tree_learner: serial]
[device_type: cpu]
[data_sample_strategy: bagging]
[data: ]
[valid: ]
[num_iterations: 50]
[learning_rate: 0.08]
[num_leaves: 15]
[num_threads: 1]
[seed: 42]
[deterministic: 0]
[force_col_wise: 0]
[force_row_wise: 0]
[histogram_pool_size: -1]
[max_depth: 4]
[min_data_in_leaf: 20]
[min_sum_hessian_in_leaf: 0.001]
[bagging_fraction: 0.8]
[pos_bagging_fraction: 1]
[neg_bagging_fraction: 1]
[bagging_freq: 0]
[bagging_seed: 400]
[bagging_by_query: 0]
[feature_fraction: 1]
[feature_fraction_bynode: 1]
[feature_fraction_seed: 30056]
[extra_trees: 0]
[extra_seed: 12879]
[early_stopping_round: 0]
[early_stopping_min_delta: 0]
[first_metric_only: 0]
[max_delta_step: 0]
[lambda_l1: 0]
[lambda_l2: 0]
[linear_lambda: 0]
[min_gain_to_split: 0]
[drop_rate: 0.1]
[max_drop: 50]
[skip_drop: 0.5]
[xgboost_dart_mode: 0]
[uniform_drop: 0]
[drop_seed: 17869]
[top_rate: 0.2]
[other_rate: 0.1]
[min_data_per_group: 100]
[max_cat_threshold: 32]
[cat_l2: 10]
[cat_smooth: 10]
[max_cat_to_onehot: 4]
[top_k: 20]
[monotone_constraints: ]
[monotone_constraints_method: basic]
[monotone_penalty: 0]
[feature_contri: ]
[forcedsplits_filename: ]
[refit_decay_rate: 0.9]
[cegb_tradeoff: 1]
[cegb_penalty_split: 0]
[cegb_penalty_feature_lazy: ]
[cegb_penalty_feature_coupled: ]
[path_smooth: 0]
[interaction_constraints: ]
[verbosity: -1]
[saved_feature_importance_type: 0]
[use_quantized_grad: 0]
[num_grad_quant_bins: 4]
[quant_train_renew_leaf: 0]
[stochastic_rounding: 1]
[linear_tree: 0]
[max_bin: 255]
[max_bin_by_feature: ]
[min_data_in_bin: 3]
[bin_construct_sample_cnt: 200000]
[data_random_seed: 175]
[is_enable_sparse: 1]
[enable_bundle: 1]
[use_missing: 1]
[zero_as_missing: 0]
[feature_pre_filter: 1]
[pre_partition: 0]
[two_round: 0]
[header: 0]
[label_column: ]
[weight_column: ]
[group_column: ]
[ignore_column: ]
[categorical_feature: ]
[forcedbins_filename: ]
[precise_float_parser: 0]
[parser_config_file: ]
[objective_seed: 16083]
[num_class: 1]
[is_unbalance: 0]
[scale_pos_weight: 1]
[sigmoid: 1]
[boost_from_average: 1]
[reg_sqrt: 0]
[alpha: 0.9]
[fair_c: 1]
[poisson_max_delta_step: 0.7]
[tweedie_variance_power: 1.5]
[lambdarank_truncation_level: 30]
[lambdarank_norm: 1]
[label_gain: ]
[lambdarank_position_bias_regularization: 0]
[eval_at: ]
[multi_error_top_k: 1]
[auc_mu_weights: ]
[num_machines: 1]
[local_listen_port: 12400]
[time_out: 120]
[machine_list_filename: ]
[machines: ]
[gpu_platform_id: -1]
[gpu_device_id: -1]
[gpu_use_dp: 0]
[num_gpu: 1]

end of parameters

pandas_categorical:null
